0 2 2 5 1 1 3 3 3 3 3 3 3 3 3 3 3 3 3 3 3 3
2 0 2 5 3 3 3 3 3 3 3 3 3 1 1 1 1 1 1 1 1 1
2 2 0 5 3 3 3 3 3 3 3 3 3 3 3 3 3 3 3 3 3 3
5 5 5 0 6 6 6 6 6 6 6 6 6 6 6 6 6 6 6 6 6 6
1 3 3 6 0 2 4 4 4 4 4 4 4 4 4 4 4 4 4 4 4 4
1 3 3 6 2 0 4 4 4 4 4 4 4 4 4 4 4 4 4 4 4 4
3 3 3 6 4 4 0 2 2 2 2 2 2 4 4 4 4 4 4 4 4 4
3 3 3 6 4 4 2 0 2 2 2 2 2 4 4 4 4 4 4 4 4 4
3 3 3 6 4 4 2 2 0 2 2 2 2 4 4 4 4 4 4 4 4 4
3 3 3 6 4 4 2 2 2 0 2 2 2 4 4 4 4 4 4 4 4 4
3 3 3 6 4 4 2 2 2 2 0 2 2 4 4 4 4 4 4 4 4 4
3 3 3 6 4 4 2 2 2 2 2 0 2 4 4 4 4 4 4 4 4 4
3 3 3 6 4 4 2 2 2 2 2 2 0 4 4 4 4 4 4 4 4 4
3 1 3 6 4 4 4 4 4 4 4 4 4 0 2 2 2 2 2 2 2 2
3 1 3 6 4 4 4 4 4 4 4 4 4 2 0 2 2 2 2 2 2 2
3 1 3 6 4 4 4 4 4 4 4 4 4 2 2 0 2 2 2 2 2 2
3 1 3 6 4 4 4 4 4 4 4 4 4 2 2 2 0 2 2 2 2 2
3 1 3 6 4 4 4 4 4 4 4 4 4 2 2 2 2 0 2 2 2 2
3 1 3 6 4 4 4 4 4 4 4 4 4 2 2 2 2 2 0 2 2 2
3 1 3 6 4 4 4 4 4 4 4 4 4 2 2 2 2 2 2 0 2 2
3 1 3 6 4 4 4 4 4 4 4 4 4 2 2 2 2 2 2 2 0 2
3 1 3 6 4 4 4 4 4 4 4 4 4 2 2 2 2 2 2 2 2 0
