0 10 8 8 8 8 8 8 8 8 8 5 5 5 11 11 11 11 11 11 11 9 9 9 9 9 9 6 6 6 6 6 9 9 9 9 9 6 6 6 6 6 6 6 6 6 6 9 9 9 9 -1 -1 -1 -1 -1 -1 -1 -1 -1 -1
10 0 10 10 10 10 10 4 4 10 4 6 6 6 1 1 1 1 1 1 1 5 5 5 5 5 5 7 7 7 7 7 11 5 5 5 5 7 7 7 7 7 7 7 7 7 7 5 5 5 5 -1 -1 -1 -1 -1 -1 -1 -1 -1 -1
8 10 0 6 6 6 6 6 6 4 4 11 11 11 11 11 11 11 11 11 11 5 5 5 5 5 5 5 5 5 5 5 7 5 5 5 5 12 12 12 12 12 12 12 12 12 12 7 7 7 7 -1 -1 -1 -1 -1 -1 -1 -1 -1 -1
8 10 6 0 2 2 2 4 4 6 6 8 8 8 11 11 11 11 11 11 11 7 7 7 7 7 7 7 7 7 7 7 3 7 7 7 7 9 9 9 9 9 9 9 9 9 9 5 5 5 5 -1 -1 -1 -1 -1 -1 -1 -1 -1 -1
8 10 6 2 0 2 2 4 4 6 6 8 8 8 11 11 11 11 11 11 11 7 7 7 7 7 7 7 7 7 7 7 3 7 7 7 7 9 9 9 9 9 9 9 9 9 9 5 5 5 5 -1 -1 -1 -1 -1 -1 -1 -1 -1 -1
8 10 6 2 2 0 2 4 4 6 6 8 8 8 11 11 11 11 11 11 11 7 7 7 7 7 7 7 7 7 7 7 3 7 7 7 7 9 9 9 9 9 9 9 9 9 9 5 5 5 5 -1 -1 -1 -1 -1 -1 -1 -1 -1 -1
8 10 6 2 2 2 0 4 4 6 6 8 8 8 11 11 11 11 11 11 11 7 7 7 7 7 7 7 7 7 7 7 1 7 7 7 7 9 9 9 9 9 9 9 9 9 9 5 5 5 5 -1 -1 -1 -1 -1 -1 -1 -1 -1 -1
8 4 6 4 4 4 4 0 2 6 4 8 8 8 5 5 5 5 5 5 5 5 5 5 5 5 5 7 7 7 7 7 5 5 5 5 5 9 9 9 9 9 9 9 9 9 9 3 3 3 3 -1 -1 -1 -1 -1 -1 -1 -1 -1 -1
8 4 6 4 4 4 4 2 0 6 4 8 8 8 5 5 5 5 5 5 5 5 5 5 5 5 5 7 7 7 7 7 5 5 5 5 5 9 9 9 9 9 9 9 9 9 9 3 3 3 3 -1 -1 -1 -1 -1 -1 -1 -1 -1 -1
8 10 4 6 6 6 6 6 6 0 4 11 11 11 11 11 11 11 11 11 11 5 5 5 5 5 5 3 3 3 3 3 7 5 5 5 5 12 12 12 12 12 12 12 12 12 12 7 7 7 7 -1 -1 -1 -1 -1 -1 -1 -1 -1 -1
8 4 4 6 6 6 6 4 4 4 0 8 8 8 5 5 5 5 5 5 5 3 3 3 3 3 3 5 5 5 5 5 7 3 3 3 3 9 9 9 9 9 9 9 9 9 9 5 5 5 5 -1 -1 -1 -1 -1 -1 -1 -1 -1 -1
5 6 11 8 8 8 8 8 8 11 8 0 2 2 7 7 7 7 7 7 7 9 9 9 9 9 9 3 3 3 3 3 9 5 5 5 5 3 3 3 3 3 3 3 3 3 3 9 9 9 9 -1 -1 -1 -1 -1 -1 -1 -1 -1 -1
5 6 11 8 8 8 8 8 8 11 8 2 0 2 7 7 7 7 7 7 7 9 9 9 9 9 9 3 3 3 3 3 9 5 5 5 5 3 3 3 3 3 3 3 3 3 3 9 9 9 9 -1 -1 -1 -1 -1 -1 -1 -1 -1 -1
5 6 11 8 8 8 8 8 8 11 8 2 2 0 7 7 7 7 7 7 7 9 9 9 9 9 9 3 3 3 3 3 9 5 5 5 5 3 3 3 3 3 3 3 3 3 3 9 9 9 9 -1 -1 -1 -1 -1 -1 -1 -1 -1 -1
11 1 11 11 11 11 11 5 5 11 5 7 7 7 0 2 2 2 2 2 2 6 6 6 6 6 6 8 8 8 8 8 12 6 6 6 6 8 8 8 8 8 8 8 8 8 8 6 6 6 6 -1 -1 -1 -1 -1 -1 -1 -1 -1 -1
11 1 11 11 11 11 11 5 5 11 5 7 7 7 2 0 2 2 2 2 2 6 6 6 6 6 6 8 8 8 8 8 12 6 6 6 6 8 8 8 8 8 8 8 8 8 8 6 6 6 6 -1 -1 -1 -1 -1 -1 -1 -1 -1 -1
11 1 11 11 11 11 11 5 5 11 5 7 7 7 2 2 0 2 2 2 2 6 6 6 6 6 6 8 8 8 8 8 12 6 6 6 6 8 8 8 8 8 8 8 8 8 8 6 6 6 6 -1 -1 -1 -1 -1 -1 -1 -1 -1 -1
11 1 11 11 11 11 11 5 5 11 5 7 7 7 2 2 2 0 2 2 2 6 6 6 6 6 6 8 8 8 8 8 12 6 6 6 6 8 8 8 8 8 8 8 8 8 8 6 6 6 6 -1 -1 -1 -1 -1 -1 -1 -1 -1 -1
11 1 11 11 11 11 11 5 5 11 5 7 7 7 2 2 2 2 0 2 2 6 6 6 6 6 6 8 8 8 8 8 12 6 6 6 6 8 8 8 8 8 8 8 8 8 8 6 6 6 6 -1 -1 -1 -1 -1 -1 -1 -1 -1 -1
11 1 11 11 11 11 11 5 5 11 5 7 7 7 2 2 2 2 2 0 2 6 6 6 6 6 6 8 8 8 8 8 12 6 6 6 6 8 8 8 8 8 8 8 8 8 8 6 6 6 6 -1 -1 -1 -1 -1 -1 -1 -1 -1 -1
11 1 11 11 11 11 11 5 5 11 5 7 7 7 2 2 2 2 2 2 0 6 6 6 6 6 6 8 8 8 8 8 12 6 6 6 6 8 8 8 8 8 8 8 8 8 8 6 6 6 6 -1 -1 -1 -1 -1 -1 -1 -1 -1 -1
9 5 5 7 7 7 7 5 5 5 3 9 9 9 6 6 6 6 6 6 6 0 2 2 2 2 2 6 6 6 6 6 8 2 2 2 2 10 10 10 10 10 10 10 10 10 10 6 6 6 6 -1 -1 -1 -1 -1 -1 -1 -1 -1 -1
9 5 5 7 7 7 7 5 5 5 3 9 9 9 6 6 6 6 6 6 6 2 0 2 2 2 2 6 6 6 6 6 8 2 2 2 2 10 10 10 10 10 10 10 10 10 10 6 6 6 6 -1 -1 -1 -1 -1 -1 -1 -1 -1 -1
9 5 5 7 7 7 7 5 5 5 3 9 9 9 6 6 6 6 6 6 6 2 2 0 2 2 2 6 6 6 6 6 8 2 2 2 2 10 10 10 10 10 10 10 10 10 10 6 6 6 6 -1 -1 -1 -1 -1 -1 -1 -1 -1 -1
9 5 5 7 7 7 7 5 5 5 3 9 9 9 6 6 6 6 6 6 6 2 2 2 0 2 2 6 6 6 6 6 8 2 2 2 2 10 10 10 10 10 10 10 10 10 10 6 6 6 6 -1 -1 -1 -1 -1 -1 -1 -1 -1 -1
9 5 5 7 7 7 7 5 5 5 3 9 9 9 6 6 6 6 6 6 6 2 2 2 2 0 2 6 6 6 6 6 8 2 2 2 2 10 10 10 10 10 10 10 10 10 10 6 6 6 6 -1 -1 -1 -1 -1 -1 -1 -1 -1 -1
9 5 5 7 7 7 7 5 5 5 3 9 9 9 6 6 6 6 6 6 6 2 2 2 2 2 0 6 6 6 6 6 8 2 2 2 2 10 10 10 10 10 10 10 10 10 10 6 6 6 6 -1 -1 -1 -1 -1 -1 -1 -1 -1 -1
6 7 5 7 7 7 7 7 7 3 5 3 3 3 8 8 8 8 8 8 8 6 6 6 6 6 6 0 2 2 2 2 8 6 6 6 6 2 2 2 2 2 2 2 2 2 2 8 8 8 8 -1 -1 -1 -1 -1 -1 -1 -1 -1 -1
6 7 5 7 7 7 7 7 7 3 5 3 3 3 8 8 8 8 8 8 8 6 6 6 6 6 6 2 0 2 2 2 8 6 6 6 6 2 2 2 2 2 2 2 2 2 2 8 8 8 8 -1 -1 -1 -1 -1 -1 -1 -1 -1 -1
6 7 5 7 7 7 7 7 7 3 5 3 3 3 8 8 8 8 8 8 8 6 6 6 6 6 6 2 2 0 2 2 8 6 6 6 6 2 2 2 2 2 2 2 2 2 2 8 8 8 8 -1 -1 -1 -1 -1 -1 -1 -1 -1 -1
6 7 5 7 7 7 7 7 7 3 5 3 3 3 8 8 8 8 8 8 8 6 6 6 6 6 6 2 2 2 0 2 8 6 6 6 6 2 2 2 2 2 2 2 2 2 2 8 8 8 8 -1 -1 -1 -1 -1 -1 -1 -1 -1 -1
6 7 5 7 7 7 7 7 7 3 5 3 3 3 8 8 8 8 8 8 8 6 6 6 6 6 6 2 2 2 2 0 8 6 6 6 6 2 2 2 2 2 2 2 2 2 2 8 8 8 8 -1 -1 -1 -1 -1 -1 -1 -1 -1 -1
9 11 7 3 3 3 1 5 5 7 7 9 9 9 12 12 12 12 12 12 12 8 8 8 8 8 8 8 8 8 8 8 0 8 8 8 8 10 10 10 10 10 10 10 10 10 10 6 6 6 6 -1 -1 -1 -1 -1 -1 -1 -1 -1 -1
9 5 5 7 7 7 7 5 5 5 3 5 5 5 6 6 6 6 6 6 6 2 2 2 2 2 2 6 6 6 6 6 8 0 2 2 2 6 6 6 6 6 6 6 6 6 6 6 6 6 6 -1 -1 -1 -1 -1 -1 -1 -1 -1 -1
9 5 5 7 7 7 7 5 5 5 3 5 5 5 6 6 6 6 6 6 6 2 2 2 2 2 2 6 6 6 6 6 8 2 0 2 2 6 6 6 6 6 6 6 6 6 6 6 6 6 6 -1 -1 -1 -1 -1 -1 -1 -1 -1 -1
9 5 5 7 7 7 7 5 5 5 3 5 5 5 6 6 6 6 6 6 6 2 2 2 2 2 2 6 6 6 6 6 8 2 2 0 2 6 6 6 6 6 6 6 6 6 6 6 6 6 6 -1 -1 -1 -1 -1 -1 -1 -1 -1 -1
9 5 5 7 7 7 7 5 5 5 3 5 5 5 6 6 6 6 6 6 6 2 2 2 2 2 2 6 6 6 6 6 8 2 2 2 0 6 6 6 6 6 6 6 6 6 6 6 6 6 6 -1 -1 -1 -1 -1 -1 -1 -1 -1 -1
6 7 12 9 9 9 9 9 9 12 9 3 3 3 8 8 8 8 8 8 8 10 10 10 10 10 10 2 2 2 2 2 10 6 6 6 6 0 2 2 2 2 2 2 2 2 2 10 10 10 10 -1 -1 -1 -1 -1 -1 -1 -1 -1 -1
6 7 12 9 9 9 9 9 9 12 9 3 3 3 8 8 8 8 8 8 8 10 10 10 10 10 10 2 2 2 2 2 10 6 6 6 6 2 0 2 2 2 2 2 2 2 2 10 10 10 10 -1 -1 -1 -1 -1 -1 -1 -1 -1 -1
6 7 12 9 9 9 9 9 9 12 9 3 3 3 8 8 8 8 8 8 8 10 10 10 10 10 10 2 2 2 2 2 10 6 6 6 6 2 2 0 2 2 2 2 2 2 2 10 10 10 10 -1 -1 -1 -1 -1 -1 -1 -1 -1 -1
6 7 12 9 9 9 9 9 9 12 9 3 3 3 8 8 8 8 8 8 8 10 10 10 10 10 10 2 2 2 2 2 10 6 6 6 6 2 2 2 0 2 2 2 2 2 2 10 10 10 10 -1 -1 -1 -1 -1 -1 -1 -1 -1 -1
6 7 12 9 9 9 9 9 9 12 9 3 3 3 8 8 8 8 8 8 8 10 10 10 10 10 10 2 2 2 2 2 10 6 6 6 6 2 2 2 2 0 2 2 2 2 2 10 10 10 10 -1 -1 -1 -1 -1 -1 -1 -1 -1 -1
6 7 12 9 9 9 9 9 9 12 9 3 3 3 8 8 8 8 8 8 8 10 10 10 10 10 10 2 2 2 2 2 10 6 6 6 6 2 2 2 2 2 0 2 2 2 2 10 10 10 10 -1 -1 -1 -1 -1 -1 -1 -1 -1 -1
6 7 12 9 9 9 9 9 9 12 9 3 3 3 8 8 8 8 8 8 8 10 10 10 10 10 10 2 2 2 2 2 10 6 6 6 6 2 2 2 2 2 2 0 2 2 2 10 10 10 10 -1 -1 -1 -1 -1 -1 -1 -1 -1 -1
6 7 12 9 9 9 9 9 9 12 9 3 3 3 8 8 8 8 8 8 8 10 10 10 10 10 10 2 2 2 2 2 10 6 6 6 6 2 2 2 2 2 2 2 0 2 2 10 10 10 10 -1 -1 -1 -1 -1 -1 -1 -1 -1 -1
6 7 12 9 9 9 9 9 9 12 9 3 3 3 8 8 8 8 8 8 8 10 10 10 10 10 10 2 2 2 2 2 10 6 6 6 6 2 2 2 2 2 2 2 2 0 2 10 10 10 10 -1 -1 -1 -1 -1 -1 -1 -1 -1 -1
6 7 12 9 9 9 9 9 9 12 9 3 3 3 8 8 8 8 8 8 8 10 10 10 10 10 10 2 2 2 2 2 10 6 6 6 6 2 2 2 2 2 2 2 2 2 0 10 10 10 10 -1 -1 -1 -1 -1 -1 -1 -1 -1 -1
9 5 7 5 5 5 5 3 3 7 5 9 9 9 6 6 6 6 6 6 6 6 6 6 6 6 6 8 8 8 8 8 6 6 6 6 6 10 10 10 10 10 10 10 10 10 10 0 2 2 2 -1 -1 -1 -1 -1 -1 -1 -1 -1 -1
9 5 7 5 5 5 5 3 3 7 5 9 9 9 6 6 6 6 6 6 6 6 6 6 6 6 6 8 8 8 8 8 6 6 6 6 6 10 10 10 10 10 10 10 10 10 10 2 0 2 2 -1 -1 -1 -1 -1 -1 -1 -1 -1 -1
9 5 7 5 5 5 5 3 3 7 5 9 9 9 6 6 6 6 6 6 6 6 6 6 6 6 6 8 8 8 8 8 6 6 6 6 6 10 10 10 10 10 10 10 10 10 10 2 2 0 2 -1 -1 -1 -1 -1 -1 -1 -1 -1 -1
9 5 7 5 5 5 5 3 3 7 5 9 9 9 6 6 6 6 6 6 6 6 6 6 6 6 6 8 8 8 8 8 6 6 6 6 6 10 10 10 10 10 10 10 10 10 10 2 2 2 0 -1 -1 -1 -1 -1 -1 -1 -1 -1 -1
-1 -1 -1 -1 -1 -1 -1 -1 -1 -1 -1 -1 -1 -1 -1 -1 -1 -1 -1 -1 -1 -1 -1 -1 -1 -1 -1 -1 -1 -1 -1 -1 -1 -1 -1 -1 -1 -1 -1 -1 -1 -1 -1 -1 -1 -1 -1 -1 -1 -1 -1 0 -1 -1 -1 -1 -1 -1 -1 -1 -1
-1 -1 -1 -1 -1 -1 -1 -1 -1 -1 -1 -1 -1 -1 -1 -1 -1 -1 -1 -1 -1 -1 -1 -1 -1 -1 -1 -1 -1 -1 -1 -1 -1 -1 -1 -1 -1 -1 -1 -1 -1 -1 -1 -1 -1 -1 -1 -1 -1 -1 -1 -1 0 -1 -1 -1 -1 -1 -1 -1 -1
-1 -1 -1 -1 -1 -1 -1 -1 -1 -1 -1 -1 -1 -1 -1 -1 -1 -1 -1 -1 -1 -1 -1 -1 -1 -1 -1 -1 -1 -1 -1 -1 -1 -1 -1 -1 -1 -1 -1 -1 -1 -1 -1 -1 -1 -1 -1 -1 -1 -1 -1 -1 -1 0 -1 -1 -1 -1 -1 -1 -1
-1 -1 -1 -1 -1 -1 -1 -1 -1 -1 -1 -1 -1 -1 -1 -1 -1 -1 -1 -1 -1 -1 -1 -1 -1 -1 -1 -1 -1 -1 -1 -1 -1 -1 -1 -1 -1 -1 -1 -1 -1 -1 -1 -1 -1 -1 -1 -1 -1 -1 -1 -1 -1 -1 0 -1 -1 -1 -1 -1 -1
-1 -1 -1 -1 -1 -1 -1 -1 -1 -1 -1 -1 -1 -1 -1 -1 -1 -1 -1 -1 -1 -1 -1 -1 -1 -1 -1 -1 -1 -1 -1 -1 -1 -1 -1 -1 -1 -1 -1 -1 -1 -1 -1 -1 -1 -1 -1 -1 -1 -1 -1 -1 -1 -1 -1 0 -1 -1 -1 -1 -1
-1 -1 -1 -1 -1 -1 -1 -1 -1 -1 -1 -1 -1 -1 -1 -1 -1 -1 -1 -1 -1 -1 -1 -1 -1 -1 -1 -1 -1 -1 -1 -1 -1 -1 -1 -1 -1 -1 -1 -1 -1 -1 -1 -1 -1 -1 -1 -1 -1 -1 -1 -1 -1 -1 -1 -1 0 -1 -1 -1 -1
-1 -1 -1 -1 -1 -1 -1 -1 -1 -1 -1 -1 -1 -1 -1 -1 -1 -1 -1 -1 -1 -1 -1 -1 -1 -1 -1 -1 -1 -1 -1 -1 -1 -1 -1 -1 -1 -1 -1 -1 -1 -1 -1 -1 -1 -1 -1 -1 -1 -1 -1 -1 -1 -1 -1 -1 -1 0 -1 -1 -1
-1 -1 -1 -1 -1 -1 -1 -1 -1 -1 -1 -1 -1 -1 -1 -1 -1 -1 -1 -1 -1 -1 -1 -1 -1 -1 -1 -1 -1 -1 -1 -1 -1 -1 -1 -1 -1 -1 -1 -1 -1 -1 -1 -1 -1 -1 -1 -1 -1 -1 -1 -1 -1 -1 -1 -1 -1 -1 0 -1 -1
-1 -1 -1 -1 -1 -1 -1 -1 -1 -1 -1 -1 -1 -1 -1 -1 -1 -1 -1 -1 -1 -1 -1 -1 -1 -1 -1 -1 -1 -1 -1 -1 -1 -1 -1 -1 -1 -1 -1 -1 -1 -1 -1 -1 -1 -1 -1 -1 -1 -1 -1 -1 -1 -1 -1 -1 -1 -1 -1 0 -1
-1 -1 -1 -1 -1 -1 -1 -1 -1 -1 -1 -1 -1 -1 -1 -1 -1 -1 -1 -1 -1 -1 -1 -1 -1 -1 -1 -1 -1 -1 -1 -1 -1 -1 -1 -1 -1 -1 -1 -1 -1 -1 -1 -1 -1 -1 -1 -1 -1 -1 -1 -1 -1 -1 -1 -1 -1 -1 -1 -1 0
