0 8 10 5 10 3 3 6 6 7 7 7 8 5 5 5 5 6 6 6 6 6 6 6 6 7 7 7 7 7 7 7 7 7 7 7 7 7 7 7 6 6 6 6 6 6 6 6 6 6 6 6 6 6 6 10 3 7 7 7 7 7
8 0 6 7 6 7 7 8 8 7 7 7 4 7 7 7 7 8 8 8 8 8 8 8 8 9 9 9 9 9 9 9 9 9 9 7 7 7 7 7 8 8 8 8 8 8 8 8 7 7 7 7 7 7 7 7 9 4 4 4 4 7
10 6 0 11 6 11 11 7 7 11 11 11 6 11 11 11 11 12 12 12 12 12 12 8 8 8 8 8 8 8 8 8 8 8 8 3 3 3 3 3 7 7 7 7 7 7 7 7 7 7 7 7 7 7 7 3 11 6 6 6 6 1
5 7 11 0 7 6 6 7 7 4 4 4 7 4 4 6 6 5 5 5 5 5 5 7 7 8 8 8 8 8 8 8 8 8 8 8 8 8 8 8 7 7 7 7 7 7 7 7 7 7 7 7 7 7 7 10 6 7 7 7 7 4
10 6 6 7 0 11 11 7 7 7 7 7 6 11 11 11 11 12 12 12 12 12 12 8 8 8 8 8 8 8 8 8 8 8 8 6 6 6 6 6 7 7 7 7 7 7 7 7 5 5 5 5 5 5 5 7 11 6 6 6 6 7
3 7 11 6 11 0 2 7 7 6 6 6 7 6 6 4 4 7 7 7 7 7 7 5 5 8 8 8 8 8 8 8 8 8 8 6 6 6 6 6 7 7 7 7 7 7 7 7 5 5 5 5 5 5 5 11 4 7 7 7 7 6
3 7 11 6 11 2 0 7 7 6 6 6 7 6 6 4 4 7 7 7 7 7 7 5 5 8 8 8 8 8 8 8 8 8 8 6 6 6 6 6 7 7 7 7 7 7 7 7 5 5 5 5 5 5 5 11 4 7 7 7 7 6
6 8 7 7 7 7 7 0 2 7 7 7 8 7 7 7 7 8 8 8 8 8 8 3 3 3 3 3 3 3 3 3 3 3 3 5 5 5 5 5 4 4 4 4 4 4 4 4 8 8 8 8 8 8 8 4 7 3 3 3 3 7
6 8 7 7 7 7 7 2 0 7 7 7 8 7 7 7 7 8 8 8 8 8 8 3 3 3 3 3 3 3 3 3 3 3 3 5 5 5 5 5 4 4 4 4 4 4 4 4 8 8 8 8 8 8 8 4 7 3 3 3 3 7
7 7 11 4 7 6 6 7 7 0 2 2 7 6 6 6 6 7 7 7 7 7 7 7 7 8 8 8 8 8 8 8 8 8 8 8 8 8 8 8 7 7 7 7 7 7 7 7 7 7 7 7 7 7 7 10 8 7 7 7 7 4
7 7 11 4 7 6 6 7 7 2 0 2 7 6 6 6 6 7 7 7 7 7 7 7 7 8 8 8 8 8 8 8 8 8 8 8 8 8 8 8 7 7 7 7 7 7 7 7 7 7 7 7 7 7 7 10 8 7 7 7 7 4
7 7 11 4 7 6 6 7 7 2 2 0 7 6 6 6 6 7 7 7 7 7 7 7 7 8 8 8 8 8 8 8 8 8 8 8 8 8 8 8 7 7 7 7 7 7 7 7 7 7 7 7 7 7 7 10 8 7 7 7 7 4
8 4 6 7 6 7 7 8 8 7 7 7 0 7 7 7 7 8 8 8 8 8 8 8 8 9 9 9 9 9 9 9 9 9 9 7 7 7 7 7 8 8 8 8 8 8 8 8 7 7 7 7 7 7 7 7 9 4 4 4 4 7
5 7 11 4 11 6 6 7 7 6 6 6 7 0 2 6 6 1 1 1 1 1 1 7 7 8 8 8 8 8 8 8 8 8 8 8 8 8 8 8 7 7 7 7 7 7 7 7 7 7 7 7 7 7 7 11 6 7 7 7 7 6
5 7 11 4 11 6 6 7 7 6 6 6 7 2 0 6 6 3 3 3 3 3 3 7 7 8 8 8 8 8 8 8 8 8 8 8 8 8 8 8 7 7 7 7 7 7 7 7 7 7 7 7 7 7 7 11 6 7 7 7 7 6
5 7 11 6 11 4 4 7 7 6 6 6 7 6 6 0 2 7 7 7 7 7 7 1 1 8 8 8 8 8 8 8 8 8 8 6 6 6 6 6 7 7 7 7 7 7 7 7 5 5 5 5 5 5 5 11 6 7 7 7 7 6
5 7 11 6 11 4 4 7 7 6 6 6 7 6 6 2 0 7 7 7 7 7 7 3 3 8 8 8 8 8 8 8 8 8 8 6 6 6 6 6 7 7 7 7 7 7 7 7 5 5 5 5 5 5 5 11 6 7 7 7 7 6
6 8 12 5 12 7 7 8 8 7 7 7 8 1 3 7 7 0 2 2 2 2 2 8 8 9 9 9 9 9 9 9 9 9 9 9 9 9 9 9 8 8 8 8 8 8 8 8 8 8 8 8 8 8 8 12 7 8 8 8 8 7
6 8 12 5 12 7 7 8 8 7 7 7 8 1 3 7 7 2 0 2 2 2 2 8 8 9 9 9 9 9 9 9 9 9 9 9 9 9 9 9 8 8 8 8 8 8 8 8 8 8 8 8 8 8 8 12 7 8 8 8 8 7
6 8 12 5 12 7 7 8 8 7 7 7 8 1 3 7 7 2 2 0 2 2 2 8 8 9 9 9 9 9 9 9 9 9 9 9 9 9 9 9 8 8 8 8 8 8 8 8 8 8 8 8 8 8 8 12 7 8 8 8 8 7
6 8 12 5 12 7 7 8 8 7 7 7 8 1 3 7 7 2 2 2 0 2 2 8 8 9 9 9 9 9 9 9 9 9 9 9 9 9 9 9 8 8 8 8 8 8 8 8 8 8 8 8 8 8 8 12 7 8 8 8 8 7
6 8 12 5 12 7 7 8 8 7 7 7 8 1 3 7 7 2 2 2 2 0 2 8 8 9 9 9 9 9 9 9 9 9 9 9 9 9 9 9 8 8 8 8 8 8 8 8 8 8 8 8 8 8 8 12 7 8 8 8 8 7
6 8 12 5 12 7 7 8 8 7 7 7 8 1 3 7 7 2 2 2 2 2 0 8 8 9 9 9 9 9 9 9 9 9 9 9 9 9 9 9 8 8 8 8 8 8 8 8 8 8 8 8 8 8 8 12 7 8 8 8 8 7
6 8 8 7 8 5 5 3 3 7 7 7 8 7 7 1 3 8 8 8 8 8 8 0 2 4 4 4 4 4 4 4 4 4 4 6 6 6 6 6 5 5 5 5 5 5 5 5 6 6 6 6 6 6 6 5 7 4 4 4 4 7
6 8 8 7 8 5 5 3 3 7 7 7 8 7 7 1 3 8 8 8 8 8 8 2 0 4 4 4 4 4 4 4 4 4 4 6 6 6 6 6 5 5 5 5 5 5 5 5 6 6 6 6 6 6 6 5 7 4 4 4 4 7
7 9 8 8 8 8 8 3 3 8 8 8 9 8 8 8 8 9 9 9 9 9 9 4 4 0 2 2 2 2 2 2 2 2 2 6 6 6 6 6 5 5 5 5 5 5 5 5 9 9 9 9 9 9 9 5 8 4 4 4 4 8
7 9 8 8 8 8 8 3 3 8 8 8 9 8 8 8 8 9 9 9 9 9 9 4 4 2 0 2 2 2 2 2 2 2 2 6 6 6 6 6 5 5 5 5 5 5 5 5 9 9 9 9 9 9 9 5 8 4 4 4 4 8
7 9 8 8 8 8 8 3 3 8 8 8 9 8 8 8 8 9 9 9 9 9 9 4 4 2 2 0 2 2 2 2 2 2 2 6 6 6 6 6 5 5 5 5 5 5 5 5 9 9 9 9 9 9 9 5 8 4 4 4 4 8
7 9 8 8 8 8 8 3 3 8 8 8 9 8 8 8 8 9 9 9 9 9 9 4 4 2 2 2 0 2 2 2 2 2 2 6 6 6 6 6 5 5 5 5 5 5 5 5 9 9 9 9 9 9 9 5 8 4 4 4 4 8
7 9 8 8 8 8 8 3 3 8 8 8 9 8 8 8 8 9 9 9 9 9 9 4 4 2 2 2 2 0 2 2 2 2 2 6 6 6 6 6 5 5 5 5 5 5 5 5 9 9 9 9 9 9 9 5 8 4 4 4 4 8
7 9 8 8 8 8 8 3 3 8 8 8 9 8 8 8 8 9 9 9 9 9 9 4 4 2 2 2 2 2 0 2 2 2 2 6 6 6 6 6 5 5 5 5 5 5 5 5 9 9 9 9 9 9 9 5 8 4 4 4 4 8
7 9 8 8 8 8 8 3 3 8 8 8 9 8 8 8 8 9 9 9 9 9 9 4 4 2 2 2 2 2 2 0 2 2 2 6 6 6 6 6 5 5 5 5 5 5 5 5 9 9 9 9 9 9 9 5 8 4 4 4 4 8
7 9 8 8 8 8 8 3 3 8 8 8 9 8 8 8 8 9 9 9 9 9 9 4 4 2 2 2 2 2 2 2 0 2 2 6 6 6 6 6 5 5 5 5 5 5 5 5 9 9 9 9 9 9 9 5 8 4 4 4 4 8
7 9 8 8 8 8 8 3 3 8 8 8 9 8 8 8 8 9 9 9 9 9 9 4 4 2 2 2 2 2 2 2 2 0 2 6 6 6 6 6 5 5 5 5 5 5 5 5 9 9 9 9 9 9 9 5 8 4 4 4 4 8
7 9 8 8 8 8 8 3 3 8 8 8 9 8 8 8 8 9 9 9 9 9 9 4 4 2 2 2 2 2 2 2 2 2 0 6 6 6 6 6 5 5 5 5 5 5 5 5 9 9 9 9 9 9 9 5 8 4 4 4 4 8
7 7 3 8 6 6 6 5 5 8 8 8 7 8 8 6 6 9 9 9 9 9 9 6 6 6 6 6 6 6 6 6 6 6 6 0 2 2 2 2 8 8 8 8 8 8 8 8 3 3 3 3 3 3 3 4 8 6 6 6 6 4
7 7 3 8 6 6 6 5 5 8 8 8 7 8 8 6 6 9 9 9 9 9 9 6 6 6 6 6 6 6 6 6 6 6 6 2 0 2 2 2 8 8 8 8 8 8 8 8 3 3 3 3 3 3 3 4 8 6 6 6 6 4
7 7 3 8 6 6 6 5 5 8 8 8 7 8 8 6 6 9 9 9 9 9 9 6 6 6 6 6 6 6 6 6 6 6 6 2 2 0 2 2 8 8 8 8 8 8 8 8 3 3 3 3 3 3 3 4 8 6 6 6 6 4
7 7 3 8 6 6 6 5 5 8 8 8 7 8 8 6 6 9 9 9 9 9 9 6 6 6 6 6 6 6 6 6 6 6 6 2 2 2 0 2 8 8 8 8 8 8 8 8 3 3 3 3 3 3 3 4 8 6 6 6 6 4
7 7 3 8 6 6 6 5 5 8 8 8 7 8 8 6 6 9 9 9 9 9 9 6 6 6 6 6 6 6 6 6 6 6 6 2 2 2 2 0 8 8 8 8 8 8 8 8 3 3 3 3 3 3 3 4 8 6 6 6 6 4
6 8 7 7 7 7 7 4 4 7 7 7 8 7 7 7 7 8 8 8 8 8 8 5 5 5 5 5 5 5 5 5 5 5 5 8 8 8 8 8 0 2 2 2 2 2 2 2 8 8 8 8 8 8 8 8 7 5 5 5 5 7
6 8 7 7 7 7 7 4 4 7 7 7 8 7 7 7 7 8 8 8 8 8 8 5 5 5 5 5 5 5 5 5 5 5 5 8 8 8 8 8 2 0 2 2 2 2 2 2 8 8 8 8 8 8 8 8 7 5 5 5 5 7
6 8 7 7 7 7 7 4 4 7 7 7 8 7 7 7 7 8 8 8 8 8 8 5 5 5 5 5 5 5 5 5 5 5 5 8 8 8 8 8 2 2 0 2 2 2 2 2 8 8 8 8 8 8 8 8 7 5 5 5 5 7
6 8 7 7 7 7 7 4 4 7 7 7 8 7 7 7 7 8 8 8 8 8 8 5 5 5 5 5 5 5 5 5 5 5 5 8 8 8 8 8 2 2 2 0 2 2 2 2 8 8 8 8 8 8 8 8 7 5 5 5 5 7
6 8 7 7 7 7 7 4 4 7 7 7 8 7 7 7 7 8 8 8 8 8 8 5 5 5 5 5 5 5 5 5 5 5 5 8 8 8 8 8 2 2 2 2 0 2 2 2 8 8 8 8 8 8 8 8 7 5 5 5 5 7
6 8 7 7 7 7 7 4 4 7 7 7 8 7 7 7 7 8 8 8 8 8 8 5 5 5 5 5 5 5 5 5 5 5 5 8 8 8 8 8 2 2 2 2 2 0 2 2 8 8 8 8 8 8 8 8 7 5 5 5 5 7
6 8 7 7 7 7 7 4 4 7 7 7 8 7 7 7 7 8 8 8 8 8 8 5 5 5 5 5 5 5 5 5 5 5 5 8 8 8 8 8 2 2 2 2 2 2 0 2 8 8 8 8 8 8 8 8 7 5 5 5 5 7
6 8 7 7 7 7 7 4 4 7 7 7 8 7 7 7 7 8 8 8 8 8 8 5 5 5 5 5 5 5 5 5 5 5 5 8 8 8 8 8 2 2 2 2 2 2 2 0 8 8 8 8 8 8 8 8 7 5 5 5 5 7
6 7 7 7 5 5 5 8 8 7 7 7 7 7 7 5 5 8 8 8 8 8 8 6 6 9 9 9 9 9 9 9 9 9 9 3 3 3 3 3 8 8 8 8 8 8 8 8 0 2 2 2 2 2 2 8 7 7 7 7 7 7
6 7 7 7 5 5 5 8 8 7 7 7 7 7 7 5 5 8 8 8 8 8 8 6 6 9 9 9 9 9 9 9 9 9 9 3 3 3 3 3 8 8 8 8 8 8 8 8 2 0 2 2 2 2 2 8 7 7 7 7 7 7
6 7 7 7 5 5 5 8 8 7 7 7 7 7 7 5 5 8 8 8 8 8 8 6 6 9 9 9 9 9 9 9 9 9 9 3 3 3 3 3 8 8 8 8 8 8 8 8 2 2 0 2 2 2 2 8 7 7 7 7 7 7
6 7 7 7 5 5 5 8 8 7 7 7 7 7 7 5 5 8 8 8 8 8 8 6 6 9 9 9 9 9 9 9 9 9 9 3 3 3 3 3 8 8 8 8 8 8 8 8 2 2 2 0 2 2 2 8 7 7 7 7 7 7
6 7 7 7 5 5 5 8 8 7 7 7 7 7 7 5 5 8 8 8 8 8 8 6 6 9 9 9 9 9 9 9 9 9 9 3 3 3 3 3 8 8 8 8 8 8 8 8 2 2 2 2 0 2 2 8 7 7 7 7 7 7
6 7 7 7 5 5 5 8 8 7 7 7 7 7 7 5 5 8 8 8 8 8 8 6 6 9 9 9 9 9 9 9 9 9 9 3 3 3 3 3 8 8 8 8 8 8 8 8 2 2 2 2 2 0 2 8 7 7 7 7 7 7
6 7 7 7 5 5 5 8 8 7 7 7 7 7 7 5 5 8 8 8 8 8 8 6 6 9 9 9 9 9 9 9 9 9 9 3 3 3 3 3 8 8 8 8 8 8 8 8 2 2 2 2 2 2 0 8 7 7 7 7 7 7
10 7 3 10 7 11 11 4 4 10 10 10 7 11 11 11 11 12 12 12 12 12 12 5 5 5 5 5 5 5 5 5 5 5 5 4 4 4 4 4 8 8 8 8 8 8 8 8 8 8 8 8 8 8 8 0 11 5 5 5 5 4
3 9 11 6 11 4 4 7 7 8 8 8 9 6 6 6 6 7 7 7 7 7 7 7 7 8 8 8 8 8 8 8 8 8 8 8 8 8 8 8 7 7 7 7 7 7 7 7 7 7 7 7 7 7 7 11 0 8 8 8 8 8
7 4 6 7 6 7 7 3 3 7 7 7 4 7 7 7 7 8 8 8 8 8 8 4 4 4 4 4 4 4 4 4 4 4 4 6 6 6 6 6 5 5 5 5 5 5 5 5 7 7 7 7 7 7 7 5 8 0 2 2 2 7
7 4 6 7 6 7 7 3 3 7 7 7 4 7 7 7 7 8 8 8 8 8 8 4 4 4 4 4 4 4 4 4 4 4 4 6 6 6 6 6 5 5 5 5 5 5 5 5 7 7 7 7 7 7 7 5 8 2 0 2 2 7
7 4 6 7 6 7 7 3 3 7 7 7 4 7 7 7 7 8 8 8 8 8 8 4 4 4 4 4 4 4 4 4 4 4 4 6 6 6 6 6 5 5 5 5 5 5 5 5 7 7 7 7 7 7 7 5 8 2 2 0 2 7
7 4 6 7 6 7 7 3 3 7 7 7 4 7 7 7 7 8 8 8 8 8 8 4 4 4 4 4 4 4 4 4 4 4 4 6 6 6 6 6 5 5 5 5 5 5 5 5 7 7 7 7 7 7 7 5 8 2 2 2 0 7
7 7 1 4 7 6 6 7 7 4 4 4 7 6 6 6 6 7 7 7 7 7 7 7 7 8 8 8 8 8 8 8 8 8 8 4 4 4 4 4 7 7 7 7 7 7 7 7 7 7 7 7 7 7 7 4 8 7 7 7 7 0
