0 -1 -1 -1 -1 -1 -1 -1 -1 -1 -1 -1 -1 -1 -1 -1 -1 -1 -1 -1 -1 -1 -1 -1 -1 -1 -1 -1 -1 2 -1 -1 -1 -1 -1
-1 0 5 5 5 5 4 -1 -1 -1 -1 -1 -1 -1 -1 -1 4 -1 -1 -1 -1 -1 -1 -1 -1 -1 -1 -1 -1 -1 5 5 6 6 6
-1 5 0 2 2 2 5 -1 -1 -1 -1 -1 -1 5 5 5 -1 -1 -1 -1 -1 -1 6 6 6 6 6 6 6 -1 6 6 3 3 3
-1 5 2 0 2 2 5 -1 -1 -1 -1 -1 -1 5 5 5 -1 -1 -1 -1 -1 -1 6 6 6 6 6 6 6 -1 6 6 3 3 3
-1 5 2 2 0 2 5 -1 -1 -1 -1 -1 -1 5 5 5 -1 -1 -1 -1 -1 -1 6 6 6 6 6 6 6 -1 6 6 1 1 1
-1 5 2 2 2 0 5 -1 -1 -1 -1 -1 -1 5 5 5 -1 -1 -1 -1 -1 -1 6 6 6 6 6 6 6 -1 6 6 3 3 3
-1 4 5 5 5 5 0 -1 -1 -1 -1 -1 -1 4 4 4 4 -1 -1 -1 -1 -1 5 5 5 5 5 5 5 -1 1 1 6 6 6
-1 -1 -1 -1 -1 -1 -1 0 2 -1 -1 -1 -1 -1 -1 -1 -1 -1 -1 -1 -1 -1 -1 -1 -1 -1 -1 -1 -1 -1 -1 -1 -1 -1 -1
-1 -1 -1 -1 -1 -1 -1 2 0 -1 -1 -1 -1 -1 -1 -1 -1 -1 -1 -1 -1 -1 -1 -1 -1 -1 -1 -1 -1 -1 -1 -1 -1 -1 -1
-1 -1 -1 -1 -1 -1 -1 -1 -1 0 2 5 5 5 5 5 5 3 3 1 1 3 6 6 6 6 6 6 6 3 5 5 5 5 5
-1 -1 -1 -1 -1 -1 -1 -1 -1 2 0 5 5 5 5 5 5 3 3 3 3 3 6 6 6 6 6 6 6 3 5 5 5 5 5
-1 -1 -1 -1 -1 -1 -1 -1 -1 5 5 0 2 4 4 4 4 6 6 6 6 4 5 5 5 5 5 5 5 6 2 2 4 4 4
-1 -1 -1 -1 -1 -1 -1 -1 -1 5 5 2 0 4 4 4 4 6 6 6 6 4 5 5 5 5 5 5 5 6 2 2 4 4 4
-1 -1 5 5 5 5 4 -1 -1 5 5 4 4 0 2 2 4 6 6 6 6 4 3 3 3 3 3 3 3 6 4 4 4 4 4
-1 -1 5 5 5 5 4 -1 -1 5 5 4 4 2 0 2 4 6 6 6 6 4 3 3 3 3 3 3 3 6 4 4 4 4 4
-1 -1 5 5 5 5 4 -1 -1 5 5 4 4 2 2 0 4 6 6 6 6 4 3 3 3 3 3 3 3 6 4 4 4 4 4
-1 4 -1 -1 -1 -1 4 -1 -1 5 5 4 4 4 4 4 0 6 6 6 6 4 5 5 5 5 5 5 5 6 4 4 4 4 4
-1 -1 -1 -1 -1 -1 -1 -1 -1 3 3 6 6 6 6 6 6 0 2 4 4 4 7 7 7 7 7 7 7 4 6 6 6 6 6
-1 -1 -1 -1 -1 -1 -1 -1 -1 3 3 6 6 6 6 6 6 2 0 4 4 4 7 7 7 7 7 7 7 4 6 6 6 6 6
-1 -1 -1 -1 -1 -1 -1 -1 -1 1 3 6 6 6 6 6 6 4 4 0 2 4 7 7 7 7 7 7 7 4 6 6 6 6 6
-1 -1 -1 -1 -1 -1 -1 -1 -1 1 3 6 6 6 6 6 6 4 4 2 0 4 7 7 7 7 7 7 7 4 6 6 6 6 6
-1 -1 -1 -1 -1 -1 -1 -1 -1 3 3 4 4 4 4 4 4 4 4 4 4 0 5 5 5 5 5 5 5 2 4 4 4 4 4
-1 -1 6 6 6 6 5 -1 -1 6 6 5 5 3 3 3 5 7 7 7 7 5 0 2 2 2 2 2 2 7 5 5 5 5 5
-1 -1 6 6 6 6 5 -1 -1 6 6 5 5 3 3 3 5 7 7 7 7 5 2 0 2 2 2 2 2 7 5 5 5 5 5
-1 -1 6 6 6 6 5 -1 -1 6 6 5 5 3 3 3 5 7 7 7 7 5 2 2 0 2 2 2 2 7 5 5 5 5 5
-1 -1 6 6 6 6 5 -1 -1 6 6 5 5 3 3 3 5 7 7 7 7 5 2 2 2 0 2 2 2 7 5 5 5 5 5
-1 -1 6 6 6 6 5 -1 -1 6 6 5 5 3 3 3 5 7 7 7 7 5 2 2 2 2 0 2 2 7 5 5 5 5 5
-1 -1 6 6 6 6 5 -1 -1 6 6 5 5 3 3 3 5 7 7 7 7 5 2 2 2 2 2 0 2 7 5 5 5 5 5
-1 -1 6 6 6 6 5 -1 -1 6 6 5 5 3 3 3 5 7 7 7 7 5 2 2 2 2 2 2 0 7 5 5 5 5 5
2 -1 -1 -1 -1 -1 -1 -1 -1 3 3 6 6 6 6 6 6 4 4 4 4 2 7 7 7 7 7 7 7 0 6 6 6 6 6
-1 5 6 6 6 6 1 -1 -1 5 5 2 2 4 4 4 4 6 6 6 6 4 5 5 5 5 5 5 5 6 0 2 4 4 4
-1 5 6 6 6 6 1 -1 -1 5 5 2 2 4 4 4 4 6 6 6 6 4 5 5 5 5 5 5 5 6 2 0 4 4 4
-1 6 3 3 1 3 6 -1 -1 5 5 4 4 4 4 4 4 6 6 6 6 4 5 5 5 5 5 5 5 6 4 4 0 2 2
-1 6 3 3 1 3 6 -1 -1 5 5 4 4 4 4 4 4 6 6 6 6 4 5 5 5 5 5 5 5 6 4 4 2 0 2
-1 6 3 3 1 3 6 -1 -1 5 5 4 4 4 4 4 4 6 6 6 6 4 5 5 5 5 5 5 5 6 4 4 2 2 0
