0 2 2 2 8 3 3 6 6 8 6 9 6 6 6 6 6 5 5 8 9 9 9 9 9 7 7 7 7 5 5 5 6 6 6 9 9 8 6 6 6 6 15 6 6 4 15 2 2 4 4 4 4 7 7 7 7 5 5 5 5 5 5 5 5 5 8 8 8 7 7 7 7 7 7 7 7 7 7 7 7 7 7 7 7 7 7 6 6 6 6 6 6 6 6 6 6 6 3 7 7 7 7 7 7 4 4 4 4 4 4 4 4 4 1 1 1 1 1 1 1 7 7 7 10 7 7 7 7 4 4 4 4 4 4 4 4 4 4 16 16 16 16 16 16 16 9 9 9 9 9 9 16 16 16 16 16 16 5 7 7 7 7 7 7 7 11 11 6 6 6 6 8 10 10 10 10
2 0 2 2 8 3 3 6 6 8 6 9 6 6 6 6 6 5 5 8 9 9 9 9 9 7 7 7 7 5 5 5 6 6 6 9 9 8 6 6 6 6 15 6 6 4 15 2 2 4 4 4 4 7 7 7 7 5 5 5 5 5 5 5 5 5 8 8 8 7 7 7 7 7 7 7 7 7 7 7 7 7 7 7 7 7 7 6 6 6 6 6 6 6 6 6 6 6 3 7 7 7 7 7 7 4 4 4 4 4 4 4 4 4 3 3 3 3 3 3 3 7 7 7 10 7 7 7 7 4 4 4 4 4 4 4 4 4 4 16 16 16 16 16 16 16 9 9 9 9 9 9 16 16 16 16 16 16 5 7 7 7 7 7 7 7 11 11 6 6 6 6 8 10 10 10 10
2 2 0 2 8 3 3 6 6 8 6 9 6 6 6 6 6 5 5 8 9 9 9 9 9 7 7 7 7 5 5 5 6 6 6 9 9 8 6 6 6 6 15 6 6 4 15 2 2 4 4 4 4 7 7 7 7 5 5 5 5 5 5 5 5 5 8 8 8 7 7 7 7 7 7 7 7 7 7 7 7 7 7 7 7 7 7 6 6 6 6 6 6 6 6 6 6 6 3 7 7 7 7 7 7 4 4 4 4 4 4 4 4 4 3 3 3 3 3 3 3 7 7 7 10 7 7 7 7 4 4 4 4 4 4 4 4 4 4 16 16 16 16 16 16 16 9 9 9 9 9 9 16 16 16 16 16 16 5 7 7 7 7 7 7 7 11 11 6 6 6 6 8 10 10 10 10
2 2 2 0 8 3 3 6 6 8 6 9 6 6 6 6 6 5 5 8 9 9 9 9 9 7 7 7 7 5 5 5 6 6 6 9 9 8 6 6 6 6 15 6 6 4 15 2 2 4 4 4 4 7 7 7 7 5 5 5 5 5 5 5 5 5 8 8 8 7 7 7 7 7 7 7 7 7 7 7 7 7 7 7 7 7 7 6 6 6 6 6 6 6 6 6 6 6 1 7 7 7 7 7 7 4 4 4 4 4 4 4 4 4 3 3 3 3 3 3 3 7 7 7 10 7 7 7 7 4 4 4 4 4 4 4 4 4 4 16 16 16 16 16 16 16 9 9 9 9 9 9 16 16 16 16 16 16 5 7 7 7 7 7 7 7 11 11 6 6 6 6 8 10 10 10 10
8 8 8 8 0 9 9 4 4 4 8 10 8 8 8 8 8 8 8 6 9 9 9 9 9 6 6 6 6 8 8 8 4 4 4 13 13 6 4 4 4 8 15 8 8 4 15 8 8 10 10 10 10 5 5 5 5 8 8 8 8 8 8 8 8 8 4 4 4 5 5 5 5 5 5 5 5 5 5 5 5 5 5 5 5 9 9 5 5 5 5 5 9 9 9 9 9 9 9 9 9 9 9 9 9 8 8 8 8 8 8 8 8 8 9 9 9 9 9 9 9 9 9 9 14 5 5 5 5 5 5 5 5 7 7 7 7 7 7 16 16 16 16 16 16 16 10 10 10 10 10 10 16 16 16 16 16 16 9 5 5 5 5 5 5 5 8 8 9 9 9 9 4 11 11 11 11
3 3 3 3 9 0 2 9 9 9 9 6 6 6 6 6 6 10 10 10 4 4 4 4 4 8 8 8 8 7 7 7 9 9 9 10 10 11 9 9 9 6 15 4 4 3 15 3 3 3 3 3 3 6 6 6 6 9 9 9 9 9 9 9 9 9 9 9 9 6 6 6 6 6 6 10 10 10 10 10 10 10 10 10 10 7 7 9 9 9 9 9 11 11 11 11 11 7 4 5 7 7 7 7 7 3 3 3 3 3 3 3 3 3 4 4 4 4 4 4 4 8 8 8 11 10 10 10 10 3 3 3 3 1 1 1 1 1 1 16 16 16 16 16 16 16 6 6 6 6 6 6 16 16 16 16 16 16 11 5 5 5 5 5 5 5 9 9 11 11 11 11 5 7 7 7 7
3 3 3 3 9 2 0 9 9 9 9 6 6 6 6 6 6 10 10 10 4 4 4 4 4 8 8 8 8 7 7 7 9 9 9 10 10 11 9 9 9 6 15 4 4 3 15 3 3 3 3 3 3 6 6 6 6 9 9 9 9 9 9 9 9 9 9 9 9 6 6 6 6 6 6 10 10 10 10 10 10 10 10 10 10 7 7 9 9 9 9 9 11 11 11 11 11 7 4 5 7 7 7 7 7 3 3 3 3 3 3 3 3 3 4 4 4 4 4 4 4 8 8 8 11 10 10 10 10 3 3 3 3 3 3 3 3 3 3 16 16 16 16 16 16 16 6 6 6 6 6 6 16 16 16 16 16 16 11 5 5 5 5 5 5 5 9 9 11 11 11 11 5 7 7 7 7
6 6 6 6 4 9 9 0 2 6 6 9 4 4 4 4 4 8 8 6 9 9 9 9 9 5 5 5 5 9 9 9 4 4 4 9 9 6 6 6 6 4 15 6 6 4 15 6 6 10 10 10 10 7 7 7 7 9 9 9 9 9 9 9 9 9 6 6 6 5 5 5 5 5 5 3 3 3 3 3 3 3 3 3 3 5 5 3 3 3 3 3 9 9 9 9 9 5 7 7 5 5 5 5 5 8 8 8 8 8 8 8 8 8 7 7 7 7 7 7 7 5 5 5 10 5 5 5 5 7 7 7 7 6 6 6 6 6 6 16 16 16 16 16 16 16 9 9 9 9 9 9 16 16 16 16 16 16 9 5 5 5 5 5 5 5 12 12 9 9 9 9 6 10 10 10 10
6 6 6 6 4 9 9 2 0 6 6 9 4 4 4 4 4 8 8 6 9 9 9 9 9 5 5 5 5 9 9 9 4 4 4 9 9 6 6 6 6 4 15 6 6 4 15 6 6 10 10 10 10 7 7 7 7 9 9 9 9 9 9 9 9 9 6 6 6 5 5 5 5 5 5 3 3 3 3 3 3 1 1 1 1 5 5 1 1 1 1 1 9 9 9 9 9 5 7 7 5 5 5 5 5 8 8 8 8 8 8 8 8 8 7 7 7 7 7 7 7 5 5 5 10 5 5 5 5 7 7 7 7 6 6 6 6 6 6 16 16 16 16 16 16 16 9 9 9 9 9 9 16 16 16 16 16 16 9 5 5 5 5 5 5 5 12 12 9 9 9 9 6 10 10 10 10
8 8 8 8 4 9 9 6 6 0 4 11 8 8 8 8 8 9 9 7 9 9 9 9 9 6 6 6 6 8 8 8 7 7 7 13 13 6 4 4 4 8 15 8 8 7 15 8 8 10 10 10 10 5 5 5 5 8 8 8 8 8 8 8 8 8 4 4 4 8 8 8 8 8 8 7 7 7 7 7 7 7 7 7 7 9 9 7 7 7 7 7 10 10 10 10 10 9 9 9 9 9 9 9 9 9 9 9 9 9 9 9 9 9 9 9 9 9 9 9 9 9 9 9 14 8 8 8 8 5 5 5 5 7 7 7 7 7 7 16 16 16 16 16 16 16 11 11 11 11 11 11 16 16 16 16 16 16 9 8 8 8 8 8 8 8 8 8 10 10 10 10 4 12 12 12 12
6 6 6 6 8 9 9 6 6 4 0 9 6 6 6 6 6 7 7 12 9 9 9 9 9 7 7 7 7 7 7 7 6 6 6 9 9 5 6 6 6 6 15 6 6 12 15 6 6 10 10 10 10 7 7 7 7 7 7 7 7 7 7 7 7 7 8 8 8 7 7 7 7 7 7 7 7 7 7 7 7 7 7 7 7 7 7 6 6 6 6 6 8 8 8 8 8 7 7 7 7 7 7 7 7 10 10 10 10 10 10 10 10 10 7 7 7 7 7 7 7 7 7 7 10 7 7 7 7 7 7 7 7 8 8 8 8 8 8 16 16 16 16 16 16 16 9 9 9 9 9 9 16 16 16 16 16 16 7 7 7 7 7 7 7 7 15 15 8 8 8 8 8 10 10 10 10
9 9 9 9 10 6 6 9 9 11 9 0 4 4 4 4 4 10 10 10 6 6 6 6 6 8 8 8 8 10 10 10 9 9 9 10 10 11 9 9 9 2 15 6 6 9 15 9 9 7 7 7 7 4 4 4 4 11 11 11 11 11 11 11 11 11 11 11 11 4 4 4 4 4 4 10 10 10 10 10 10 10 10 10 10 3 3 9 9 9 9 9 11 11 11 11 11 5 10 7 5 5 5 5 5 7 7 7 7 7 7 7 7 7 10 10 10 10 10 10 10 8 8 8 11 10 10 10 10 9 9 9 9 7 7 7 7 7 7 16 16 16 16 16 16 16 4 4 4 4 4 4 16 16 16 16 16 16 11 7 7 7 7 7 7 7 12 12 11 11 11 11 7 1 1 1 1
6 6 6 6 8 6 6 4 4 8 6 4 0 2 4 4 4 9 9 10 6 6 6 6 6 5 5 5 5 8 8 8 6 6 6 9 9 7 6 6 6 4 15 6 6 9 15 6 6 7 7 7 7 4 4 4 4 9 9 9 9 9 9 9 9 9 8 8 8 4 4 4 4 4 4 5 5 5 5 5 5 5 5 5 5 3 3 5 5 5 5 5 10 10 10 10 10 3 7 7 1 1 1 1 1 7 7 7 7 7 7 7 7 7 7 7 7 7 7 7 7 5 5 5 10 7 7 7 7 7 7 7 7 6 6 6 6 6 6 16 16 16 16 16 16 16 4 4 4 4 4 4 16 16 16 16 16 16 9 7 7 7 7 7 7 7 10 10 10 10 10 10 7 5 5 5 5
6 6 6 6 8 6 6 4 4 8 6 4 2 0 4 4 4 9 9 10 6 6 6 6 6 5 5 5 5 8 8 8 6 6 6 9 9 7 6 6 6 4 15 6 6 9 15 6 6 7 7 7 7 4 4 4 4 9 9 9 9 9 9 9 9 9 8 8 8 4 4 4 4 4 4 5 5 5 5 5 5 5 5 5 5 3 3 5 5 5 5 5 10 10 10 10 10 3 7 7 3 3 3 3 3 7 7 7 7 7 7 7 7 7 7 7 7 7 7 7 7 5 5 5 10 7 7 7 7 7 7 7 7 6 6 6 6 6 6 16 16 16 16 16 16 16 4 4 4 4 4 4 16 16 16 16 16 16 9 7 7 7 7 7 7 7 10 10 10 10 10 10 7 5 5 5 5
6 6 6 6 8 6 6 4 4 8 6 4 4 4 0 2 2 10 10 10 6 6 6 6 6 5 5 5 5 10 10 10 6 6 6 9 9 8 6 6 6 4 15 6 6 9 15 6 6 7 7 7 7 4 4 4 4 11 11 11 11 11 11 11 11 11 8 8 8 4 4 4 4 4 4 5 5 5 5 5 5 5 5 5 5 5 5 5 5 5 5 5 11 11 11 11 11 5 7 7 5 5 5 5 5 7 7 7 7 7 7 7 7 7 7 7 7 7 7 7 7 5 5 5 10 7 7 7 7 7 7 7 7 6 6 6 6 6 6 16 16 16 16 16 16 16 2 2 2 2 2 2 16 16 16 16 16 16 11 7 7 7 7 7 7 7 12 12 11 11 11 11 7 5 5 5 5
6 6 6 6 8 6 6 4 4 8 6 4 4 4 2 0 2 10 10 10 6 6 6 6 6 5 5 5 5 10 10 10 6 6 6 9 9 8 6 6 6 4 15 6 6 9 15 6 6 7 7 7 7 4 4 4 4 11 11 11 11 11 11 11 11 11 8 8 8 4 4 4 4 4 4 5 5 5 5 5 5 5 5 5 5 5 5 5 5 5 5 5 11 11 11 11 11 5 7 7 5 5 5 5 5 7 7 7 7 7 7 7 7 7 7 7 7 7 7 7 7 5 5 5 10 7 7 7 7 7 7 7 7 6 6 6 6 6 6 16 16 16 16 16 16 16 2 2 2 2 2 2 16 16 16 16 16 16 11 7 7 7 7 7 7 7 12 12 11 11 11 11 7 5 5 5 5
6 6 6 6 8 6 6 4 4 8 6 4 4 4 2 2 0 10 10 10 6 6 6 6 6 5 5 5 5 10 10 10 6 6 6 9 9 8 6 6 6 4 15 6 6 9 15 6 6 7 7 7 7 4 4 4 4 11 11 11 11 11 11 11 11 11 8 8 8 4 4 4 4 4 4 5 5 5 5 5 5 5 5 5 5 5 5 5 5 5 5 5 11 11 11 11 11 5 7 7 5 5 5 5 5 7 7 7 7 7 7 7 7 7 7 7 7 7 7 7 7 5 5 5 10 7 7 7 7 7 7 7 7 6 6 6 6 6 6 16 16 16 16 16 16 16 2 2 2 2 2 2 16 16 16 16 16 16 11 7 7 7 7 7 7 7 12 12 11 11 11 11 7 5 5 5 5
5 5 5 5 8 10 10 8 8 9 7 10 9 9 10 10 10 0 2 8 10 10 10 10 10 9 9 9 9 6 6 6 8 8 8 13 13 6 9 9 9 9 15 10 10 5 15 5 5 11 11 11 11 10 10 10 10 6 6 6 6 6 6 6 6 6 9 9 9 9 9 9 9 9 9 9 9 9 9 9 9 9 9 9 9 10 10 9 9 9 9 9 1 1 1 1 1 7 6 11 10 10 10 10 10 5 5 5 5 5 5 5 5 5 6 6 6 6 6 6 6 10 10 10 14 9 9 9 9 5 5 5 5 10 10 10 10 10 10 16 16 16 16 16 16 16 10 10 10 10 10 10 16 16 16 16 16 16 4 9 9 9 9 9 9 9 9 9 3 3 3 3 9 11 11 11 11
5 5 5 5 8 10 10 8 8 9 7 10 9 9 10 10 10 2 0 8 10 10 10 10 10 9 9 9 9 6 6 6 8 8 8 13 13 6 9 9 9 9 15 10 10 5 15 5 5 11 11 11 11 10 10 10 10 6 6 6 6 6 6 6 6 6 9 9 9 9 9 9 9 9 9 9 9 9 9 9 9 9 9 9 9 10 10 9 9 9 9 9 3 3 3 3 3 7 6 11 10 10 10 10 10 5 5 5 5 5 5 5 5 5 6 6 6 6 6 6 6 10 10 10 14 9 9 9 9 5 5 5 5 10 10 10 10 10 10 16 16 16 16 16 16 16 10 10 10 10 10 10 16 16 16 16 16 16 4 9 9 9 9 9 9 9 9 9 3 3 3 3 9 11 11 11 11
8 8 8 8 6 10 10 6 6 7 12 10 10 10 10 10 10 8 8 0 10 10 10 10 10 7 7 7 7 9 9 9 6 6 6 13 13 7 7 7 7 10 7 10 10 6 7 8 8 11 11 11 11 8 8 8 8 9 9 9 9 9 9 9 9 9 7 7 7 7 7 7 7 7 7 7 7 7 7 7 7 7 7 7 7 11 11 7 7 7 7 7 9 9 9 9 9 10 9 11 11 11 11 11 11 8 8 8 8 8 8 8 8 8 9 9 9 9 9 9 9 10 10 10 14 7 7 7 7 8 8 8 8 8 8 8 8 8 8 8 8 8 8 8 8 8 10 10 10 10 10 10 8 8 8 8 8 8 9 7 7 7 7 7 7 7 12 12 9 9 9 9 7 11 11 11 11
9 9 9 9 9 4 4 9 9 9 9 6 6 6 6 6 6 10 10 10 0 2 2 2 2 8 8 8 8 5 5 5 9 9 9 10 10 10 9 9 9 6 15 4 4 9 15 9 9 5 5 5 5 6 6 6 6 9 9 9 9 9 9 9 9 9 9 9 9 6 6 6 6 6 6 10 10 10 10 10 10 10 10 10 10 7 7 9 9 9 9 9 11 11 11 11 11 6 10 5 7 7 7 7 7 3 3 3 3 3 3 3 3 3 10 10 10 10 10 10 10 8 8 8 11 10 10 10 10 9 9 9 9 5 5 5 5 5 5 16 16 16 16 16 16 16 6 6 6 6 6 6 16 16 16 16 16 16 10 5 5 5 5 5 5 5 9 9 11 11 11 11 3 7 7 7 7
9 9 9 9 9 4 4 9 9 9 9 6 6 6 6 6 6 10 10 10 2 0 2 2 2 8 8 8 8 5 5 5 9 9 9 10 10 10 9 9 9 6 15 4 4 9 15 9 9 5 5 5 5 6 6 6 6 9 9 9 9 9 9 9 9 9 9 9 9 6 6 6 6 6 6 10 10 10 10 10 10 10 10 10 10 7 7 9 9 9 9 9 11 11 11 11 11 6 10 5 7 7 7 7 7 1 1 1 1 1 1 1 1 1 10 10 10 10 10 10 10 8 8 8 11 10 10 10 10 9 9 9 9 5 5 5 5 5 5 16 16 16 16 16 16 16 6 6 6 6 6 6 16 16 16 16 16 16 10 5 5 5 5 5 5 5 9 9 11 11 11 11 3 7 7 7 7
9 9 9 9 9 4 4 9 9 9 9 6 6 6 6 6 6 10 10 10 2 2 0 2 2 8 8 8 8 5 5 5 9 9 9 10 10 10 9 9 9 6 15 4 4 9 15 9 9 5 5 5 5 6 6 6 6 9 9 9 9 9 9 9 9 9 9 9 9 6 6 6 6 6 6 10 10 10 10 10 10 10 10 10 10 7 7 9 9 9 9 9 11 11 11 11 11 6 10 5 7 7 7 7 7 3 3 3 3 3 3 3 3 3 10 10 10 10 10 10 10 8 8 8 11 10 10 10 10 9 9 9 9 5 5 5 5 5 5 16 16 16 16 16 16 16 6 6 6 6 6 6 16 16 16 16 16 16 10 5 5 5 5 5 5 5 9 9 11 11 11 11 1 7 7 7 7
9 9 9 9 9 4 4 9 9 9 9 6 6 6 6 6 6 10 10 10 2 2 2 0 2 8 8 8 8 5 5 5 9 9 9 10 10 10 9 9 9 6 15 4 4 9 15 9 9 5 5 5 5 6 6 6 6 9 9 9 9 9 9 9 9 9 9 9 9 6 6 6 6 6 6 10 10 10 10 10 10 10 10 10 10 7 7 9 9 9 9 9 11 11 11 11 11 6 10 5 7 7 7 7 7 3 3 3 3 3 3 3 3 3 10 10 10 10 10 10 10 8 8 8 11 10 10 10 10 9 9 9 9 5 5 5 5 5 5 16 16 16 16 16 16 16 6 6 6 6 6 6 16 16 16 16 16 16 10 5 5 5 5 5 5 5 9 9 11 11 11 11 3 7 7 7 7
9 9 9 9 9 4 4 9 9 9 9 6 6 6 6 6 6 10 10 10 2 2 2 2 0 8 8 8 8 5 5 5 9 9 9 10 10 10 9 9 9 6 15 4 4 9 15 9 9 5 5 5 5 6 6 6 6 9 9 9 9 9 9 9 9 9 9 9 9 6 6 6 6 6 6 10 10 10 10 10 10 10 10 10 10 7 7 9 9 9 9 9 11 11 11 11 11 6 10 5 7 7 7 7 7 3 3 3 3 3 3 3 3 3 10 10 10 10 10 10 10 8 8 8 11 10 10 10 10 9 9 9 9 5 5 5 5 5 5 16 16 16 16 16 16 16 6 6 6 6 6 6 16 16 16 16 16 16 10 5 5 5 5 5 5 5 9 9 11 11 11 11 3 7 7 7 7
7 7 7 7 6 8 8 5 5 6 7 8 5 5 5 5 5 9 9 7 8 8 8 8 8 0 2 2 2 9 9 9 7 7 7 10 10 4 6 6 6 5 14 7 7 7 14 7 7 9 9 9 9 7 7 7 7 9 9 9 9 9 9 9 9 9 6 6 6 8 8 8 8 8 8 6 6 6 6 6 6 6 6 6 6 6 6 6 6 6 6 6 10 10 10 10 10 6 8 8 6 6 6 6 6 9 9 9 9 9 9 9 9 9 8 8 8 8 8 8 8 2 2 2 11 8 8 8 8 7 7 7 7 3 3 3 3 3 3 15 15 15 15 15 15 15 8 8 8 8 8 8 15 15 15 15 15 15 9 8 8 8 8 8 8 8 12 12 10 10 10 10 6 9 9 9 9
7 7 7 7 6 8 8 5 5 6 7 8 5 5 5 5 5 9 9 7 8 8 8 8 8 2 0 2 2 9 9 9 7 7 7 10 10 4 6 6 6 5 14 7 7 7 14 7 7 9 9 9 9 7 7 7 7 9 9 9 9 9 9 9 9 9 6 6 6 8 8 8 8 8 8 6 6 6 6 6 6 6 6 6 6 6 6 6 6 6 6 6 10 10 10 10 10 6 8 8 6 6 6 6 6 9 9 9 9 9 9 9 9 9 8 8 8 8 8 8 8 2 2 2 11 8 8 8 8 7 7 7 7 3 3 3 3 3 3 15 15 15 15 15 15 15 8 8 8 8 8 8 15 15 15 15 15 15 9 8 8 8 8 8 8 8 12 12 10 10 10 10 6 9 9 9 9
7 7 7 7 6 8 8 5 5 6 7 8 5 5 5 5 5 9 9 7 8 8 8 8 8 2 2 0 2 9 9 9 7 7 7 10 10 4 6 6 6 5 14 7 7 7 14 7 7 9 9 9 9 7 7 7 7 9 9 9 9 9 9 9 9 9 6 6 6 8 8 8 8 8 8 6 6 6 6 6 6 6 6 6 6 6 6 6 6 6 6 6 10 10 10 10 10 6 8 8 6 6 6 6 6 9 9 9 9 9 9 9 9 9 8 8 8 8 8 8 8 2 2 2 11 8 8 8 8 7 7 7 7 3 3 3 3 3 3 15 15 15 15 15 15 15 8 8 8 8 8 8 15 15 15 15 15 15 9 8 8 8 8 8 8 8 12 12 10 10 10 10 6 9 9 9 9
7 7 7 7 6 8 8 5 5 6 7 8 5 5 5 5 5 9 9 7 8 8 8 8 8 2 2 2 0 9 9 9 7 7 7 10 10 4 6 6 6 5 14 7 7 7 14 7 7 9 9 9 9 7 7 7 7 9 9 9 9 9 9 9 9 9 6 6 6 8 8 8 8 8 8 6 6 6 6 6 6 6 6 6 6 6 6 6 6 6 6 6 10 10 10 10 10 6 8 8 6 6 6 6 6 9 9 9 9 9 9 9 9 9 8 8 8 8 8 8 8 2 2 2 11 8 8 8 8 7 7 7 7 1 1 1 1 1 1 15 15 15 15 15 15 15 8 8 8 8 8 8 15 15 15 15 15 15 9 8 8 8 8 8 8 8 12 12 10 10 10 10 6 9 9 9 9
5 5 5 5 8 7 7 9 9 8 7 10 8 8 10 10 10 6 6 9 5 5 5 5 5 9 9 9 9 0 2 2 9 9 9 14 14 6 8 8 8 8 15 7 7 5 15 5 5 8 8 8 8 9 9 9 9 4 4 4 4 4 4 4 4 4 8 8 8 10 10 10 10 10 10 10 10 10 10 10 10 10 10 10 10 9 9 10 10 10 10 10 7 7 7 7 7 3 6 8 9 9 9 9 9 5 5 5 5 5 5 5 5 5 6 6 6 6 6 6 6 10 10 10 15 10 10 10 10 5 5 5 5 8 8 8 8 8 8 16 16 16 16 16 16 16 10 10 10 10 10 10 16 16 16 16 16 16 6 8 8 8 8 8 8 8 6 6 7 7 7 7 6 11 11 11 11
5 5 5 5 8 7 7 9 9 8 7 10 8 8 10 10 10 6 6 9 5 5 5 5 5 9 9 9 9 2 0 2 9 9 9 14 14 6 8 8 8 8 15 7 7 5 15 5 5 8 8 8 8 9 9 9 9 4 4 4 4 4 4 4 4 4 8 8 8 10 10 10 10 10 10 10 10 10 10 10 10 10 10 10 10 9 9 10 10 10 10 10 7 7 7 7 7 3 6 8 9 9 9 9 9 5 5 5 5 5 5 5 5 5 6 6 6 6 6 6 6 10 10 10 15 10 10 10 10 5 5 5 5 8 8 8 8 8 8 16 16 16 16 16 16 16 10 10 10 10 10 10 16 16 16 16 16 16 6 8 8 8 8 8 8 8 6 6 7 7 7 7 6 11 11 11 11
5 5 5 5 8 7 7 9 9 8 7 10 8 8 10 10 10 6 6 9 5 5 5 5 5 9 9 9 9 2 2 0 9 9 9 14 14 6 8 8 8 8 15 7 7 5 15 5 5 8 8 8 8 9 9 9 9 4 4 4 4 4 4 4 4 4 8 8 8 10 10 10 10 10 10 10 10 10 10 10 10 10 10 10 10 9 9 10 10 10 10 10 7 7 7 7 7 3 6 8 9 9 9 9 9 5 5 5 5 5 5 5 5 5 6 6 6 6 6 6 6 10 10 10 15 10 10 10 10 5 5 5 5 8 8 8 8 8 8 16 16 16 16 16 16 16 10 10 10 10 10 10 16 16 16 16 16 16 6 8 8 8 8 8 8 8 6 6 7 7 7 7 6 11 11 11 11
6 6 6 6 4 9 9 4 4 7 6 9 6 6 6 6 6 8 8 6 9 9 9 9 9 7 7 7 7 9 9 9 0 2 2 9 9 7 4 4 4 6 15 4 4 4 15 6 6 10 10 10 10 5 5 5 5 9 9 9 9 9 9 9 9 9 7 7 7 3 3 3 3 3 3 5 5 5 5 5 5 5 5 5 5 7 7 4 4 4 4 4 9 9 9 9 9 7 7 5 7 7 7 7 7 8 8 8 8 8 8 8 8 8 7 7 7 7 7 7 7 7 7 7 10 3 3 3 3 5 5 5 5 8 8 8 8 8 8 16 16 16 16 16 16 16 9 9 9 9 9 9 16 16 16 16 16 16 9 3 3 3 3 3 3 3 12 12 9 9 9 9 7 10 10 10 10
6 6 6 6 4 9 9 4 4 7 6 9 6 6 6 6 6 8 8 6 9 9 9 9 9 7 7 7 7 9 9 9 2 0 2 9 9 7 4 4 4 6 15 4 4 4 15 6 6 10 10 10 10 5 5 5 5 9 9 9 9 9 9 9 9 9 7 7 7 3 3 3 3 3 3 5 5 5 5 5 5 5 5 5 5 7 7 4 4 4 4 4 9 9 9 9 9 7 7 5 7 7 7 7 7 8 8 8 8 8 8 8 8 8 7 7 7 7 7 7 7 7 7 7 10 3 3 3 3 5 5 5 5 8 8 8 8 8 8 16 16 16 16 16 16 16 9 9 9 9 9 9 16 16 16 16 16 16 9 1 1 1 1 1 1 1 12 12 9 9 9 9 7 10 10 10 10
6 6 6 6 4 9 9 4 4 7 6 9 6 6 6 6 6 8 8 6 9 9 9 9 9 7 7 7 7 9 9 9 2 2 0 9 9 7 4 4 4 6 15 4 4 4 15 6 6 10 10 10 10 5 5 5 5 9 9 9 9 9 9 9 9 9 7 7 7 1 1 1 1 1 1 5 5 5 5 5 5 5 5 5 5 7 7 4 4 4 4 4 9 9 9 9 9 7 7 5 7 7 7 7 7 8 8 8 8 8 8 8 8 8 7 7 7 7 7 7 7 7 7 7 10 3 3 3 3 5 5 5 5 8 8 8 8 8 8 16 16 16 16 16 16 16 9 9 9 9 9 9 16 16 16 16 16 16 9 3 3 3 3 3 3 3 12 12 9 9 9 9 7 10 10 10 10
9 9 9 9 13 10 10 9 9 13 9 10 9 9 9 9 9 13 13 13 10 10 10 10 10 10 10 10 10 14 14 14 9 9 9 0 2 13 9 9 9 9 16 9 9 13 16 9 9 11 11 11 11 10 10 10 10 14 14 14 14 14 14 14 14 14 13 13 13 10 10 10 10 10 10 10 10 10 10 10 10 10 10 10 10 10 10 9 9 9 9 9 14 14 14 14 14 10 10 10 10 10 10 10 10 11 11 11 11 11 11 11 11 11 10 10 10 10 10 10 10 10 10 10 3 10 10 10 10 10 10 10 10 11 11 11 11 11 11 17 17 17 17 17 17 17 10 10 10 10 10 10 17 17 17 17 17 17 14 10 10 10 10 10 10 10 18 18 14 14 14 14 11 11 11 11 11
9 9 9 9 13 10 10 9 9 13 9 10 9 9 9 9 9 13 13 13 10 10 10 10 10 10 10 10 10 14 14 14 9 9 9 2 0 13 9 9 9 9 16 9 9 13 16 9 9 11 11 11 11 10 10 10 10 14 14 14 14 14 14 14 14 14 13 13 13 10 10 10 10 10 10 10 10 10 10 10 10 10 10 10 10 10 10 9 9 9 9 9 14 14 14 14 14 10 10 10 10 10 10 10 10 11 11 11 11 11 11 11 11 11 10 10 10 10 10 10 10 10 10 10 3 10 10 10 10 10 10 10 10 11 11 11 11 11 11 17 17 17 17 17 17 17 10 10 10 10 10 10 17 17 17 17 17 17 14 10 10 10 10 10 10 10 18 18 14 14 14 14 11 11 11 11 11
8 8 8 8 6 11 11 6 6 6 5 11 7 7 8 8 8 6 6 7 10 10 10 10 10 4 4 4 4 6 6 6 7 7 7 13 13 0 6 6 6 7 14 8 8 7 14 8 8 12 12 12 12 7 7 7 7 6 6 6 6 6 6 6 6 6 6 6 6 8 8 8 8 8 8 7 7 7 7 7 7 7 7 7 7 8 8 7 7 7 7 7 7 7 7 7 7 7 9 9 8 8 8 8 8 9 9 9 9 9 9 9 9 9 9 9 9 9 9 9 9 9 9 9 14 8 8 8 8 7 7 7 7 5 5 5 5 5 5 15 15 15 15 15 15 15 11 11 11 11 11 11 15 15 15 15 15 15 6 8 8 8 8 8 8 8 13 13 7 7 7 7 6 12 12 12 12
6 6 6 6 4 9 9 6 6 4 6 9 6 6 6 6 6 9 9 7 9 9 9 9 9 6 6 6 6 8 8 8 4 4 4 9 9 6 0 2 2 6 15 4 4 7 15 6 6 10 10 10 10 3 3 3 3 8 8 8 8 8 8 8 8 8 4 4 4 5 5 5 5 5 5 7 7 7 7 7 7 7 7 7 7 7 7 4 4 4 4 4 10 10 10 10 10 7 7 5 7 7 7 7 7 9 9 9 9 9 9 9 9 9 7 7 7 7 7 7 7 7 7 7 10 5 5 5 5 1 1 1 1 7 7 7 7 7 7 16 16 16 16 16 16 16 9 9 9 9 9 9 16 16 16 16 16 16 10 5 5 5 5 5 5 5 8 8 10 10 10 10 4 10 10 10 10
6 6 6 6 4 9 9 6 6 4 6 9 6 6 6 6 6 9 9 7 9 9 9 9 9 6 6 6 6 8 8 8 4 4 4 9 9 6 2 0 2 6 15 4 4 7 15 6 6 10 10 10 10 3 3 3 3 8 8 8 8 8 8 8 8 8 4 4 4 5 5 5 5 5 5 7 7 7 7 7 7 7 7 7 7 7 7 4 4 4 4 4 10 10 10 10 10 7 7 5 7 7 7 7 7 9 9 9 9 9 9 9 9 9 7 7 7 7 7 7 7 7 7 7 10 5 5 5 5 3 3 3 3 7 7 7 7 7 7 16 16 16 16 16 16 16 9 9 9 9 9 9 16 16 16 16 16 16 10 5 5 5 5 5 5 5 8 8 10 10 10 10 4 10 10 10 10
6 6 6 6 4 9 9 6 6 4 6 9 6 6 6 6 6 9 9 7 9 9 9 9 9 6 6 6 6 8 8 8 4 4 4 9 9 6 2 2 0 6 15 4 4 7 15 6 6 10 10 10 10 1 1 1 1 8 8 8 8 8 8 8 8 8 4 4 4 5 5 5 5 5 5 7 7 7 7 7 7 7 7 7 7 7 7 4 4 4 4 4 10 10 10 10 10 7 7 5 7 7 7 7 7 9 9 9 9 9 9 9 9 9 7 7 7 7 7 7 7 7 7 7 10 5 5 5 5 3 3 3 3 7 7 7 7 7 7 16 16 16 16 16 16 16 9 9 9 9 9 9 16 16 16 16 16 16 10 5 5 5 5 5 5 5 8 8 10 10 10 10 4 10 10 10 10
6 6 6 6 8 6 6 4 4 8 6 2 4 4 4 4 4 9 9 10 6 6 6 6 6 5 5 5 5 8 8 8 6 6 6 9 9 7 6 6 6 0 15 6 6 9 15 6 6 7 7 7 7 4 4 4 4 9 9 9 9 9 9 9 9 9 8 8 8 4 4 4 4 4 4 5 5 5 5 5 5 5 5 5 5 1 1 5 5 5 5 5 10 10 10 10 10 5 7 7 5 5 5 5 5 7 7 7 7 7 7 7 7 7 7 7 7 7 7 7 7 5 5 5 10 7 7 7 7 7 7 7 7 6 6 6 6 6 6 16 16 16 16 16 16 16 4 4 4 4 4 4 16 16 16 16 16 16 9 7 7 7 7 7 7 7 10 10 10 10 10 10 7 3 3 3 3
15 15 15 15 15 15 15 15 15 15 15 15 15 15 15 15 15 15 15 7 15 15 15 15 15 14 14 14 14 15 15 15 15 15 15 16 16 14 15 15 15 15 0 15 15 15 4 15 15 16 16 16 16 15 15 15 15 16 16 16 16 16 16 16 16 16 15 15 15 15 15 15 15 15 15 16 16 16 16 16 16 16 16 16 16 16 16 15 15 15 15 15 16 16 16 16 16 16 16 16 16 16 16 16 16 15 15 15 15 15 15 15 15 15 16 16 16 16 16 16 16 15 15 15 17 16 16 16 16 15 15 15 15 15 15 15 15 15 15 1 1 1 1 1 1 1 15 15 15 15 15 15 3 3 3 3 3 3 16 16 16 16 16 16 16 16 17 17 16 16 16 16 15 16 16 16 16
6 6 6 6 8 4 4 6 6 8 6 6 6 6 6 6 6 10 10 10 4 4 4 4 4 7 7 7 7 7 7 7 4 4 4 9 9 8 4 4 4 6 15 0 2 9 15 6 6 5 5 5 5 5 5 5 5 9 9 9 9 9 9 9 9 9 8 8 8 5 5 5 5 5 5 7 7 7 7 7 7 7 7 7 7 7 7 4 4 4 4 4 11 11 11 11 11 7 7 3 7 7 7 7 7 5 5 5 5 5 5 5 5 5 7 7 7 7 7 7 7 7 7 7 10 5 5 5 5 5 5 5 5 5 5 5 5 5 5 16 16 16 16 16 16 16 6 6 6 6 6 6 16 16 16 16 16 16 11 3 3 3 3 3 3 3 9 9 11 11 11 11 5 7 7 7 7
6 6 6 6 8 4 4 6 6 8 6 6 6 6 6 6 6 10 10 10 4 4 4 4 4 7 7 7 7 7 7 7 4 4 4 9 9 8 4 4 4 6 15 2 0 9 15 6 6 5 5 5 5 5 5 5 5 9 9 9 9 9 9 9 9 9 8 8 8 5 5 5 5 5 5 7 7 7 7 7 7 7 7 7 7 7 7 4 4 4 4 4 11 11 11 11 11 7 7 3 7 7 7 7 7 5 5 5 5 5 5 5 5 5 7 7 7 7 7 7 7 7 7 7 10 5 5 5 5 5 5 5 5 5 5 5 5 5 5 16 16 16 16 16 16 16 6 6 6 6 6 6 16 16 16 16 16 16 11 3 3 3 3 3 3 3 9 9 11 11 11 11 5 7 7 7 7
4 4 4 4 4 3 3 4 4 7 12 9 9 9 9 9 9 5 5 6 9 9 9 9 9 7 7 7 7 5 5 5 4 4 4 13 13 7 7 7 7 9 15 9 9 0 15 4 4 4 4 4 4 8 8 8 8 5 5 5 5 5 5 5 5 5 7 7 7 5 5 5 5 5 5 5 5 5 5 5 5 5 5 5 5 10 10 5 5 5 5 5 6 6 6 6 6 6 5 10 10 10 10 10 10 4 4 4 4 4 4 4 4 4 5 5 5 5 5 5 5 10 10 10 14 5 5 5 5 4 4 4 4 4 4 4 4 4 4 16 16 16 16 16 16 16 9 9 9 9 9 9 16 16 16 16 16 16 5 5 5 5 5 5 5 5 11 11 6 6 6 6 7 10 10 10 10
15 15 15 15 15 15 15 15 15 15 15 15 15 15 15 15 15 15 15 7 15 15 15 15 15 14 14 14 14 15 15 15 15 15 15 16 16 14 15 15 15 15 4 15 15 15 0 15 15 16 16 16 16 15 15 15 15 16 16 16 16 16 16 16 16 16 15 15 15 15 15 15 15 15 15 16 16 16 16 16 16 16 16 16 16 16 16 15 15 15 15 15 16 16 16 16 16 16 16 16 16 16 16 16 16 15 15 15 15 15 15 15 15 15 16 16 16 16 16 16 16 15 15 15 17 16 16 16 16 15 15 15 15 15 15 15 15 15 15 5 5 5 5 5 5 5 15 15 15 15 15 15 5 5 5 5 5 5 16 16 16 16 16 16 16 16 17 17 16 16 16 16 15 16 16 16 16
2 2 2 2 8 3 3 6 6 8 6 9 6 6 6 6 6 5 5 8 9 9 9 9 9 7 7 7 7 5 5 5 6 6 6 9 9 8 6 6 6 6 15 6 6 4 15 0 2 4 4 4 4 7 7 7 7 5 5 5 5 5 5 5 5 5 8 8 8 7 7 7 7 7 7 7 7 7 7 7 7 7 7 7 7 7 7 6 6 6 6 6 6 6 6 6 6 6 3 7 7 7 7 7 7 4 4 4 4 4 4 4 4 4 3 3 3 3 3 3 3 7 7 7 10 7 7 7 7 4 4 4 4 4 4 4 4 4 4 16 16 16 16 16 16 16 9 9 9 9 9 9 16 16 16 16 16 16 5 7 7 7 7 7 7 7 11 11 6 6 6 6 8 10 10 10 10
2 2 2 2 8 3 3 6 6 8 6 9 6 6 6 6 6 5 5 8 9 9 9 9 9 7 7 7 7 5 5 5 6 6 6 9 9 8 6 6 6 6 15 6 6 4 15 2 0 4 4 4 4 7 7 7 7 5 5 5 5 5 5 5 5 5 8 8 8 7 7 7 7 7 7 7 7 7 7 7 7 7 7 7 7 7 7 6 6 6 6 6 6 6 6 6 6 6 3 7 7 7 7 7 7 4 4 4 4 4 4 4 4 4 3 3 3 3 3 3 3 7 7 7 10 7 7 7 7 4 4 4 4 4 4 4 4 4 4 16 16 16 16 16 16 16 9 9 9 9 9 9 16 16 16 16 16 16 5 7 7 7 7 7 7 7 11 11 6 6 6 6 8 10 10 10 10
4 4 4 4 10 3 3 10 10 10 10 7 7 7 7 7 7 11 11 11 5 5 5 5 5 9 9 9 9 8 8 8 10 10 10 11 11 12 10 10 10 7 16 5 5 4 16 4 4 0 2 2 2 7 7 7 7 10 10 10 10 10 10 10 10 10 10 10 10 7 7 7 7 7 7 11 11 11 11 11 11 11 11 11 11 8 8 10 10 10 10 10 12 12 12 12 12 8 5 6 8 8 8 8 8 4 4 4 4 4 4 4 4 4 5 5 5 5 5 5 5 9 9 9 12 11 11 11 11 4 4 4 4 4 4 4 4 4 4 17 17 17 17 17 17 17 7 7 7 7 7 7 17 17 17 17 17 17 12 6 6 6 6 6 6 6 10 10 12 12 12 12 6 8 8 8 8
4 4 4 4 10 3 3 10 10 10 10 7 7 7 7 7 7 11 11 11 5 5 5 5 5 9 9 9 9 8 8 8 10 10 10 11 11 12 10 10 10 7 16 5 5 4 16 4 4 2 0 2 2 7 7 7 7 10 10 10 10 10 10 10 10 10 10 10 10 7 7 7 7 7 7 11 11 11 11 11 11 11 11 11 11 8 8 10 10 10 10 10 12 12 12 12 12 8 5 6 8 8 8 8 8 4 4 4 4 4 4 4 4 4 5 5 5 5 5 5 5 9 9 9 12 11 11 11 11 4 4 4 4 4 4 4 4 4 4 17 17 17 17 17 17 17 7 7 7 7 7 7 17 17 17 17 17 17 12 6 6 6 6 6 6 6 10 10 12 12 12 12 6 8 8 8 8
4 4 4 4 10 3 3 10 10 10 10 7 7 7 7 7 7 11 11 11 5 5 5 5 5 9 9 9 9 8 8 8 10 10 10 11 11 12 10 10 10 7 16 5 5 4 16 4 4 2 2 0 2 7 7 7 7 10 10 10 10 10 10 10 10 10 10 10 10 7 7 7 7 7 7 11 11 11 11 11 11 11 11 11 11 8 8 10 10 10 10 10 12 12 12 12 12 8 5 6 8 8 8 8 8 4 4 4 4 4 4 4 4 4 5 5 5 5 5 5 5 9 9 9 12 11 11 11 11 4 4 4 4 4 4 4 4 4 4 17 17 17 17 17 17 17 7 7 7 7 7 7 17 17 17 17 17 17 12 6 6 6 6 6 6 6 10 10 12 12 12 12 6 8 8 8 8
4 4 4 4 10 3 3 10 10 10 10 7 7 7 7 7 7 11 11 11 5 5 5 5 5 9 9 9 9 8 8 8 10 10 10 11 11 12 10 10 10 7 16 5 5 4 16 4 4 2 2 2 0 7 7 7 7 10 10 10 10 10 10 10 10 10 10 10 10 7 7 7 7 7 7 11 11 11 11 11 11 11 11 11 11 8 8 10 10 10 10 10 12 12 12 12 12 8 5 6 8 8 8 8 8 4 4 4 4 4 4 4 4 4 5 5 5 5 5 5 5 9 9 9 12 11 11 11 11 4 4 4 4 4 4 4 4 4 4 17 17 17 17 17 17 17 7 7 7 7 7 7 17 17 17 17 17 17 12 6 6 6 6 6 6 6 10 10 12 12 12 12 6 8 8 8 8
7 7 7 7 5 6 6 7 7 5 7 4 4 4 4 4 4 10 10 8 6 6 6 6 6 7 7 7 7 9 9 9 5 5 5 10 10 7 3 3 1 4 15 5 5 8 15 7 7 7 7 7 7 0 2 2 2 9 9 9 9 9 9 9 9 9 5 5 5 4 4 4 4 4 4 8 8 8 8 8 8 8 8 8 8 5 5 5 5 5 5 5 11 11 11 11 11 5 8 6 5 5 5 5 5 7 7 7 7 7 7 7 7 7 8 8 8 8 8 8 8 8 8 8 11 6 6 6 6 4 4 4 4 7 7 7 7 7 7 16 16 16 16 16 16 16 4 4 4 4 4 4 16 16 16 16 16 16 11 6 6 6 6 6 6 6 9 9 11 11 11 11 5 5 5 5 5
7 7 7 7 5 6 6 7 7 5 7 4 4 4 4 4 4 10 10 8 6 6 6 6 6 7 7 7 7 9 9 9 5 5 5 10 10 7 3 3 1 4 15 5 5 8 15 7 7 7 7 7 7 2 0 2 2 9 9 9 9 9 9 9 9 9 5 5 5 4 4 4 4 4 4 8 8 8 8 8 8 8 8 8 8 5 5 5 5 5 5 5 11 11 11 11 11 5 8 6 5 5 5 5 5 7 7 7 7 7 7 7 7 7 8 8 8 8 8 8 8 8 8 8 11 6 6 6 6 4 4 4 4 7 7 7 7 7 7 16 16 16 16 16 16 16 4 4 4 4 4 4 16 16 16 16 16 16 11 6 6 6 6 6 6 6 9 9 11 11 11 11 5 5 5 5 5
7 7 7 7 5 6 6 7 7 5 7 4 4 4 4 4 4 10 10 8 6 6 6 6 6 7 7 7 7 9 9 9 5 5 5 10 10 7 3 3 1 4 15 5 5 8 15 7 7 7 7 7 7 2 2 0 2 9 9 9 9 9 9 9 9 9 5 5 5 4 4 4 4 4 4 8 8 8 8 8 8 8 8 8 8 5 5 5 5 5 5 5 11 11 11 11 11 5 8 6 5 5 5 5 5 7 7 7 7 7 7 7 7 7 8 8 8 8 8 8 8 8 8 8 11 6 6 6 6 4 4 4 4 7 7 7 7 7 7 16 16 16 16 16 16 16 4 4 4 4 4 4 16 16 16 16 16 16 11 6 6 6 6 6 6 6 9 9 11 11 11 11 5 5 5 5 5
7 7 7 7 5 6 6 7 7 5 7 4 4 4 4 4 4 10 10 8 6 6 6 6 6 7 7 7 7 9 9 9 5 5 5 10 10 7 3 3 1 4 15 5 5 8 15 7 7 7 7 7 7 2 2 2 0 9 9 9 9 9 9 9 9 9 5 5 5 4 4 4 4 4 4 8 8 8 8 8 8 8 8 8 8 5 5 5 5 5 5 5 11 11 11 11 11 5 8 6 5 5 5 5 5 7 7 7 7 7 7 7 7 7 8 8 8 8 8 8 8 8 8 8 11 6 6 6 6 4 4 4 4 7 7 7 7 7 7 16 16 16 16 16 16 16 4 4 4 4 4 4 16 16 16 16 16 16 11 6 6 6 6 6 6 6 9 9 11 11 11 11 5 5 5 5 5
5 5 5 5 8 9 9 9 9 8 7 11 9 9 11 11 11 6 6 9 9 9 9 9 9 9 9 9 9 4 4 4 9 9 9 14 14 6 8 8 8 9 16 9 9 5 16 5 5 10 10 10 10 9 9 9 9 0 2 2 2 2 2 2 2 2 8 8 8 10 10 10 10 10 10 10 10 10 10 10 10 10 10 10 10 10 10 10 10 10 10 10 7 7 7 7 7 5 6 10 10 10 10 10 10 5 5 5 5 5 5 5 5 5 6 6 6 6 6 6 6 11 11 11 15 10 10 10 10 5 5 5 5 10 10 10 10 10 10 17 17 17 17 17 17 17 11 11 11 11 11 11 17 17 17 17 17 17 6 10 10 10 10 10 10 10 6 6 7 7 7 7 8 12 12 12 12
5 5 5 5 8 9 9 9 9 8 7 11 9 9 11 11 11 6 6 9 9 9 9 9 9 9 9 9 9 4 4 4 9 9 9 14 14 6 8 8 8 9 16 9 9 5 16 5 5 10 10 10 10 9 9 9 9 2 0 2 2 2 2 2 2 2 8 8 8 10 10 10 10 10 10 10 10 10 10 10 10 10 10 10 10 10 10 10 10 10 10 10 7 7 7 7 7 5 6 10 10 10 10 10 10 5 5 5 5 5 5 5 5 5 6 6 6 6 6 6 6 11 11 11 15 10 10 10 10 5 5 5 5 10 10 10 10 10 10 17 17 17 17 17 17 17 11 11 11 11 11 11 17 17 17 17 17 17 6 10 10 10 10 10 10 10 6 6 7 7 7 7 8 12 12 12 12
5 5 5 5 8 9 9 9 9 8 7 11 9 9 11 11 11 6 6 9 9 9 9 9 9 9 9 9 9 4 4 4 9 9 9 14 14 6 8 8 8 9 16 9 9 5 16 5 5 10 10 10 10 9 9 9 9 2 2 0 2 2 2 2 2 2 8 8 8 10 10 10 10 10 10 10 10 10 10 10 10 10 10 10 10 10 10 10 10 10 10 10 7 7 7 7 7 5 6 10 10 10 10 10 10 5 5 5 5 5 5 5 5 5 6 6 6 6 6 6 6 11 11 11 15 10 10 10 10 5 5 5 5 10 10 10 10 10 10 17 17 17 17 17 17 17 11 11 11 11 11 11 17 17 17 17 17 17 6 10 10 10 10 10 10 10 6 6 7 7 7 7 8 12 12 12 12
5 5 5 5 8 9 9 9 9 8 7 11 9 9 11 11 11 6 6 9 9 9 9 9 9 9 9 9 9 4 4 4 9 9 9 14 14 6 8 8 8 9 16 9 9 5 16 5 5 10 10 10 10 9 9 9 9 2 2 2 0 2 2 2 2 2 8 8 8 10 10 10 10 10 10 10 10 10 10 10 10 10 10 10 10 10 10 10 10 10 10 10 7 7 7 7 7 5 6 10 10 10 10 10 10 5 5 5 5 5 5 5 5 5 6 6 6 6 6 6 6 11 11 11 15 10 10 10 10 5 5 5 5 10 10 10 10 10 10 17 17 17 17 17 17 17 11 11 11 11 11 11 17 17 17 17 17 17 6 10 10 10 10 10 10 10 6 6 7 7 7 7 8 12 12 12 12
5 5 5 5 8 9 9 9 9 8 7 11 9 9 11 11 11 6 6 9 9 9 9 9 9 9 9 9 9 4 4 4 9 9 9 14 14 6 8 8 8 9 16 9 9 5 16 5 5 10 10 10 10 9 9 9 9 2 2 2 2 0 2 2 2 2 8 8 8 10 10 10 10 10 10 10 10 10 10 10 10 10 10 10 10 10 10 10 10 10 10 10 7 7 7 7 7 5 6 10 10 10 10 10 10 5 5 5 5 5 5 5 5 5 6 6 6 6 6 6 6 11 11 11 15 10 10 10 10 5 5 5 5 10 10 10 10 10 10 17 17 17 17 17 17 17 11 11 11 11 11 11 17 17 17 17 17 17 6 10 10 10 10 10 10 10 6 6 7 7 7 7 8 12 12 12 12
5 5 5 5 8 9 9 9 9 8 7 11 9 9 11 11 11 6 6 9 9 9 9 9 9 9 9 9 9 4 4 4 9 9 9 14 14 6 8 8 8 9 16 9 9 5 16 5 5 10 10 10 10 9 9 9 9 2 2 2 2 2 0 2 2 2 8 8 8 10 10 10 10 10 10 10 10 10 10 10 10 10 10 10 10 10 10 10 10 10 10 10 7 7 7 7 7 5 6 10 10 10 10 10 10 5 5 5 5 5 5 5 5 5 6 6 6 6 6 6 6 11 11 11 15 10 10 10 10 5 5 5 5 10 10 10 10 10 10 17 17 17 17 17 17 17 11 11 11 11 11 11 17 17 17 17 17 17 6 10 10 10 10 10 10 10 6 6 7 7 7 7 8 12 12 12 12
5 5 5 5 8 9 9 9 9 8 7 11 9 9 11 11 11 6 6 9 9 9 9 9 9 9 9 9 9 4 4 4 9 9 9 14 14 6 8 8 8 9 16 9 9 5 16 5 5 10 10 10 10 9 9 9 9 2 2 2 2 2 2 0 2 2 8 8 8 10 10 10 10 10 10 10 10 10 10 10 10 10 10 10 10 10 10 10 10 10 10 10 7 7 7 7 7 5 6 10 10 10 10 10 10 5 5 5 5 5 5 5 5 5 6 6 6 6 6 6 6 11 11 11 15 10 10 10 10 5 5 5 5 10 10 10 10 10 10 17 17 17 17 17 17 17 11 11 11 11 11 11 17 17 17 17 17 17 6 10 10 10 10 10 10 10 6 6 7 7 7 7 8 12 12 12 12
5 5 5 5 8 9 9 9 9 8 7 11 9 9 11 11 11 6 6 9 9 9 9 9 9 9 9 9 9 4 4 4 9 9 9 14 14 6 8 8 8 9 16 9 9 5 16 5 5 10 10 10 10 9 9 9 9 2 2 2 2 2 2 2 0 2 8 8 8 10 10 10 10 10 10 10 10 10 10 10 10 10 10 10 10 10 10 10 10 10 10 10 7 7 7 7 7 5 6 10 10 10 10 10 10 5 5 5 5 5 5 5 5 5 6 6 6 6 6 6 6 11 11 11 15 10 10 10 10 5 5 5 5 10 10 10 10 10 10 17 17 17 17 17 17 17 11 11 11 11 11 11 17 17 17 17 17 17 6 10 10 10 10 10 10 10 6 6 7 7 7 7 8 12 12 12 12
5 5 5 5 8 9 9 9 9 8 7 11 9 9 11 11 11 6 6 9 9 9 9 9 9 9 9 9 9 4 4 4 9 9 9 14 14 6 8 8 8 9 16 9 9 5 16 5 5 10 10 10 10 9 9 9 9 2 2 2 2 2 2 2 2 0 8 8 8 10 10 10 10 10 10 10 10 10 10 10 10 10 10 10 10 10 10 10 10 10 10 10 7 7 7 7 7 5 6 10 10 10 10 10 10 5 5 5 5 5 5 5 5 5 6 6 6 6 6 6 6 11 11 11 15 10 10 10 10 5 5 5 5 10 10 10 10 10 10 17 17 17 17 17 17 17 11 11 11 11 11 11 17 17 17 17 17 17 6 10 10 10 10 10 10 10 6 6 7 7 7 7 8 12 12 12 12
8 8 8 8 4 9 9 6 6 4 8 11 8 8 8 8 8 9 9 7 9 9 9 9 9 6 6 6 6 8 8 8 7 7 7 13 13 6 4 4 4 8 15 8 8 7 15 8 8 10 10 10 10 5 5 5 5 8 8 8 8 8 8 8 8 8 0 2 2 8 8 8 8 8 8 7 7 7 7 7 7 7 7 7 7 9 9 7 7 7 7 7 10 10 10 10 10 9 9 9 9 9 9 9 9 9 9 9 9 9 9 9 9 9 9 9 9 9 9 9 9 9 9 9 14 8 8 8 8 5 5 5 5 7 7 7 7 7 7 16 16 16 16 16 16 16 11 11 11 11 11 11 16 16 16 16 16 16 10 8 8 8 8 8 8 8 8 8 10 10 10 10 2 12 12 12 12
8 8 8 8 4 9 9 6 6 4 8 11 8 8 8 8 8 9 9 7 9 9 9 9 9 6 6 6 6 8 8 8 7 7 7 13 13 6 4 4 4 8 15 8 8 7 15 8 8 10 10 10 10 5 5 5 5 8 8 8 8 8 8 8 8 8 2 0 2 8 8 8 8 8 8 7 7 7 7 7 7 7 7 7 7 9 9 7 7 7 7 7 10 10 10 10 10 9 9 9 9 9 9 9 9 9 9 9 9 9 9 9 9 9 9 9 9 9 9 9 9 9 9 9 14 8 8 8 8 5 5 5 5 7 7 7 7 7 7 16 16 16 16 16 16 16 11 11 11 11 11 11 16 16 16 16 16 16 10 8 8 8 8 8 8 8 8 8 10 10 10 10 2 12 12 12 12
8 8 8 8 4 9 9 6 6 4 8 11 8 8 8 8 8 9 9 7 9 9 9 9 9 6 6 6 6 8 8 8 7 7 7 13 13 6 4 4 4 8 15 8 8 7 15 8 8 10 10 10 10 5 5 5 5 8 8 8 8 8 8 8 8 8 2 2 0 8 8 8 8 8 8 7 7 7 7 7 7 7 7 7 7 9 9 7 7 7 7 7 10 10 10 10 10 9 9 9 9 9 9 9 9 9 9 9 9 9 9 9 9 9 9 9 9 9 9 9 9 9 9 9 14 8 8 8 8 5 5 5 5 7 7 7 7 7 7 16 16 16 16 16 16 16 11 11 11 11 11 11 16 16 16 16 16 16 10 8 8 8 8 8 8 8 8 8 10 10 10 10 2 12 12 12 12
7 7 7 7 5 6 6 5 5 8 7 4 4 4 4 4 4 9 9 7 6 6 6 6 6 8 8 8 8 10 10 10 3 3 1 10 10 8 5 5 5 4 15 5 5 5 15 7 7 7 7 7 7 4 4 4 4 10 10 10 10 10 10 10 10 10 8 8 8 0 2 2 2 2 2 6 6 6 6 6 6 6 6 6 6 5 5 5 5 5 5 5 10 10 10 10 10 5 8 6 5 5 5 5 5 7 7 7 7 7 7 7 7 7 8 8 8 8 8 8 8 8 8 8 11 4 4 4 4 6 6 6 6 7 7 7 7 7 7 16 16 16 16 16 16 16 4 4 4 4 4 4 16 16 16 16 16 16 10 4 4 4 4 4 4 4 12 12 10 10 10 10 7 5 5 5 5
7 7 7 7 5 6 6 5 5 8 7 4 4 4 4 4 4 9 9 7 6 6 6 6 6 8 8 8 8 10 10 10 3 3 1 10 10 8 5 5 5 4 15 5 5 5 15 7 7 7 7 7 7 4 4 4 4 10 10 10 10 10 10 10 10 10 8 8 8 2 0 2 2 2 2 6 6 6 6 6 6 6 6 6 6 5 5 5 5 5 5 5 10 10 10 10 10 5 8 6 5 5 5 5 5 7 7 7 7 7 7 7 7 7 8 8 8 8 8 8 8 8 8 8 11 4 4 4 4 6 6 6 6 7 7 7 7 7 7 16 16 16 16 16 16 16 4 4 4 4 4 4 16 16 16 16 16 16 10 4 4 4 4 4 4 4 12 12 10 10 10 10 7 5 5 5 5
7 7 7 7 5 6 6 5 5 8 7 4 4 4 4 4 4 9 9 7 6 6 6 6 6 8 8 8 8 10 10 10 3 3 1 10 10 8 5 5 5 4 15 5 5 5 15 7 7 7 7 7 7 4 4 4 4 10 10 10 10 10 10 10 10 10 8 8 8 2 2 0 2 2 2 6 6 6 6 6 6 6 6 6 6 5 5 5 5 5 5 5 10 10 10 10 10 5 8 6 5 5 5 5 5 7 7 7 7 7 7 7 7 7 8 8 8 8 8 8 8 8 8 8 11 4 4 4 4 6 6 6 6 7 7 7 7 7 7 16 16 16 16 16 16 16 4 4 4 4 4 4 16 16 16 16 16 16 10 4 4 4 4 4 4 4 12 12 10 10 10 10 7 5 5 5 5
7 7 7 7 5 6 6 5 5 8 7 4 4 4 4 4 4 9 9 7 6 6 6 6 6 8 8 8 8 10 10 10 3 3 1 10 10 8 5 5 5 4 15 5 5 5 15 7 7 7 7 7 7 4 4 4 4 10 10 10 10 10 10 10 10 10 8 8 8 2 2 2 0 2 2 6 6 6 6 6 6 6 6 6 6 5 5 5 5 5 5 5 10 10 10 10 10 5 8 6 5 5 5 5 5 7 7 7 7 7 7 7 7 7 8 8 8 8 8 8 8 8 8 8 11 4 4 4 4 6 6 6 6 7 7 7 7 7 7 16 16 16 16 16 16 16 4 4 4 4 4 4 16 16 16 16 16 16 10 4 4 4 4 4 4 4 12 12 10 10 10 10 7 5 5 5 5
7 7 7 7 5 6 6 5 5 8 7 4 4 4 4 4 4 9 9 7 6 6 6 6 6 8 8 8 8 10 10 10 3 3 1 10 10 8 5 5 5 4 15 5 5 5 15 7 7 7 7 7 7 4 4 4 4 10 10 10 10 10 10 10 10 10 8 8 8 2 2 2 2 0 2 6 6 6 6 6 6 6 6 6 6 5 5 5 5 5 5 5 10 10 10 10 10 5 8 6 5 5 5 5 5 7 7 7 7 7 7 7 7 7 8 8 8 8 8 8 8 8 8 8 11 4 4 4 4 6 6 6 6 7 7 7 7 7 7 16 16 16 16 16 16 16 4 4 4 4 4 4 16 16 16 16 16 16 10 4 4 4 4 4 4 4 12 12 10 10 10 10 7 5 5 5 5
7 7 7 7 5 6 6 5 5 8 7 4 4 4 4 4 4 9 9 7 6 6 6 6 6 8 8 8 8 10 10 10 3 3 1 10 10 8 5 5 5 4 15 5 5 5 15 7 7 7 7 7 7 4 4 4 4 10 10 10 10 10 10 10 10 10 8 8 8 2 2 2 2 2 0 6 6 6 6 6 6 6 6 6 6 5 5 5 5 5 5 5 10 10 10 10 10 5 8 6 5 5 5 5 5 7 7 7 7 7 7 7 7 7 8 8 8 8 8 8 8 8 8 8 11 4 4 4 4 6 6 6 6 7 7 7 7 7 7 16 16 16 16 16 16 16 4 4 4 4 4 4 16 16 16 16 16 16 10 4 4 4 4 4 4 4 12 12 10 10 10 10 7 5 5 5 5
7 7 7 7 5 10 10 3 3 7 7 10 5 5 5 5 5 9 9 7 10 10 10 10 10 6 6 6 6 10 10 10 5 5 5 10 10 7 7 7 7 5 16 7 7 5 16 7 7 11 11 11 11 8 8 8 8 10 10 10 10 10 10 10 10 10 7 7 7 6 6 6 6 6 6 0 2 2 2 2 2 4 4 4 4 6 6 4 4 4 4 4 10 10 10 10 10 6 8 8 6 6 6 6 6 9 9 9 9 9 9 9 9 9 8 8 8 8 8 8 8 6 6 6 11 6 6 6 6 8 8 8 8 7 7 7 7 7 7 17 17 17 17 17 17 17 10 10 10 10 10 10 17 17 17 17 17 17 10 6 6 6 6 6 6 6 13 13 10 10 10 10 7 11 11 11 11
7 7 7 7 5 10 10 3 3 7 7 10 5 5 5 5 5 9 9 7 10 10 10 10 10 6 6 6 6 10 10 10 5 5 5 10 10 7 7 7 7 5 16 7 7 5 16 7 7 11 11 11 11 8 8 8 8 10 10 10 10 10 10 10 10 10 7 7 7 6 6 6 6 6 6 2 0 2 2 2 2 4 4 4 4 6 6 4 4 4 4 4 10 10 10 10 10 6 8 8 6 6 6 6 6 9 9 9 9 9 9 9 9 9 8 8 8 8 8 8 8 6 6 6 11 6 6 6 6 8 8 8 8 7 7 7 7 7 7 17 17 17 17 17 17 17 10 10 10 10 10 10 17 17 17 17 17 17 10 6 6 6 6 6 6 6 13 13 10 10 10 10 7 11 11 11 11
7 7 7 7 5 10 10 3 3 7 7 10 5 5 5 5 5 9 9 7 10 10 10 10 10 6 6 6 6 10 10 10 5 5 5 10 10 7 7 7 7 5 16 7 7 5 16 7 7 11 11 11 11 8 8 8 8 10 10 10 10 10 10 10 10 10 7 7 7 6 6 6 6 6 6 2 2 0 2 2 2 4 4 4 4 6 6 4 4 4 4 4 10 10 10 10 10 6 8 8 6 6 6 6 6 9 9 9 9 9 9 9 9 9 8 8 8 8 8 8 8 6 6 6 11 6 6 6 6 8 8 8 8 7 7 7 7 7 7 17 17 17 17 17 17 17 10 10 10 10 10 10 17 17 17 17 17 17 10 6 6 6 6 6 6 6 13 13 10 10 10 10 7 11 11 11 11
7 7 7 7 5 10 10 3 3 7 7 10 5 5 5 5 5 9 9 7 10 10 10 10 10 6 6 6 6 10 10 10 5 5 5 10 10 7 7 7 7 5 16 7 7 5 16 7 7 11 11 11 11 8 8 8 8 10 10 10 10 10 10 10 10 10 7 7 7 6 6 6 6 6 6 2 2 2 0 2 2 4 4 4 4 6 6 4 4 4 4 4 10 10 10 10 10 6 8 8 6 6 6 6 6 9 9 9 9 9 9 9 9 9 8 8 8 8 8 8 8 6 6 6 11 6 6 6 6 8 8 8 8 7 7 7 7 7 7 17 17 17 17 17 17 17 10 10 10 10 10 10 17 17 17 17 17 17 10 6 6 6 6 6 6 6 13 13 10 10 10 10 7 11 11 11 11
7 7 7 7 5 10 10 3 3 7 7 10 5 5 5 5 5 9 9 7 10 10 10 10 10 6 6 6 6 10 10 10 5 5 5 10 10 7 7 7 7 5 16 7 7 5 16 7 7 11 11 11 11 8 8 8 8 10 10 10 10 10 10 10 10 10 7 7 7 6 6 6 6 6 6 2 2 2 2 0 2 4 4 4 4 6 6 4 4 4 4 4 10 10 10 10 10 6 8 8 6 6 6 6 6 9 9 9 9 9 9 9 9 9 8 8 8 8 8 8 8 6 6 6 11 6 6 6 6 8 8 8 8 7 7 7 7 7 7 17 17 17 17 17 17 17 10 10 10 10 10 10 17 17 17 17 17 17 10 6 6 6 6 6 6 6 13 13 10 10 10 10 7 11 11 11 11
7 7 7 7 5 10 10 3 3 7 7 10 5 5 5 5 5 9 9 7 10 10 10 10 10 6 6 6 6 10 10 10 5 5 5 10 10 7 7 7 7 5 16 7 7 5 16 7 7 11 11 11 11 8 8 8 8 10 10 10 10 10 10 10 10 10 7 7 7 6 6 6 6 6 6 2 2 2 2 2 0 4 4 4 4 6 6 4 4 4 4 4 10 10 10 10 10 6 8 8 6 6 6 6 6 9 9 9 9 9 9 9 9 9 8 8 8 8 8 8 8 6 6 6 11 6 6 6 6 8 8 8 8 7 7 7 7 7 7 17 17 17 17 17 17 17 10 10 10 10 10 10 17 17 17 17 17 17 10 6 6 6 6 6 6 6 13 13 10 10 10 10 7 11 11 11 11
7 7 7 7 5 10 10 3 1 7 7 10 5 5 5 5 5 9 9 7 10 10 10 10 10 6 6 6 6 10 10 10 5 5 5 10 10 7 7 7 7 5 16 7 7 5 16 7 7 11 11 11 11 8 8 8 8 10 10 10 10 10 10 10 10 10 7 7 7 6 6 6 6 6 6 4 4 4 4 4 4 0 2 2 2 6 6 2 2 2 2 2 10 10 10 10 10 6 8 8 6 6 6 6 6 9 9 9 9 9 9 9 9 9 8 8 8 8 8 8 8 6 6 6 11 6 6 6 6 8 8 8 8 7 7 7 7 7 7 17 17 17 17 17 17 17 10 10 10 10 10 10 17 17 17 17 17 17 10 6 6 6 6 6 6 6 13 13 10 10 10 10 7 11 11 11 11
7 7 7 7 5 10 10 3 1 7 7 10 5 5 5 5 5 9 9 7 10 10 10 10 10 6 6 6 6 10 10 10 5 5 5 10 10 7 7 7 7 5 16 7 7 5 16 7 7 11 11 11 11 8 8 8 8 10 10 10 10 10 10 10 10 10 7 7 7 6 6 6 6 6 6 4 4 4 4 4 4 2 0 2 2 6 6 2 2 2 2 2 10 10 10 10 10 6 8 8 6 6 6 6 6 9 9 9 9 9 9 9 9 9 8 8 8 8 8 8 8 6 6 6 11 6 6 6 6 8 8 8 8 7 7 7 7 7 7 17 17 17 17 17 17 17 10 10 10 10 10 10 17 17 17 17 17 17 10 6 6 6 6 6 6 6 13 13 10 10 10 10 7 11 11 11 11
7 7 7 7 5 10 10 3 1 7 7 10 5 5 5 5 5 9 9 7 10 10 10 10 10 6 6 6 6 10 10 10 5 5 5 10 10 7 7 7 7 5 16 7 7 5 16 7 7 11 11 11 11 8 8 8 8 10 10 10 10 10 10 10 10 10 7 7 7 6 6 6 6 6 6 4 4 4 4 4 4 2 2 0 2 6 6 2 2 2 2 2 10 10 10 10 10 6 8 8 6 6 6 6 6 9 9 9 9 9 9 9 9 9 8 8 8 8 8 8 8 6 6 6 11 6 6 6 6 8 8 8 8 7 7 7 7 7 7 17 17 17 17 17 17 17 10 10 10 10 10 10 17 17 17 17 17 17 10 6 6 6 6 6 6 6 13 13 10 10 10 10 7 11 11 11 11
7 7 7 7 5 10 10 3 1 7 7 10 5 5 5 5 5 9 9 7 10 10 10 10 10 6 6 6 6 10 10 10 5 5 5 10 10 7 7 7 7 5 16 7 7 5 16 7 7 11 11 11 11 8 8 8 8 10 10 10 10 10 10 10 10 10 7 7 7 6 6 6 6 6 6 4 4 4 4 4 4 2 2 2 0 6 6 2 2 2 2 2 10 10 10 10 10 6 8 8 6 6 6 6 6 9 9 9 9 9 9 9 9 9 8 8 8 8 8 8 8 6 6 6 11 6 6 6 6 8 8 8 8 7 7 7 7 7 7 17 17 17 17 17 17 17 10 10 10 10 10 10 17 17 17 17 17 17 10 6 6 6 6 6 6 6 13 13 10 10 10 10 7 11 11 11 11
7 7 7 7 9 7 7 5 5 9 7 3 3 3 5 5 5 10 10 11 7 7 7 7 7 6 6 6 6 9 9 9 7 7 7 10 10 8 7 7 7 1 16 7 7 10 16 7 7 8 8 8 8 5 5 5 5 10 10 10 10 10 10 10 10 10 9 9 9 5 5 5 5 5 5 6 6 6 6 6 6 6 6 6 6 0 2 6 6 6 6 6 11 11 11 11 11 4 8 8 4 4 4 4 4 8 8 8 8 8 8 8 8 8 8 8 8 8 8 8 8 6 6 6 11 8 8 8 8 8 8 8 8 7 7 7 7 7 7 17 17 17 17 17 17 17 5 5 5 5 5 5 17 17 17 17 17 17 10 8 8 8 8 8 8 8 11 11 11 11 11 11 8 4 4 4 4
7 7 7 7 9 7 7 5 5 9 7 3 3 3 5 5 5 10 10 11 7 7 7 7 7 6 6 6 6 9 9 9 7 7 7 10 10 8 7 7 7 1 16 7 7 10 16 7 7 8 8 8 8 5 5 5 5 10 10 10 10 10 10 10 10 10 9 9 9 5 5 5 5 5 5 6 6 6 6 6 6 6 6 6 6 2 0 6 6 6 6 6 11 11 11 11 11 4 8 8 4 4 4 4 4 8 8 8 8 8 8 8 8 8 8 8 8 8 8 8 8 6 6 6 11 8 8 8 8 8 8 8 8 7 7 7 7 7 7 17 17 17 17 17 17 17 5 5 5 5 5 5 17 17 17 17 17 17 10 8 8 8 8 8 8 8 11 11 11 11 11 11 8 4 4 4 4
6 6 6 6 5 9 9 3 1 7 6 9 5 5 5 5 5 9 9 7 9 9 9 9 9 6 6 6 6 10 10 10 4 4 4 9 9 7 4 4 4 5 15 4 4 5 15 6 6 10 10 10 10 5 5 5 5 10 10 10 10 10 10 10 10 10 7 7 7 5 5 5 5 5 5 4 4 4 4 4 4 2 2 2 2 6 6 0 2 2 2 2 10 10 10 10 10 6 7 5 6 6 6 6 6 9 9 9 9 9 9 9 9 9 7 7 7 7 7 7 7 6 6 6 10 5 5 5 5 5 5 5 5 7 7 7 7 7 7 16 16 16 16 16 16 16 9 9 9 9 9 9 16 16 16 16 16 16 10 5 5 5 5 5 5 5 13 13 10 10 10 10 7 10 10 10 10
6 6 6 6 5 9 9 3 1 7 6 9 5 5 5 5 5 9 9 7 9 9 9 9 9 6 6 6 6 10 10 10 4 4 4 9 9 7 4 4 4 5 15 4 4 5 15 6 6 10 10 10 10 5 5 5 5 10 10 10 10 10 10 10 10 10 7 7 7 5 5 5 5 5 5 4 4 4 4 4 4 2 2 2 2 6 6 2 0 2 2 2 10 10 10 10 10 6 7 5 6 6 6 6 6 9 9 9 9 9 9 9 9 9 7 7 7 7 7 7 7 6 6 6 10 5 5 5 5 5 5 5 5 7 7 7 7 7 7 16 16 16 16 16 16 16 9 9 9 9 9 9 16 16 16 16 16 16 10 5 5 5 5 5 5 5 13 13 10 10 10 10 7 10 10 10 10
6 6 6 6 5 9 9 3 1 7 6 9 5 5 5 5 5 9 9 7 9 9 9 9 9 6 6 6 6 10 10 10 4 4 4 9 9 7 4 4 4 5 15 4 4 5 15 6 6 10 10 10 10 5 5 5 5 10 10 10 10 10 10 10 10 10 7 7 7 5 5 5 5 5 5 4 4 4 4 4 4 2 2 2 2 6 6 2 2 0 2 2 10 10 10 10 10 6 7 5 6 6 6 6 6 9 9 9 9 9 9 9 9 9 7 7 7 7 7 7 7 6 6 6 10 5 5 5 5 5 5 5 5 7 7 7 7 7 7 16 16 16 16 16 16 16 9 9 9 9 9 9 16 16 16 16 16 16 10 5 5 5 5 5 5 5 13 13 10 10 10 10 7 10 10 10 10
6 6 6 6 5 9 9 3 1 7 6 9 5 5 5 5 5 9 9 7 9 9 9 9 9 6 6 6 6 10 10 10 4 4 4 9 9 7 4 4 4 5 15 4 4 5 15 6 6 10 10 10 10 5 5 5 5 10 10 10 10 10 10 10 10 10 7 7 7 5 5 5 5 5 5 4 4 4 4 4 4 2 2 2 2 6 6 2 2 2 0 2 10 10 10 10 10 6 7 5 6 6 6 6 6 9 9 9 9 9 9 9 9 9 7 7 7 7 7 7 7 6 6 6 10 5 5 5 5 5 5 5 5 7 7 7 7 7 7 16 16 16 16 16 16 16 9 9 9 9 9 9 16 16 16 16 16 16 10 5 5 5 5 5 5 5 13 13 10 10 10 10 7 10 10 10 10
6 6 6 6 5 9 9 3 1 7 6 9 5 5 5 5 5 9 9 7 9 9 9 9 9 6 6 6 6 10 10 10 4 4 4 9 9 7 4 4 4 5 15 4 4 5 15 6 6 10 10 10 10 5 5 5 5 10 10 10 10 10 10 10 10 10 7 7 7 5 5 5 5 5 5 4 4 4 4 4 4 2 2 2 2 6 6 2 2 2 2 0 10 10 10 10 10 6 7 5 6 6 6 6 6 9 9 9 9 9 9 9 9 9 7 7 7 7 7 7 7 6 6 6 10 5 5 5 5 5 5 5 5 7 7 7 7 7 7 16 16 16 16 16 16 16 9 9 9 9 9 9 16 16 16 16 16 16 10 5 5 5 5 5 5 5 13 13 10 10 10 10 7 10 10 10 10
6 6 6 6 9 11 11 9 9 10 8 11 10 10 11 11 11 1 3 9 11 11 11 11 11 10 10 10 10 7 7 7 9 9 9 14 14 7 10 10 10 10 16 11 11 6 16 6 6 12 12 12 12 11 11 11 11 7 7 7 7 7 7 7 7 7 10 10 10 10 10 10 10 10 10 10 10 10 10 10 10 10 10 10 10 11 11 10 10 10 10 10 0 2 2 2 2 8 7 12 11 11 11 11 11 6 6 6 6 6 6 6 6 6 7 7 7 7 7 7 7 11 11 11 15 10 10 10 10 6 6 6 6 11 11 11 11 11 11 17 17 17 17 17 17 17 11 11 11 11 11 11 17 17 17 17 17 17 5 10 10 10 10 10 10 10 10 10 4 4 4 4 10 12 12 12 12
6 6 6 6 9 11 11 9 9 10 8 11 10 10 11 11 11 1 3 9 11 11 11 11 11 10 10 10 10 7 7 7 9 9 9 14 14 7 10 10 10 10 16 11 11 6 16 6 6 12 12 12 12 11 11 11 11 7 7 7 7 7 7 7 7 7 10 10 10 10 10 10 10 10 10 10 10 10 10 10 10 10 10 10 10 11 11 10 10 10 10 10 2 0 2 2 2 8 7 12 11 11 11 11 11 6 6 6 6 6 6 6 6 6 7 7 7 7 7 7 7 11 11 11 15 10 10 10 10 6 6 6 6 11 11 11 11 11 11 17 17 17 17 17 17 17 11 11 11 11 11 11 17 17 17 17 17 17 5 10 10 10 10 10 10 10 10 10 4 4 4 4 10 12 12 12 12
6 6 6 6 9 11 11 9 9 10 8 11 10 10 11 11 11 1 3 9 11 11 11 11 11 10 10 10 10 7 7 7 9 9 9 14 14 7 10 10 10 10 16 11 11 6 16 6 6 12 12 12 12 11 11 11 11 7 7 7 7 7 7 7 7 7 10 10 10 10 10 10 10 10 10 10 10 10 10 10 10 10 10 10 10 11 11 10 10 10 10 10 2 2 0 2 2 8 7 12 11 11 11 11 11 6 6 6 6 6 6 6 6 6 7 7 7 7 7 7 7 11 11 11 15 10 10 10 10 6 6 6 6 11 11 11 11 11 11 17 17 17 17 17 17 17 11 11 11 11 11 11 17 17 17 17 17 17 5 10 10 10 10 10 10 10 10 10 4 4 4 4 10 12 12 12 12
6 6 6 6 9 11 11 9 9 10 8 11 10 10 11 11 11 1 3 9 11 11 11 11 11 10 10 10 10 7 7 7 9 9 9 14 14 7 10 10 10 10 16 11 11 6 16 6 6 12 12 12 12 11 11 11 11 7 7 7 7 7 7 7 7 7 10 10 10 10 10 10 10 10 10 10 10 10 10 10 10 10 10 10 10 11 11 10 10 10 10 10 2 2 2 0 2 8 7 12 11 11 11 11 11 6 6 6 6 6 6 6 6 6 7 7 7 7 7 7 7 11 11 11 15 10 10 10 10 6 6 6 6 11 11 11 11 11 11 17 17 17 17 17 17 17 11 11 11 11 11 11 17 17 17 17 17 17 5 10 10 10 10 10 10 10 10 10 4 4 4 4 10 12 12 12 12
6 6 6 6 9 11 11 9 9 10 8 11 10 10 11 11 11 1 3 9 11 11 11 11 11 10 10 10 10 7 7 7 9 9 9 14 14 7 10 10 10 10 16 11 11 6 16 6 6 12 12 12 12 11 11 11 11 7 7 7 7 7 7 7 7 7 10 10 10 10 10 10 10 10 10 10 10 10 10 10 10 10 10 10 10 11 11 10 10 10 10 10 2 2 2 2 0 8 7 12 11 11 11 11 11 6 6 6 6 6 6 6 6 6 7 7 7 7 7 7 7 11 11 11 15 10 10 10 10 6 6 6 6 11 11 11 11 11 11 17 17 17 17 17 17 17 11 11 11 11 11 11 17 17 17 17 17 17 5 10 10 10 10 10 10 10 10 10 4 4 4 4 10 12 12 12 12
6 6 6 6 9 7 7 5 5 9 7 5 3 3 5 5 5 7 7 10 6 6 6 6 6 6 6 6 6 3 3 3 7 7 7 10 10 7 7 7 7 5 16 7 7 6 16 6 6 8 8 8 8 5 5 5 5 5 5 5 5 5 5 5 5 5 9 9 9 5 5 5 5 5 5 6 6 6 6 6 6 6 6 6 6 4 4 6 6 6 6 6 8 8 8 8 8 0 7 8 4 4 4 4 4 6 6 6 6 6 6 6 6 6 7 7 7 7 7 7 7 6 6 6 11 8 8 8 8 6 6 6 6 7 7 7 7 7 7 17 17 17 17 17 17 17 5 5 5 5 5 5 17 17 17 17 17 17 7 8 8 8 8 8 8 8 7 7 8 8 8 8 7 6 6 6 6
3 3 3 1 9 4 4 7 7 9 7 10 7 7 7 7 7 6 6 9 10 10 10 10 10 8 8 8 8 6 6 6 7 7 7 10 10 9 7 7 7 7 16 7 7 5 16 3 3 5 5 5 5 8 8 8 8 6 6 6 6 6 6 6 6 6 9 9 9 8 8 8 8 8 8 8 8 8 8 8 8 8 8 8 8 8 8 7 7 7 7 7 7 7 7 7 7 7 0 8 8 8 8 8 8 5 5 5 5 5 5 5 5 5 4 4 4 4 4 4 4 8 8 8 11 8 8 8 8 5 5 5 5 5 5 5 5 5 5 17 17 17 17 17 17 17 10 10 10 10 10 10 17 17 17 17 17 17 6 8 8 8 8 8 8 8 12 12 7 7 7 7 9 11 11 11 11
7 7 7 7 9 5 5 7 7 9 7 7 7 7 7 7 7 11 11 11 5 5 5 5 5 8 8 8 8 8 8 8 5 5 5 10 10 9 5 5 5 7 16 3 3 10 16 7 7 6 6 6 6 6 6 6 6 10 10 10 10 10 10 10 10 10 9 9 9 6 6 6 6 6 6 8 8 8 8 8 8 8 8 8 8 8 8 5 5 5 5 5 12 12 12 12 12 8 8 0 8 8 8 8 8 6 6 6 6 6 6 6 6 6 8 8 8 8 8 8 8 8 8 8 11 6 6 6 6 6 6 6 6 6 6 6 6 6 6 17 17 17 17 17 17 17 7 7 7 7 7 7 17 17 17 17 17 17 12 4 4 4 4 4 4 4 10 10 12 12 12 12 6 8 8 8 8
7 7 7 7 9 7 7 5 5 9 7 5 1 3 5 5 5 10 10 11 7 7 7 7 7 6 6 6 6 9 9 9 7 7 7 10 10 8 7 7 7 5 16 7 7 10 16 7 7 8 8 8 8 5 5 5 5 10 10 10 10 10 10 10 10 10 9 9 9 5 5 5 5 5 5 6 6 6 6 6 6 6 6 6 6 4 4 6 6 6 6 6 11 11 11 11 11 4 8 8 0 2 2 2 2 8 8 8 8 8 8 8 8 8 8 8 8 8 8 8 8 6 6 6 11 8 8 8 8 8 8 8 8 7 7 7 7 7 7 17 17 17 17 17 17 17 5 5 5 5 5 5 17 17 17 17 17 17 10 8 8 8 8 8 8 8 11 11 11 11 11 11 8 6 6 6 6
7 7 7 7 9 7 7 5 5 9 7 5 1 3 5 5 5 10 10 11 7 7 7 7 7 6 6 6 6 9 9 9 7 7 7 10 10 8 7 7 7 5 16 7 7 10 16 7 7 8 8 8 8 5 5 5 5 10 10 10 10 10 10 10 10 10 9 9 9 5 5 5 5 5 5 6 6 6 6 6 6 6 6 6 6 4 4 6 6 6 6 6 11 11 11 11 11 4 8 8 2 0 2 2 2 8 8 8 8 8 8 8 8 8 8 8 8 8 8 8 8 6 6 6 11 8 8 8 8 8 8 8 8 7 7 7 7 7 7 17 17 17 17 17 17 17 5 5 5 5 5 5 17 17 17 17 17 17 10 8 8 8 8 8 8 8 11 11 11 11 11 11 8 6 6 6 6
7 7 7 7 9 7 7 5 5 9 7 5 1 3 5 5 5 10 10 11 7 7 7 7 7 6 6 6 6 9 9 9 7 7 7 10 10 8 7 7 7 5 16 7 7 10 16 7 7 8 8 8 8 5 5 5 5 10 10 10 10 10 10 10 10 10 9 9 9 5 5 5 5 5 5 6 6 6 6 6 6 6 6 6 6 4 4 6 6 6 6 6 11 11 11 11 11 4 8 8 2 2 0 2 2 8 8 8 8 8 8 8 8 8 8 8 8 8 8 8 8 6 6 6 11 8 8 8 8 8 8 8 8 7 7 7 7 7 7 17 17 17 17 17 17 17 5 5 5 5 5 5 17 17 17 17 17 17 10 8 8 8 8 8 8 8 11 11 11 11 11 11 8 6 6 6 6
7 7 7 7 9 7 7 5 5 9 7 5 1 3 5 5 5 10 10 11 7 7 7 7 7 6 6 6 6 9 9 9 7 7 7 10 10 8 7 7 7 5 16 7 7 10 16 7 7 8 8 8 8 5 5 5 5 10 10 10 10 10 10 10 10 10 9 9 9 5 5 5 5 5 5 6 6 6 6 6 6 6 6 6 6 4 4 6 6 6 6 6 11 11 11 11 11 4 8 8 2 2 2 0 2 8 8 8 8 8 8 8 8 8 8 8 8 8 8 8 8 6 6 6 11 8 8 8 8 8 8 8 8 7 7 7 7 7 7 17 17 17 17 17 17 17 5 5 5 5 5 5 17 17 17 17 17 17 10 8 8 8 8 8 8 8 11 11 11 11 11 11 8 6 6 6 6
7 7 7 7 9 7 7 5 5 9 7 5 1 3 5 5 5 10 10 11 7 7 7 7 7 6 6 6 6 9 9 9 7 7 7 10 10 8 7 7 7 5 16 7 7 10 16 7 7 8 8 8 8 5 5 5 5 10 10 10 10 10 10 10 10 10 9 9 9 5 5 5 5 5 5 6 6 6 6 6 6 6 6 6 6 4 4 6 6 6 6 6 11 11 11 11 11 4 8 8 2 2 2 2 0 8 8 8 8 8 8 8 8 8 8 8 8 8 8 8 8 6 6 6 11 8 8 8 8 8 8 8 8 7 7 7 7 7 7 17 17 17 17 17 17 17 5 5 5 5 5 5 17 17 17 17 17 17 10 8 8 8 8 8 8 8 11 11 11 11 11 11 8 6 6 6 6
4 4 4 4 8 3 3 8 8 9 10 7 7 7 7 7 7 5 5 8 3 1 3 3 3 9 9 9 9 5 5 5 8 8 8 11 11 9 9 9 9 7 15 5 5 4 15 4 4 4 4 4 4 7 7 7 7 5 5 5 5 5 5 5 5 5 9 9 9 7 7 7 7 7 7 9 9 9 9 9 9 9 9 9 9 8 8 9 9 9 9 9 6 6 6 6 6 6 5 6 8 8 8 8 8 0 2 2 2 2 2 2 2 2 5 5 5 5 5 5 5 9 9 9 12 9 9 9 9 4 4 4 4 4 4 4 4 4 4 16 16 16 16 16 16 16 7 7 7 7 7 7 16 16 16 16 16 16 5 6 6 6 6 6 6 6 10 10 6 6 6 6 4 8 8 8 8
4 4 4 4 8 3 3 8 8 9 10 7 7 7 7 7 7 5 5 8 3 1 3 3 3 9 9 9 9 5 5 5 8 8 8 11 11 9 9 9 9 7 15 5 5 4 15 4 4 4 4 4 4 7 7 7 7 5 5 5 5 5 5 5 5 5 9 9 9 7 7 7 7 7 7 9 9 9 9 9 9 9 9 9 9 8 8 9 9 9 9 9 6 6 6 6 6 6 5 6 8 8 8 8 8 2 0 2 2 2 2 2 2 2 5 5 5 5 5 5 5 9 9 9 12 9 9 9 9 4 4 4 4 4 4 4 4 4 4 16 16 16 16 16 16 16 7 7 7 7 7 7 16 16 16 16 16 16 5 6 6 6 6 6 6 6 10 10 6 6 6 6 4 8 8 8 8
4 4 4 4 8 3 3 8 8 9 10 7 7 7 7 7 7 5 5 8 3 1 3 3 3 9 9 9 9 5 5 5 8 8 8 11 11 9 9 9 9 7 15 5 5 4 15 4 4 4 4 4 4 7 7 7 7 5 5 5 5 5 5 5 5 5 9 9 9 7 7 7 7 7 7 9 9 9 9 9 9 9 9 9 9 8 8 9 9 9 9 9 6 6 6 6 6 6 5 6 8 8 8 8 8 2 2 0 2 2 2 2 2 2 5 5 5 5 5 5 5 9 9 9 12 9 9 9 9 4 4 4 4 4 4 4 4 4 4 16 16 16 16 16 16 16 7 7 7 7 7 7 16 16 16 16 16 16 5 6 6 6 6 6 6 6 10 10 6 6 6 6 4 8 8 8 8
4 4 4 4 8 3 3 8 8 9 10 7 7 7 7 7 7 5 5 8 3 1 3 3 3 9 9 9 9 5 5 5 8 8 8 11 11 9 9 9 9 7 15 5 5 4 15 4 4 4 4 4 4 7 7 7 7 5 5 5 5 5 5 5 5 5 9 9 9 7 7 7 7 7 7 9 9 9 9 9 9 9 9 9 9 8 8 9 9 9 9 9 6 6 6 6 6 6 5 6 8 8 8 8 8 2 2 2 0 2 2 2 2 2 5 5 5 5 5 5 5 9 9 9 12 9 9 9 9 4 4 4 4 4 4 4 4 4 4 16 16 16 16 16 16 16 7 7 7 7 7 7 16 16 16 16 16 16 5 6 6 6 6 6 6 6 10 10 6 6 6 6 4 8 8 8 8
4 4 4 4 8 3 3 8 8 9 10 7 7 7 7 7 7 5 5 8 3 1 3 3 3 9 9 9 9 5 5 5 8 8 8 11 11 9 9 9 9 7 15 5 5 4 15 4 4 4 4 4 4 7 7 7 7 5 5 5 5 5 5 5 5 5 9 9 9 7 7 7 7 7 7 9 9 9 9 9 9 9 9 9 9 8 8 9 9 9 9 9 6 6 6 6 6 6 5 6 8 8 8 8 8 2 2 2 2 0 2 2 2 2 5 5 5 5 5 5 5 9 9 9 12 9 9 9 9 4 4 4 4 4 4 4 4 4 4 16 16 16 16 16 16 16 7 7 7 7 7 7 16 16 16 16 16 16 5 6 6 6 6 6 6 6 10 10 6 6 6 6 4 8 8 8 8
4 4 4 4 8 3 3 8 8 9 10 7 7 7 7 7 7 5 5 8 3 1 3 3 3 9 9 9 9 5 5 5 8 8 8 11 11 9 9 9 9 7 15 5 5 4 15 4 4 4 4 4 4 7 7 7 7 5 5 5 5 5 5 5 5 5 9 9 9 7 7 7 7 7 7 9 9 9 9 9 9 9 9 9 9 8 8 9 9 9 9 9 6 6 6 6 6 6 5 6 8 8 8 8 8 2 2 2 2 2 0 2 2 2 5 5 5 5 5 5 5 9 9 9 12 9 9 9 9 4 4 4 4 4 4 4 4 4 4 16 16 16 16 16 16 16 7 7 7 7 7 7 16 16 16 16 16 16 5 6 6 6 6 6 6 6 10 10 6 6 6 6 4 8 8 8 8
4 4 4 4 8 3 3 8 8 9 10 7 7 7 7 7 7 5 5 8 3 1 3 3 3 9 9 9 9 5 5 5 8 8 8 11 11 9 9 9 9 7 15 5 5 4 15 4 4 4 4 4 4 7 7 7 7 5 5 5 5 5 5 5 5 5 9 9 9 7 7 7 7 7 7 9 9 9 9 9 9 9 9 9 9 8 8 9 9 9 9 9 6 6 6 6 6 6 5 6 8 8 8 8 8 2 2 2 2 2 2 0 2 2 5 5 5 5 5 5 5 9 9 9 12 9 9 9 9 4 4 4 4 4 4 4 4 4 4 16 16 16 16 16 16 16 7 7 7 7 7 7 16 16 16 16 16 16 5 6 6 6 6 6 6 6 10 10 6 6 6 6 4 8 8 8 8
4 4 4 4 8 3 3 8 8 9 10 7 7 7 7 7 7 5 5 8 3 1 3 3 3 9 9 9 9 5 5 5 8 8 8 11 11 9 9 9 9 7 15 5 5 4 15 4 4 4 4 4 4 7 7 7 7 5 5 5 5 5 5 5 5 5 9 9 9 7 7 7 7 7 7 9 9 9 9 9 9 9 9 9 9 8 8 9 9 9 9 9 6 6 6 6 6 6 5 6 8 8 8 8 8 2 2 2 2 2 2 2 0 2 5 5 5 5 5 5 5 9 9 9 12 9 9 9 9 4 4 4 4 4 4 4 4 4 4 16 16 16 16 16 16 16 7 7 7 7 7 7 16 16 16 16 16 16 5 6 6 6 6 6 6 6 10 10 6 6 6 6 4 8 8 8 8
4 4 4 4 8 3 3 8 8 9 10 7 7 7 7 7 7 5 5 8 3 1 3 3 3 9 9 9 9 5 5 5 8 8 8 11 11 9 9 9 9 7 15 5 5 4 15 4 4 4 4 4 4 7 7 7 7 5 5 5 5 5 5 5 5 5 9 9 9 7 7 7 7 7 7 9 9 9 9 9 9 9 9 9 9 8 8 9 9 9 9 9 6 6 6 6 6 6 5 6 8 8 8 8 8 2 2 2 2 2 2 2 2 0 5 5 5 5 5 5 5 9 9 9 12 9 9 9 9 4 4 4 4 4 4 4 4 4 4 16 16 16 16 16 16 16 7 7 7 7 7 7 16 16 16 16 16 16 5 6 6 6 6 6 6 6 10 10 6 6 6 6 4 8 8 8 8
1 3 3 3 9 4 4 7 7 9 7 10 7 7 7 7 7 6 6 9 10 10 10 10 10 8 8 8 8 6 6 6 7 7 7 10 10 9 7 7 7 7 16 7 7 5 16 3 3 5 5 5 5 8 8 8 8 6 6 6 6 6 6 6 6 6 9 9 9 8 8 8 8 8 8 8 8 8 8 8 8 8 8 8 8 8 8 7 7 7 7 7 7 7 7 7 7 7 4 8 8 8 8 8 8 5 5 5 5 5 5 5 5 5 0 2 2 2 2 2 2 8 8 8 11 8 8 8 8 5 5 5 5 5 5 5 5 5 5 17 17 17 17 17 17 17 10 10 10 10 10 10 17 17 17 17 17 17 6 8 8 8 8 8 8 8 12 12 7 7 7 7 9 11 11 11 11
1 3 3 3 9 4 4 7 7 9 7 10 7 7 7 7 7 6 6 9 10 10 10 10 10 8 8 8 8 6 6 6 7 7 7 10 10 9 7 7 7 7 16 7 7 5 16 3 3 5 5 5 5 8 8 8 8 6 6 6 6 6 6 6 6 6 9 9 9 8 8 8 8 8 8 8 8 8 8 8 8 8 8 8 8 8 8 7 7 7 7 7 7 7 7 7 7 7 4 8 8 8 8 8 8 5 5 5 5 5 5 5 5 5 2 0 2 2 2 2 2 8 8 8 11 8 8 8 8 5 5 5 5 5 5 5 5 5 5 17 17 17 17 17 17 17 10 10 10 10 10 10 17 17 17 17 17 17 6 8 8 8 8 8 8 8 12 12 7 7 7 7 9 11 11 11 11
1 3 3 3 9 4 4 7 7 9 7 10 7 7 7 7 7 6 6 9 10 10 10 10 10 8 8 8 8 6 6 6 7 7 7 10 10 9 7 7 7 7 16 7 7 5 16 3 3 5 5 5 5 8 8 8 8 6 6 6 6 6 6 6 6 6 9 9 9 8 8 8 8 8 8 8 8 8 8 8 8 8 8 8 8 8 8 7 7 7 7 7 7 7 7 7 7 7 4 8 8 8 8 8 8 5 5 5 5 5 5 5 5 5 2 2 0 2 2 2 2 8 8 8 11 8 8 8 8 5 5 5 5 5 5 5 5 5 5 17 17 17 17 17 17 17 10 10 10 10 10 10 17 17 17 17 17 17 6 8 8 8 8 8 8 8 12 12 7 7 7 7 9 11 11 11 11
1 3 3 3 9 4 4 7 7 9 7 10 7 7 7 7 7 6 6 9 10 10 10 10 10 8 8 8 8 6 6 6 7 7 7 10 10 9 7 7 7 7 16 7 7 5 16 3 3 5 5 5 5 8 8 8 8 6 6 6 6 6 6 6 6 6 9 9 9 8 8 8 8 8 8 8 8 8 8 8 8 8 8 8 8 8 8 7 7 7 7 7 7 7 7 7 7 7 4 8 8 8 8 8 8 5 5 5 5 5 5 5 5 5 2 2 2 0 2 2 2 8 8 8 11 8 8 8 8 5 5 5 5 5 5 5 5 5 5 17 17 17 17 17 17 17 10 10 10 10 10 10 17 17 17 17 17 17 6 8 8 8 8 8 8 8 12 12 7 7 7 7 9 11 11 11 11
1 3 3 3 9 4 4 7 7 9 7 10 7 7 7 7 7 6 6 9 10 10 10 10 10 8 8 8 8 6 6 6 7 7 7 10 10 9 7 7 7 7 16 7 7 5 16 3 3 5 5 5 5 8 8 8 8 6 6 6 6 6 6 6 6 6 9 9 9 8 8 8 8 8 8 8 8 8 8 8 8 8 8 8 8 8 8 7 7 7 7 7 7 7 7 7 7 7 4 8 8 8 8 8 8 5 5 5 5 5 5 5 5 5 2 2 2 2 0 2 2 8 8 8 11 8 8 8 8 5 5 5 5 5 5 5 5 5 5 17 17 17 17 17 17 17 10 10 10 10 10 10 17 17 17 17 17 17 6 8 8 8 8 8 8 8 12 12 7 7 7 7 9 11 11 11 11
1 3 3 3 9 4 4 7 7 9 7 10 7 7 7 7 7 6 6 9 10 10 10 10 10 8 8 8 8 6 6 6 7 7 7 10 10 9 7 7 7 7 16 7 7 5 16 3 3 5 5 5 5 8 8 8 8 6 6 6 6 6 6 6 6 6 9 9 9 8 8 8 8 8 8 8 8 8 8 8 8 8 8 8 8 8 8 7 7 7 7 7 7 7 7 7 7 7 4 8 8 8 8 8 8 5 5 5 5 5 5 5 5 5 2 2 2 2 2 0 2 8 8 8 11 8 8 8 8 5 5 5 5 5 5 5 5 5 5 17 17 17 17 17 17 17 10 10 10 10 10 10 17 17 17 17 17 17 6 8 8 8 8 8 8 8 12 12 7 7 7 7 9 11 11 11 11
1 3 3 3 9 4 4 7 7 9 7 10 7 7 7 7 7 6 6 9 10 10 10 10 10 8 8 8 8 6 6 6 7 7 7 10 10 9 7 7 7 7 16 7 7 5 16 3 3 5 5 5 5 8 8 8 8 6 6 6 6 6 6 6 6 6 9 9 9 8 8 8 8 8 8 8 8 8 8 8 8 8 8 8 8 8 8 7 7 7 7 7 7 7 7 7 7 7 4 8 8 8 8 8 8 5 5 5 5 5 5 5 5 5 2 2 2 2 2 2 0 8 8 8 11 8 8 8 8 5 5 5 5 5 5 5 5 5 5 17 17 17 17 17 17 17 10 10 10 10 10 10 17 17 17 17 17 17 6 8 8 8 8 8 8 8 12 12 7 7 7 7 9 11 11 11 11
7 7 7 7 9 8 8 5 5 9 7 8 5 5 5 5 5 10 10 10 8 8 8 8 8 2 2 2 2 10 10 10 7 7 7 10 10 9 7 7 7 5 15 7 7 10 15 7 7 9 9 9 9 8 8 8 8 11 11 11 11 11 11 11 11 11 9 9 9 8 8 8 8 8 8 6 6 6 6 6 6 6 6 6 6 6 6 6 6 6 6 6 11 11 11 11 11 6 8 8 6 6 6 6 6 9 9 9 9 9 9 9 9 9 8 8 8 8 8 8 8 0 2 2 11 8 8 8 8 8 8 8 8 3 3 3 3 3 3 16 16 16 16 16 16 16 8 8 8 8 8 8 16 16 16 16 16 16 11 8 8 8 8 8 8 8 12 12 11 11 11 11 9 9 9 9 9
7 7 7 7 9 8 8 5 5 9 7 8 5 5 5 5 5 10 10 10 8 8 8 8 8 2 2 2 2 10 10 10 7 7 7 10 10 9 7 7 7 5 15 7 7 10 15 7 7 9 9 9 9 8 8 8 8 11 11 11 11 11 11 11 11 11 9 9 9 8 8 8 8 8 8 6 6 6 6 6 6 6 6 6 6 6 6 6 6 6 6 6 11 11 11 11 11 6 8 8 6 6 6 6 6 9 9 9 9 9 9 9 9 9 8 8 8 8 8 8 8 2 0 2 11 8 8 8 8 8 8 8 8 3 3 3 3 3 3 16 16 16 16 16 16 16 8 8 8 8 8 8 16 16 16 16 16 16 11 8 8 8 8 8 8 8 12 12 11 11 11 11 9 9 9 9 9
7 7 7 7 9 8 8 5 5 9 7 8 5 5 5 5 5 10 10 10 8 8 8 8 8 2 2 2 2 10 10 10 7 7 7 10 10 9 7 7 7 5 15 7 7 10 15 7 7 9 9 9 9 8 8 8 8 11 11 11 11 11 11 11 11 11 9 9 9 8 8 8 8 8 8 6 6 6 6 6 6 6 6 6 6 6 6 6 6 6 6 6 11 11 11 11 11 6 8 8 6 6 6 6 6 9 9 9 9 9 9 9 9 9 8 8 8 8 8 8 8 2 2 0 11 8 8 8 8 8 8 8 8 3 3 3 3 3 3 16 16 16 16 16 16 16 8 8 8 8 8 8 16 16 16 16 16 16 11 8 8 8 8 8 8 8 12 12 11 11 11 11 9 9 9 9 9
10 10 10 10 14 11 11 10 10 14 10 11 10 10 10 10 10 14 14 14 11 11 11 11 11 11 11 11 11 15 15 15 10 10 10 3 3 14 10 10 10 10 17 10 10 14 17 10 10 12 12 12 12 11 11 11 11 15 15 15 15 15 15 15 15 15 14 14 14 11 11 11 11 11 11 11 11 11 11 11 11 11 11 11 11 11 11 10 10 10 10 10 15 15 15 15 15 11 11 11 11 11 11 11 11 12 12 12 12 12 12 12 12 12 11 11 11 11 11 11 11 11 11 11 0 11 11 11 11 11 11 11 11 12 12 12 12 12 12 18 18 18 18 18 18 18 11 11 11 11 11 11 18 18 18 18 18 18 15 11 11 11 11 11 11 11 19 19 15 15 15 15 12 12 12 12 12
7 7 7 7 5 10 10 5 5 8 7 10 7 7 7 7 7 9 9 7 10 10 10 10 10 8 8 8 8 10 10 10 3 3 3 10 10 8 5 5 5 7 16 5 5 5 16 7 7 11 11 11 11 6 6 6 6 10 10 10 10 10 10 10 10 10 8 8 8 4 4 4 4 4 4 6 6 6 6 6 6 6 6 6 6 8 8 5 5 5 5 5 10 10 10 10 10 8 8 6 8 8 8 8 8 9 9 9 9 9 9 9 9 9 8 8 8 8 8 8 8 8 8 8 11 0 2 2 2 6 6 6 6 9 9 9 9 9 9 17 17 17 17 17 17 17 10 10 10 10 10 10 17 17 17 17 17 17 10 4 4 4 4 4 4 4 13 13 10 10 10 10 8 11 11 11 11
7 7 7 7 5 10 10 5 5 8 7 10 7 7 7 7 7 9 9 7 10 10 10 10 10 8 8 8 8 10 10 10 3 3 3 10 10 8 5 5 5 7 16 5 5 5 16 7 7 11 11 11 11 6 6 6 6 10 10 10 10 10 10 10 10 10 8 8 8 4 4 4 4 4 4 6 6 6 6 6 6 6 6 6 6 8 8 5 5 5 5 5 10 10 10 10 10 8 8 6 8 8 8 8 8 9 9 9 9 9 9 9 9 9 8 8 8 8 8 8 8 8 8 8 11 2 0 2 2 6 6 6 6 9 9 9 9 9 9 17 17 17 17 17 17 17 10 10 10 10 10 10 17 17 17 17 17 17 10 4 4 4 4 4 4 4 13 13 10 10 10 10 8 11 11 11 11
7 7 7 7 5 10 10 5 5 8 7 10 7 7 7 7 7 9 9 7 10 10 10 10 10 8 8 8 8 10 10 10 3 3 3 10 10 8 5 5 5 7 16 5 5 5 16 7 7 11 11 11 11 6 6 6 6 10 10 10 10 10 10 10 10 10 8 8 8 4 4 4 4 4 4 6 6 6 6 6 6 6 6 6 6 8 8 5 5 5 5 5 10 10 10 10 10 8 8 6 8 8 8 8 8 9 9 9 9 9 9 9 9 9 8 8 8 8 8 8 8 8 8 8 11 2 2 0 2 6 6 6 6 9 9 9 9 9 9 17 17 17 17 17 17 17 10 10 10 10 10 10 17 17 17 17 17 17 10 4 4 4 4 4 4 4 13 13 10 10 10 10 8 11 11 11 11
7 7 7 7 5 10 10 5 5 8 7 10 7 7 7 7 7 9 9 7 10 10 10 10 10 8 8 8 8 10 10 10 3 3 3 10 10 8 5 5 5 7 16 5 5 5 16 7 7 11 11 11 11 6 6 6 6 10 10 10 10 10 10 10 10 10 8 8 8 4 4 4 4 4 4 6 6 6 6 6 6 6 6 6 6 8 8 5 5 5 5 5 10 10 10 10 10 8 8 6 8 8 8 8 8 9 9 9 9 9 9 9 9 9 8 8 8 8 8 8 8 8 8 8 11 2 2 2 0 6 6 6 6 9 9 9 9 9 9 17 17 17 17 17 17 17 10 10 10 10 10 10 17 17 17 17 17 17 10 4 4 4 4 4 4 4 13 13 10 10 10 10 8 11 11 11 11
4 4 4 4 5 3 3 7 7 5 7 9 7 7 7 7 7 5 5 8 9 9 9 9 9 7 7 7 7 5 5 5 5 5 5 10 10 7 1 3 3 7 15 5 5 4 15 4 4 4 4 4 4 4 4 4 4 5 5 5 5 5 5 5 5 5 5 5 5 6 6 6 6 6 6 8 8 8 8 8 8 8 8 8 8 8 8 5 5 5 5 5 6 6 6 6 6 6 5 6 8 8 8 8 8 4 4 4 4 4 4 4 4 4 5 5 5 5 5 5 5 8 8 8 11 6 6 6 6 0 2 2 2 4 4 4 4 4 4 16 16 16 16 16 16 16 9 9 9 9 9 9 16 16 16 16 16 16 5 6 6 6 6 6 6 6 9 9 6 6 6 6 5 10 10 10 10
4 4 4 4 5 3 3 7 7 5 7 9 7 7 7 7 7 5 5 8 9 9 9 9 9 7 7 7 7 5 5 5 5 5 5 10 10 7 1 3 3 7 15 5 5 4 15 4 4 4 4 4 4 4 4 4 4 5 5 5 5 5 5 5 5 5 5 5 5 6 6 6 6 6 6 8 8 8 8 8 8 8 8 8 8 8 8 5 5 5 5 5 6 6 6 6 6 6 5 6 8 8 8 8 8 4 4 4 4 4 4 4 4 4 5 5 5 5 5 5 5 8 8 8 11 6 6 6 6 2 0 2 2 4 4 4 4 4 4 16 16 16 16 16 16 16 9 9 9 9 9 9 16 16 16 16 16 16 5 6 6 6 6 6 6 6 9 9 6 6 6 6 5 10 10 10 10
4 4 4 4 5 3 3 7 7 5 7 9 7 7 7 7 7 5 5 8 9 9 9 9 9 7 7 7 7 5 5 5 5 5 5 10 10 7 1 3 3 7 15 5 5 4 15 4 4 4 4 4 4 4 4 4 4 5 5 5 5 5 5 5 5 5 5 5 5 6 6 6 6 6 6 8 8 8 8 8 8 8 8 8 8 8 8 5 5 5 5 5 6 6 6 6 6 6 5 6 8 8 8 8 8 4 4 4 4 4 4 4 4 4 5 5 5 5 5 5 5 8 8 8 11 6 6 6 6 2 2 0 2 4 4 4 4 4 4 16 16 16 16 16 16 16 9 9 9 9 9 9 16 16 16 16 16 16 5 6 6 6 6 6 6 6 9 9 6 6 6 6 5 10 10 10 10
4 4 4 4 5 3 3 7 7 5 7 9 7 7 7 7 7 5 5 8 9 9 9 9 9 7 7 7 7 5 5 5 5 5 5 10 10 7 1 3 3 7 15 5 5 4 15 4 4 4 4 4 4 4 4 4 4 5 5 5 5 5 5 5 5 5 5 5 5 6 6 6 6 6 6 8 8 8 8 8 8 8 8 8 8 8 8 5 5 5 5 5 6 6 6 6 6 6 5 6 8 8 8 8 8 4 4 4 4 4 4 4 4 4 5 5 5 5 5 5 5 8 8 8 11 6 6 6 6 2 2 2 0 4 4 4 4 4 4 16 16 16 16 16 16 16 9 9 9 9 9 9 16 16 16 16 16 16 5 6 6 6 6 6 6 6 9 9 6 6 6 6 5 10 10 10 10
4 4 4 4 7 1 3 6 6 7 8 7 6 6 6 6 6 10 10 8 5 5 5 5 5 3 3 3 1 8 8 8 8 8 8 11 11 5 7 7 7 6 15 5 5 4 15 4 4 4 4 4 4 7 7 7 7 10 10 10 10 10 10 10 10 10 7 7 7 7 7 7 7 7 7 7 7 7 7 7 7 7 7 7 7 7 7 7 7 7 7 7 11 11 11 11 11 7 5 6 7 7 7 7 7 4 4 4 4 4 4 4 4 4 5 5 5 5 5 5 5 3 3 3 12 9 9 9 9 4 4 4 4 0 2 2 2 2 2 16 16 16 16 16 16 16 7 7 7 7 7 7 16 16 16 16 16 16 10 6 6 6 6 6 6 6 10 10 11 11 11 11 6 8 8 8 8
4 4 4 4 7 1 3 6 6 7 8 7 6 6 6 6 6 10 10 8 5 5 5 5 5 3 3 3 1 8 8 8 8 8 8 11 11 5 7 7 7 6 15 5 5 4 15 4 4 4 4 4 4 7 7 7 7 10 10 10 10 10 10 10 10 10 7 7 7 7 7 7 7 7 7 7 7 7 7 7 7 7 7 7 7 7 7 7 7 7 7 7 11 11 11 11 11 7 5 6 7 7 7 7 7 4 4 4 4 4 4 4 4 4 5 5 5 5 5 5 5 3 3 3 12 9 9 9 9 4 4 4 4 2 0 2 2 2 2 16 16 16 16 16 16 16 7 7 7 7 7 7 16 16 16 16 16 16 10 6 6 6 6 6 6 6 10 10 11 11 11 11 6 8 8 8 8
4 4 4 4 7 1 3 6 6 7 8 7 6 6 6 6 6 10 10 8 5 5 5 5 5 3 3 3 1 8 8 8 8 8 8 11 11 5 7 7 7 6 15 5 5 4 15 4 4 4 4 4 4 7 7 7 7 10 10 10 10 10 10 10 10 10 7 7 7 7 7 7 7 7 7 7 7 7 7 7 7 7 7 7 7 7 7 7 7 7 7 7 11 11 11 11 11 7 5 6 7 7 7 7 7 4 4 4 4 4 4 4 4 4 5 5 5 5 5 5 5 3 3 3 12 9 9 9 9 4 4 4 4 2 2 0 2 2 2 16 16 16 16 16 16 16 7 7 7 7 7 7 16 16 16 16 16 16 10 6 6 6 6 6 6 6 10 10 11 11 11 11 6 8 8 8 8
4 4 4 4 7 1 3 6 6 7 8 7 6 6 6 6 6 10 10 8 5 5 5 5 5 3 3 3 1 8 8 8 8 8 8 11 11 5 7 7 7 6 15 5 5 4 15 4 4 4 4 4 4 7 7 7 7 10 10 10 10 10 10 10 10 10 7 7 7 7 7 7 7 7 7 7 7 7 7 7 7 7 7 7 7 7 7 7 7 7 7 7 11 11 11 11 11 7 5 6 7 7 7 7 7 4 4 4 4 4 4 4 4 4 5 5 5 5 5 5 5 3 3 3 12 9 9 9 9 4 4 4 4 2 2 2 0 2 2 16 16 16 16 16 16 16 7 7 7 7 7 7 16 16 16 16 16 16 10 6 6 6 6 6 6 6 10 10 11 11 11 11 6 8 8 8 8
4 4 4 4 7 1 3 6 6 7 8 7 6 6 6 6 6 10 10 8 5 5 5 5 5 3 3 3 1 8 8 8 8 8 8 11 11 5 7 7 7 6 15 5 5 4 15 4 4 4 4 4 4 7 7 7 7 10 10 10 10 10 10 10 10 10 7 7 7 7 7 7 7 7 7 7 7 7 7 7 7 7 7 7 7 7 7 7 7 7 7 7 11 11 11 11 11 7 5 6 7 7 7 7 7 4 4 4 4 4 4 4 4 4 5 5 5 5 5 5 5 3 3 3 12 9 9 9 9 4 4 4 4 2 2 2 2 0 2 16 16 16 16 16 16 16 7 7 7 7 7 7 16 16 16 16 16 16 10 6 6 6 6 6 6 6 10 10 11 11 11 11 6 8 8 8 8
4 4 4 4 7 1 3 6 6 7 8 7 6 6 6 6 6 10 10 8 5 5 5 5 5 3 3 3 1 8 8 8 8 8 8 11 11 5 7 7 7 6 15 5 5 4 15 4 4 4 4 4 4 7 7 7 7 10 10 10 10 10 10 10 10 10 7 7 7 7 7 7 7 7 7 7 7 7 7 7 7 7 7 7 7 7 7 7 7 7 7 7 11 11 11 11 11 7 5 6 7 7 7 7 7 4 4 4 4 4 4 4 4 4 5 5 5 5 5 5 5 3 3 3 12 9 9 9 9 4 4 4 4 2 2 2 2 2 0 16 16 16 16 16 16 16 7 7 7 7 7 7 16 16 16 16 16 16 10 6 6 6 6 6 6 6 10 10 11 11 11 11 6 8 8 8 8
16 16 16 16 16 16 16 16 16 16 16 16 16 16 16 16 16 16 16 8 16 16 16 16 16 15 15 15 15 16 16 16 16 16 16 17 17 15 16 16 16 16 1 16 16 16 5 16 16 17 17 17 17 16 16 16 16 17 17 17 17 17 17 17 17 17 16 16 16 16 16 16 16 16 16 17 17 17 17 17 17 17 17 17 17 17 17 16 16 16 16 16 17 17 17 17 17 17 17 17 17 17 17 17 17 16 16 16 16 16 16 16 16 16 17 17 17 17 17 17 17 16 16 16 18 17 17 17 17 16 16 16 16 16 16 16 16 16 16 0 2 2 2 2 2 2 16 16 16 16 16 16 4 4 4 4 4 4 17 17 17 17 17 17 17 17 18 18 17 17 17 17 16 17 17 17 17
16 16 16 16 16 16 16 16 16 16 16 16 16 16 16 16 16 16 16 8 16 16 16 16 16 15 15 15 15 16 16 16 16 16 16 17 17 15 16 16 16 16 1 16 16 16 5 16 16 17 17 17 17 16 16 16 16 17 17 17 17 17 17 17 17 17 16 16 16 16 16 16 16 16 16 17 17 17 17 17 17 17 17 17 17 17 17 16 16 16 16 16 17 17 17 17 17 17 17 17 17 17 17 17 17 16 16 16 16 16 16 16 16 16 17 17 17 17 17 17 17 16 16 16 18 17 17 17 17 16 16 16 16 16 16 16 16 16 16 2 0 2 2 2 2 2 16 16 16 16 16 16 4 4 4 4 4 4 17 17 17 17 17 17 17 17 18 18 17 17 17 17 16 17 17 17 17
16 16 16 16 16 16 16 16 16 16 16 16 16 16 16 16 16 16 16 8 16 16 16 16 16 15 15 15 15 16 16 16 16 16 16 17 17 15 16 16 16 16 1 16 16 16 5 16 16 17 17 17 17 16 16 16 16 17 17 17 17 17 17 17 17 17 16 16 16 16 16 16 16 16 16 17 17 17 17 17 17 17 17 17 17 17 17 16 16 16 16 16 17 17 17 17 17 17 17 17 17 17 17 17 17 16 16 16 16 16 16 16 16 16 17 17 17 17 17 17 17 16 16 16 18 17 17 17 17 16 16 16 16 16 16 16 16 16 16 2 2 0 2 2 2 2 16 16 16 16 16 16 4 4 4 4 4 4 17 17 17 17 17 17 17 17 18 18 17 17 17 17 16 17 17 17 17
16 16 16 16 16 16 16 16 16 16 16 16 16 16 16 16 16 16 16 8 16 16 16 16 16 15 15 15 15 16 16 16 16 16 16 17 17 15 16 16 16 16 1 16 16 16 5 16 16 17 17 17 17 16 16 16 16 17 17 17 17 17 17 17 17 17 16 16 16 16 16 16 16 16 16 17 17 17 17 17 17 17 17 17 17 17 17 16 16 16 16 16 17 17 17 17 17 17 17 17 17 17 17 17 17 16 16 16 16 16 16 16 16 16 17 17 17 17 17 17 17 16 16 16 18 17 17 17 17 16 16 16 16 16 16 16 16 16 16 2 2 2 0 2 2 2 16 16 16 16 16 16 4 4 4 4 4 4 17 17 17 17 17 17 17 17 18 18 17 17 17 17 16 17 17 17 17
16 16 16 16 16 16 16 16 16 16 16 16 16 16 16 16 16 16 16 8 16 16 16 16 16 15 15 15 15 16 16 16 16 16 16 17 17 15 16 16 16 16 1 16 16 16 5 16 16 17 17 17 17 16 16 16 16 17 17 17 17 17 17 17 17 17 16 16 16 16 16 16 16 16 16 17 17 17 17 17 17 17 17 17 17 17 17 16 16 16 16 16 17 17 17 17 17 17 17 17 17 17 17 17 17 16 16 16 16 16 16 16 16 16 17 17 17 17 17 17 17 16 16 16 18 17 17 17 17 16 16 16 16 16 16 16 16 16 16 2 2 2 2 0 2 2 16 16 16 16 16 16 4 4 4 4 4 4 17 17 17 17 17 17 17 17 18 18 17 17 17 17 16 17 17 17 17
16 16 16 16 16 16 16 16 16 16 16 16 16 16 16 16 16 16 16 8 16 16 16 16 16 15 15 15 15 16 16 16 16 16 16 17 17 15 16 16 16 16 1 16 16 16 5 16 16 17 17 17 17 16 16 16 16 17 17 17 17 17 17 17 17 17 16 16 16 16 16 16 16 16 16 17 17 17 17 17 17 17 17 17 17 17 17 16 16 16 16 16 17 17 17 17 17 17 17 17 17 17 17 17 17 16 16 16 16 16 16 16 16 16 17 17 17 17 17 17 17 16 16 16 18 17 17 17 17 16 16 16 16 16 16 16 16 16 16 2 2 2 2 2 0 2 16 16 16 16 16 16 4 4 4 4 4 4 17 17 17 17 17 17 17 17 18 18 17 17 17 17 16 17 17 17 17
16 16 16 16 16 16 16 16 16 16 16 16 16 16 16 16 16 16 16 8 16 16 16 16 16 15 15 15 15 16 16 16 16 16 16 17 17 15 16 16 16 16 1 16 16 16 5 16 16 17 17 17 17 16 16 16 16 17 17 17 17 17 17 17 17 17 16 16 16 16 16 16 16 16 16 17 17 17 17 17 17 17 17 17 17 17 17 16 16 16 16 16 17 17 17 17 17 17 17 17 17 17 17 17 17 16 16 16 16 16 16 16 16 16 17 17 17 17 17 17 17 16 16 16 18 17 17 17 17 16 16 16 16 16 16 16 16 16 16 2 2 2 2 2 2 0 16 16 16 16 16 16 4 4 4 4 4 4 17 17 17 17 17 17 17 17 18 18 17 17 17 17 16 17 17 17 17
9 9 9 9 10 6 6 9 9 11 9 4 4 4 2 2 2 10 10 10 6 6 6 6 6 8 8 8 8 10 10 10 9 9 9 10 10 11 9 9 9 4 15 6 6 9 15 9 9 7 7 7 7 4 4 4 4 11 11 11 11 11 11 11 11 11 11 11 11 4 4 4 4 4 4 10 10 10 10 10 10 10 10 10 10 5 5 9 9 9 9 9 11 11 11 11 11 5 10 7 5 5 5 5 5 7 7 7 7 7 7 7 7 7 10 10 10 10 10 10 10 8 8 8 11 10 10 10 10 9 9 9 9 7 7 7 7 7 7 16 16 16 16 16 16 16 0 2 2 2 2 2 16 16 16 16 16 16 11 7 7 7 7 7 7 7 12 12 11 11 11 11 7 5 5 5 5
9 9 9 9 10 6 6 9 9 11 9 4 4 4 2 2 2 10 10 10 6 6 6 6 6 8 8 8 8 10 10 10 9 9 9 10 10 11 9 9 9 4 15 6 6 9 15 9 9 7 7 7 7 4 4 4 4 11 11 11 11 11 11 11 11 11 11 11 11 4 4 4 4 4 4 10 10 10 10 10 10 10 10 10 10 5 5 9 9 9 9 9 11 11 11 11 11 5 10 7 5 5 5 5 5 7 7 7 7 7 7 7 7 7 10 10 10 10 10 10 10 8 8 8 11 10 10 10 10 9 9 9 9 7 7 7 7 7 7 16 16 16 16 16 16 16 2 0 2 2 2 2 16 16 16 16 16 16 11 7 7 7 7 7 7 7 12 12 11 11 11 11 7 5 5 5 5
9 9 9 9 10 6 6 9 9 11 9 4 4 4 2 2 2 10 10 10 6 6 6 6 6 8 8 8 8 10 10 10 9 9 9 10 10 11 9 9 9 4 15 6 6 9 15 9 9 7 7 7 7 4 4 4 4 11 11 11 11 11 11 11 11 11 11 11 11 4 4 4 4 4 4 10 10 10 10 10 10 10 10 10 10 5 5 9 9 9 9 9 11 11 11 11 11 5 10 7 5 5 5 5 5 7 7 7 7 7 7 7 7 7 10 10 10 10 10 10 10 8 8 8 11 10 10 10 10 9 9 9 9 7 7 7 7 7 7 16 16 16 16 16 16 16 2 2 0 2 2 2 16 16 16 16 16 16 11 7 7 7 7 7 7 7 12 12 11 11 11 11 7 5 5 5 5
9 9 9 9 10 6 6 9 9 11 9 4 4 4 2 2 2 10 10 10 6 6 6 6 6 8 8 8 8 10 10 10 9 9 9 10 10 11 9 9 9 4 15 6 6 9 15 9 9 7 7 7 7 4 4 4 4 11 11 11 11 11 11 11 11 11 11 11 11 4 4 4 4 4 4 10 10 10 10 10 10 10 10 10 10 5 5 9 9 9 9 9 11 11 11 11 11 5 10 7 5 5 5 5 5 7 7 7 7 7 7 7 7 7 10 10 10 10 10 10 10 8 8 8 11 10 10 10 10 9 9 9 9 7 7 7 7 7 7 16 16 16 16 16 16 16 2 2 2 0 2 2 16 16 16 16 16 16 11 7 7 7 7 7 7 7 12 12 11 11 11 11 7 5 5 5 5
9 9 9 9 10 6 6 9 9 11 9 4 4 4 2 2 2 10 10 10 6 6 6 6 6 8 8 8 8 10 10 10 9 9 9 10 10 11 9 9 9 4 15 6 6 9 15 9 9 7 7 7 7 4 4 4 4 11 11 11 11 11 11 11 11 11 11 11 11 4 4 4 4 4 4 10 10 10 10 10 10 10 10 10 10 5 5 9 9 9 9 9 11 11 11 11 11 5 10 7 5 5 5 5 5 7 7 7 7 7 7 7 7 7 10 10 10 10 10 10 10 8 8 8 11 10 10 10 10 9 9 9 9 7 7 7 7 7 7 16 16 16 16 16 16 16 2 2 2 2 0 2 16 16 16 16 16 16 11 7 7 7 7 7 7 7 12 12 11 11 11 11 7 5 5 5 5
9 9 9 9 10 6 6 9 9 11 9 4 4 4 2 2 2 10 10 10 6 6 6 6 6 8 8 8 8 10 10 10 9 9 9 10 10 11 9 9 9 4 15 6 6 9 15 9 9 7 7 7 7 4 4 4 4 11 11 11 11 11 11 11 11 11 11 11 11 4 4 4 4 4 4 10 10 10 10 10 10 10 10 10 10 5 5 9 9 9 9 9 11 11 11 11 11 5 10 7 5 5 5 5 5 7 7 7 7 7 7 7 7 7 10 10 10 10 10 10 10 8 8 8 11 10 10 10 10 9 9 9 9 7 7 7 7 7 7 16 16 16 16 16 16 16 2 2 2 2 2 0 16 16 16 16 16 16 11 7 7 7 7 7 7 7 12 12 11 11 11 11 7 5 5 5 5
16 16 16 16 16 16 16 16 16 16 16 16 16 16 16 16 16 16 16 8 16 16 16 16 16 15 15 15 15 16 16 16 16 16 16 17 17 15 16 16 16 16 3 16 16 16 5 16 16 17 17 17 17 16 16 16 16 17 17 17 17 17 17 17 17 17 16 16 16 16 16 16 16 16 16 17 17 17 17 17 17 17 17 17 17 17 17 16 16 16 16 16 17 17 17 17 17 17 17 17 17 17 17 17 17 16 16 16 16 16 16 16 16 16 17 17 17 17 17 17 17 16 16 16 18 17 17 17 17 16 16 16 16 16 16 16 16 16 16 4 4 4 4 4 4 4 16 16 16 16 16 16 0 2 2 2 2 2 17 17 17 17 17 17 17 17 18 18 17 17 17 17 16 17 17 17 17
16 16 16 16 16 16 16 16 16 16 16 16 16 16 16 16 16 16 16 8 16 16 16 16 16 15 15 15 15 16 16 16 16 16 16 17 17 15 16 16 16 16 3 16 16 16 5 16 16 17 17 17 17 16 16 16 16 17 17 17 17 17 17 17 17 17 16 16 16 16 16 16 16 16 16 17 17 17 17 17 17 17 17 17 17 17 17 16 16 16 16 16 17 17 17 17 17 17 17 17 17 17 17 17 17 16 16 16 16 16 16 16 16 16 17 17 17 17 17 17 17 16 16 16 18 17 17 17 17 16 16 16 16 16 16 16 16 16 16 4 4 4 4 4 4 4 16 16 16 16 16 16 2 0 2 2 2 2 17 17 17 17 17 17 17 17 18 18 17 17 17 17 16 17 17 17 17
16 16 16 16 16 16 16 16 16 16 16 16 16 16 16 16 16 16 16 8 16 16 16 16 16 15 15 15 15 16 16 16 16 16 16 17 17 15 16 16 16 16 3 16 16 16 5 16 16 17 17 17 17 16 16 16 16 17 17 17 17 17 17 17 17 17 16 16 16 16 16 16 16 16 16 17 17 17 17 17 17 17 17 17 17 17 17 16 16 16 16 16 17 17 17 17 17 17 17 17 17 17 17 17 17 16 16 16 16 16 16 16 16 16 17 17 17 17 17 17 17 16 16 16 18 17 17 17 17 16 16 16 16 16 16 16 16 16 16 4 4 4 4 4 4 4 16 16 16 16 16 16 2 2 0 2 2 2 17 17 17 17 17 17 17 17 18 18 17 17 17 17 16 17 17 17 17
16 16 16 16 16 16 16 16 16 16 16 16 16 16 16 16 16 16 16 8 16 16 16 16 16 15 15 15 15 16 16 16 16 16 16 17 17 15 16 16 16 16 3 16 16 16 5 16 16 17 17 17 17 16 16 16 16 17 17 17 17 17 17 17 17 17 16 16 16 16 16 16 16 16 16 17 17 17 17 17 17 17 17 17 17 17 17 16 16 16 16 16 17 17 17 17 17 17 17 17 17 17 17 17 17 16 16 16 16 16 16 16 16 16 17 17 17 17 17 17 17 16 16 16 18 17 17 17 17 16 16 16 16 16 16 16 16 16 16 4 4 4 4 4 4 4 16 16 16 16 16 16 2 2 2 0 2 2 17 17 17 17 17 17 17 17 18 18 17 17 17 17 16 17 17 17 17
16 16 16 16 16 16 16 16 16 16 16 16 16 16 16 16 16 16 16 8 16 16 16 16 16 15 15 15 15 16 16 16 16 16 16 17 17 15 16 16 16 16 3 16 16 16 5 16 16 17 17 17 17 16 16 16 16 17 17 17 17 17 17 17 17 17 16 16 16 16 16 16 16 16 16 17 17 17 17 17 17 17 17 17 17 17 17 16 16 16 16 16 17 17 17 17 17 17 17 17 17 17 17 17 17 16 16 16 16 16 16 16 16 16 17 17 17 17 17 17 17 16 16 16 18 17 17 17 17 16 16 16 16 16 16 16 16 16 16 4 4 4 4 4 4 4 16 16 16 16 16 16 2 2 2 2 0 2 17 17 17 17 17 17 17 17 18 18 17 17 17 17 16 17 17 17 17
16 16 16 16 16 16 16 16 16 16 16 16 16 16 16 16 16 16 16 8 16 16 16 16 16 15 15 15 15 16 16 16 16 16 16 17 17 15 16 16 16 16 3 16 16 16 5 16 16 17 17 17 17 16 16 16 16 17 17 17 17 17 17 17 17 17 16 16 16 16 16 16 16 16 16 17 17 17 17 17 17 17 17 17 17 17 17 16 16 16 16 16 17 17 17 17 17 17 17 17 17 17 17 17 17 16 16 16 16 16 16 16 16 16 17 17 17 17 17 17 17 16 16 16 18 17 17 17 17 16 16 16 16 16 16 16 16 16 16 4 4 4 4 4 4 4 16 16 16 16 16 16 2 2 2 2 2 0 17 17 17 17 17 17 17 17 18 18 17 17 17 17 16 17 17 17 17
5 5 5 5 9 11 11 9 9 9 7 11 9 9 11 11 11 4 4 9 10 10 10 10 10 9 9 9 9 6 6 6 9 9 9 14 14 6 10 10 10 9 16 11 11 5 16 5 5 12 12 12 12 11 11 11 11 6 6 6 6 6 6 6 6 6 10 10 10 10 10 10 10 10 10 10 10 10 10 10 10 10 10 10 10 10 10 10 10 10 10 10 5 5 5 5 5 7 6 12 10 10 10 10 10 5 5 5 5 5 5 5 5 5 6 6 6 6 6 6 6 11 11 11 15 10 10 10 10 5 5 5 5 10 10 10 10 10 10 17 17 17 17 17 17 17 11 11 11 11 11 11 17 17 17 17 17 17 0 10 10 10 10 10 10 10 13 13 5 5 5 5 10 12 12 12 12
7 7 7 7 5 5 5 5 5 8 7 7 7 7 7 7 7 9 9 7 5 5 5 5 5 8 8 8 8 8 8 8 3 1 3 10 10 8 5 5 5 7 16 3 3 5 16 7 7 6 6 6 6 6 6 6 6 10 10 10 10 10 10 10 10 10 8 8 8 4 4 4 4 4 4 6 6 6 6 6 6 6 6 6 6 8 8 5 5 5 5 5 10 10 10 10 10 8 8 4 8 8 8 8 8 6 6 6 6 6 6 6 6 6 8 8 8 8 8 8 8 8 8 8 11 4 4 4 4 6 6 6 6 6 6 6 6 6 6 17 17 17 17 17 17 17 7 7 7 7 7 7 17 17 17 17 17 17 10 0 2 2 2 2 2 2 10 10 10 10 10 10 6 8 8 8 8
7 7 7 7 5 5 5 5 5 8 7 7 7 7 7 7 7 9 9 7 5 5 5 5 5 8 8 8 8 8 8 8 3 1 3 10 10 8 5 5 5 7 16 3 3 5 16 7 7 6 6 6 6 6 6 6 6 10 10 10 10 10 10 10 10 10 8 8 8 4 4 4 4 4 4 6 6 6 6 6 6 6 6 6 6 8 8 5 5 5 5 5 10 10 10 10 10 8 8 4 8 8 8 8 8 6 6 6 6 6 6 6 6 6 8 8 8 8 8 8 8 8 8 8 11 4 4 4 4 6 6 6 6 6 6 6 6 6 6 17 17 17 17 17 17 17 7 7 7 7 7 7 17 17 17 17 17 17 10 2 0 2 2 2 2 2 10 10 10 10 10 10 6 8 8 8 8
7 7 7 7 5 5 5 5 5 8 7 7 7 7 7 7 7 9 9 7 5 5 5 5 5 8 8 8 8 8 8 8 3 1 3 10 10 8 5 5 5 7 16 3 3 5 16 7 7 6 6 6 6 6 6 6 6 10 10 10 10 10 10 10 10 10 8 8 8 4 4 4 4 4 4 6 6 6 6 6 6 6 6 6 6 8 8 5 5 5 5 5 10 10 10 10 10 8 8 4 8 8 8 8 8 6 6 6 6 6 6 6 6 6 8 8 8 8 8 8 8 8 8 8 11 4 4 4 4 6 6 6 6 6 6 6 6 6 6 17 17 17 17 17 17 17 7 7 7 7 7 7 17 17 17 17 17 17 10 2 2 0 2 2 2 2 10 10 10 10 10 10 6 8 8 8 8
7 7 7 7 5 5 5 5 5 8 7 7 7 7 7 7 7 9 9 7 5 5 5 5 5 8 8 8 8 8 8 8 3 1 3 10 10 8 5 5 5 7 16 3 3 5 16 7 7 6 6 6 6 6 6 6 6 10 10 10 10 10 10 10 10 10 8 8 8 4 4 4 4 4 4 6 6 6 6 6 6 6 6 6 6 8 8 5 5 5 5 5 10 10 10 10 10 8 8 4 8 8 8 8 8 6 6 6 6 6 6 6 6 6 8 8 8 8 8 8 8 8 8 8 11 4 4 4 4 6 6 6 6 6 6 6 6 6 6 17 17 17 17 17 17 17 7 7 7 7 7 7 17 17 17 17 17 17 10 2 2 2 0 2 2 2 10 10 10 10 10 10 6 8 8 8 8
7 7 7 7 5 5 5 5 5 8 7 7 7 7 7 7 7 9 9 7 5 5 5 5 5 8 8 8 8 8 8 8 3 1 3 10 10 8 5 5 5 7 16 3 3 5 16 7 7 6 6 6 6 6 6 6 6 10 10 10 10 10 10 10 10 10 8 8 8 4 4 4 4 4 4 6 6 6 6 6 6 6 6 6 6 8 8 5 5 5 5 5 10 10 10 10 10 8 8 4 8 8 8 8 8 6 6 6 6 6 6 6 6 6 8 8 8 8 8 8 8 8 8 8 11 4 4 4 4 6 6 6 6 6 6 6 6 6 6 17 17 17 17 17 17 17 7 7 7 7 7 7 17 17 17 17 17 17 10 2 2 2 2 0 2 2 10 10 10 10 10 10 6 8 8 8 8
7 7 7 7 5 5 5 5 5 8 7 7 7 7 7 7 7 9 9 7 5 5 5 5 5 8 8 8 8 8 8 8 3 1 3 10 10 8 5 5 5 7 16 3 3 5 16 7 7 6 6 6 6 6 6 6 6 10 10 10 10 10 10 10 10 10 8 8 8 4 4 4 4 4 4 6 6 6 6 6 6 6 6 6 6 8 8 5 5 5 5 5 10 10 10 10 10 8 8 4 8 8 8 8 8 6 6 6 6 6 6 6 6 6 8 8 8 8 8 8 8 8 8 8 11 4 4 4 4 6 6 6 6 6 6 6 6 6 6 17 17 17 17 17 17 17 7 7 7 7 7 7 17 17 17 17 17 17 10 2 2 2 2 2 0 2 10 10 10 10 10 10 6 8 8 8 8
7 7 7 7 5 5 5 5 5 8 7 7 7 7 7 7 7 9 9 7 5 5 5 5 5 8 8 8 8 8 8 8 3 1 3 10 10 8 5 5 5 7 16 3 3 5 16 7 7 6 6 6 6 6 6 6 6 10 10 10 10 10 10 10 10 10 8 8 8 4 4 4 4 4 4 6 6 6 6 6 6 6 6 6 6 8 8 5 5 5 5 5 10 10 10 10 10 8 8 4 8 8 8 8 8 6 6 6 6 6 6 6 6 6 8 8 8 8 8 8 8 8 8 8 11 4 4 4 4 6 6 6 6 6 6 6 6 6 6 17 17 17 17 17 17 17 7 7 7 7 7 7 17 17 17 17 17 17 10 2 2 2 2 2 2 0 10 10 10 10 10 10 6 8 8 8 8
11 11 11 11 8 9 9 12 12 8 15 12 10 10 12 12 12 9 9 12 9 9 9 9 9 12 12 12 12 6 6 6 12 12 12 18 18 13 8 8 8 10 17 9 9 11 17 11 11 10 10 10 10 9 9 9 9 6 6 6 6 6 6 6 6 6 8 8 8 12 12 12 12 12 12 13 13 13 13 13 13 13 13 13 13 11 11 13 13 13 13 13 10 10 10 10 10 7 12 10 11 11 11 11 11 10 10 10 10 10 10 10 10 10 12 12 12 12 12 12 12 12 12 12 19 13 13 13 13 9 9 9 9 10 10 10 10 10 10 18 18 18 18 18 18 18 12 12 12 12 12 12 18 18 18 18 18 18 13 10 10 10 10 10 10 10 0 2 10 10 10 10 8 13 13 13 13
11 11 11 11 8 9 9 12 12 8 15 12 10 10 12 12 12 9 9 12 9 9 9 9 9 12 12 12 12 6 6 6 12 12 12 18 18 13 8 8 8 10 17 9 9 11 17 11 11 10 10 10 10 9 9 9 9 6 6 6 6 6 6 6 6 6 8 8 8 12 12 12 12 12 12 13 13 13 13 13 13 13 13 13 13 11 11 13 13 13 13 13 10 10 10 10 10 7 12 10 11 11 11 11 11 10 10 10 10 10 10 10 10 10 12 12 12 12 12 12 12 12 12 12 19 13 13 13 13 9 9 9 9 10 10 10 10 10 10 18 18 18 18 18 18 18 12 12 12 12 12 12 18 18 18 18 18 18 13 10 10 10 10 10 10 10 2 0 10 10 10 10 8 13 13 13 13
6 6 6 6 9 11 11 9 9 10 8 11 10 10 11 11 11 3 3 9 11 11 11 11 11 10 10 10 10 7 7 7 9 9 9 14 14 7 10 10 10 10 16 11 11 6 16 6 6 12 12 12 12 11 11 11 11 7 7 7 7 7 7 7 7 7 10 10 10 10 10 10 10 10 10 10 10 10 10 10 10 10 10 10 10 11 11 10 10 10 10 10 4 4 4 4 4 8 7 12 11 11 11 11 11 6 6 6 6 6 6 6 6 6 7 7 7 7 7 7 7 11 11 11 15 10 10 10 10 6 6 6 6 11 11 11 11 11 11 17 17 17 17 17 17 17 11 11 11 11 11 11 17 17 17 17 17 17 5 10 10 10 10 10 10 10 10 10 0 2 2 2 10 12 12 12 12
6 6 6 6 9 11 11 9 9 10 8 11 10 10 11 11 11 3 3 9 11 11 11 11 11 10 10 10 10 7 7 7 9 9 9 14 14 7 10 10 10 10 16 11 11 6 16 6 6 12 12 12 12 11 11 11 11 7 7 7 7 7 7 7 7 7 10 10 10 10 10 10 10 10 10 10 10 10 10 10 10 10 10 10 10 11 11 10 10 10 10 10 4 4 4 4 4 8 7 12 11 11 11 11 11 6 6 6 6 6 6 6 6 6 7 7 7 7 7 7 7 11 11 11 15 10 10 10 10 6 6 6 6 11 11 11 11 11 11 17 17 17 17 17 17 17 11 11 11 11 11 11 17 17 17 17 17 17 5 10 10 10 10 10 10 10 10 10 2 0 2 2 10 12 12 12 12
6 6 6 6 9 11 11 9 9 10 8 11 10 10 11 11 11 3 3 9 11 11 11 11 11 10 10 10 10 7 7 7 9 9 9 14 14 7 10 10 10 10 16 11 11 6 16 6 6 12 12 12 12 11 11 11 11 7 7 7 7 7 7 7 7 7 10 10 10 10 10 10 10 10 10 10 10 10 10 10 10 10 10 10 10 11 11 10 10 10 10 10 4 4 4 4 4 8 7 12 11 11 11 11 11 6 6 6 6 6 6 6 6 6 7 7 7 7 7 7 7 11 11 11 15 10 10 10 10 6 6 6 6 11 11 11 11 11 11 17 17 17 17 17 17 17 11 11 11 11 11 11 17 17 17 17 17 17 5 10 10 10 10 10 10 10 10 10 2 2 0 2 10 12 12 12 12
6 6 6 6 9 11 11 9 9 10 8 11 10 10 11 11 11 3 3 9 11 11 11 11 11 10 10 10 10 7 7 7 9 9 9 14 14 7 10 10 10 10 16 11 11 6 16 6 6 12 12 12 12 11 11 11 11 7 7 7 7 7 7 7 7 7 10 10 10 10 10 10 10 10 10 10 10 10 10 10 10 10 10 10 10 11 11 10 10 10 10 10 4 4 4 4 4 8 7 12 11 11 11 11 11 6 6 6 6 6 6 6 6 6 7 7 7 7 7 7 7 11 11 11 15 10 10 10 10 6 6 6 6 11 11 11 11 11 11 17 17 17 17 17 17 17 11 11 11 11 11 11 17 17 17 17 17 17 5 10 10 10 10 10 10 10 10 10 2 2 2 0 10 12 12 12 12
8 8 8 8 4 5 5 6 6 4 8 7 7 7 7 7 7 9 9 7 3 3 1 3 3 6 6 6 6 6 6 6 7 7 7 11 11 6 4 4 4 7 15 5 5 7 15 8 8 6 6 6 6 5 5 5 5 8 8 8 8 8 8 8 8 8 2 2 2 7 7 7 7 7 7 7 7 7 7 7 7 7 7 7 7 8 8 7 7 7 7 7 10 10 10 10 10 7 9 6 8 8 8 8 8 4 4 4 4 4 4 4 4 4 9 9 9 9 9 9 9 9 9 9 12 8 8 8 8 5 5 5 5 6 6 6 6 6 6 16 16 16 16 16 16 16 7 7 7 7 7 7 16 16 16 16 16 16 10 6 6 6 6 6 6 6 8 8 10 10 10 10 0 8 8 8 8
10 10 10 10 11 7 7 10 10 12 10 1 5 5 5 5 5 11 11 11 7 7 7 7 7 9 9 9 9 11 11 11 10 10 10 11 11 12 10 10 10 3 16 7 7 10 16 10 10 8 8 8 8 5 5 5 5 12 12 12 12 12 12 12 12 12 12 12 12 5 5 5 5 5 5 11 11 11 11 11 11 11 11 11 11 4 4 10 10 10 10 10 12 12 12 12 12 6 11 8 6 6 6 6 6 8 8 8 8 8 8 8 8 8 11 11 11 11 11 11 11 9 9 9 12 11 11 11 11 10 10 10 10 8 8 8 8 8 8 17 17 17 17 17 17 17 5 5 5 5 5 5 17 17 17 17 17 17 12 8 8 8 8 8 8 8 13 13 12 12 12 12 8 0 2 2 2
10 10 10 10 11 7 7 10 10 12 10 1 5 5 5 5 5 11 11 11 7 7 7 7 7 9 9 9 9 11 11 11 10 10 10 11 11 12 10 10 10 3 16 7 7 10 16 10 10 8 8 8 8 5 5 5 5 12 12 12 12 12 12 12 12 12 12 12 12 5 5 5 5 5 5 11 11 11 11 11 11 11 11 11 11 4 4 10 10 10 10 10 12 12 12 12 12 6 11 8 6 6 6 6 6 8 8 8 8 8 8 8 8 8 11 11 11 11 11 11 11 9 9 9 12 11 11 11 11 10 10 10 10 8 8 8 8 8 8 17 17 17 17 17 17 17 5 5 5 5 5 5 17 17 17 17 17 17 12 8 8 8 8 8 8 8 13 13 12 12 12 12 8 2 0 2 2
10 10 10 10 11 7 7 10 10 12 10 1 5 5 5 5 5 11 11 11 7 7 7 7 7 9 9 9 9 11 11 11 10 10 10 11 11 12 10 10 10 3 16 7 7 10 16 10 10 8 8 8 8 5 5 5 5 12 12 12 12 12 12 12 12 12 12 12 12 5 5 5 5 5 5 11 11 11 11 11 11 11 11 11 11 4 4 10 10 10 10 10 12 12 12 12 12 6 11 8 6 6 6 6 6 8 8 8 8 8 8 8 8 8 11 11 11 11 11 11 11 9 9 9 12 11 11 11 11 10 10 10 10 8 8 8 8 8 8 17 17 17 17 17 17 17 5 5 5 5 5 5 17 17 17 17 17 17 12 8 8 8 8 8 8 8 13 13 12 12 12 12 8 2 2 0 2
10 10 10 10 11 7 7 10 10 12 10 1 5 5 5 5 5 11 11 11 7 7 7 7 7 9 9 9 9 11 11 11 10 10 10 11 11 12 10 10 10 3 16 7 7 10 16 10 10 8 8 8 8 5 5 5 5 12 12 12 12 12 12 12 12 12 12 12 12 5 5 5 5 5 5 11 11 11 11 11 11 11 11 11 11 4 4 10 10 10 10 10 12 12 12 12 12 6 11 8 6 6 6 6 6 8 8 8 8 8 8 8 8 8 11 11 11 11 11 11 11 9 9 9 12 11 11 11 11 10 10 10 10 8 8 8 8 8 8 17 17 17 17 17 17 17 5 5 5 5 5 5 17 17 17 17 17 17 12 8 8 8 8 8 8 8 13 13 12 12 12 12 8 2 2 2 0
