0 6 8 8 7 14 6 6 6 6 10 10 10 10 10 10 10 10 10 9 9 9 9 9 9 9 9 9 7 7 6 9 9 8 6 6 6 6 6 7 7 7 8 8 8 8 8 7 7 7 7 7 7 7 7 7 7 7 11 11 11 11 7 7 7 7 7 7 7 7 7 7 7 10 10 10 11 11 11 8 8 8 8 8 8 7 7 7 7 7 7 7 7 7 7 7 7 7 7 12 12 12 12 12 7 7 7 7 7 7 7 7 7 14 14 14 14 14 7 7 7 7 7 7 7 7 10 14 7 7 7 7 7 7 7 7 7 7 -1 -1 -1 -1 -1 -1 -1 -1 -1 -1 -1 -1 -1 -1 -1 -1 -1 -1 -1 -1 -1 -1 -1 -1 -1 -1 -1 -1 -1 -1 -1
6 0 5 5 7 14 6 6 6 6 14 14 11 11 11 11 11 11 11 13 13 13 13 13 13 13 13 13 11 11 2 5 5 13 6 6 6 6 6 7 7 7 12 12 12 12 12 7 7 7 7 7 3 3 3 3 3 3 12 12 12 12 7 7 7 7 7 7 7 7 7 7 7 6 6 6 15 15 15 8 8 8 8 8 8 7 7 7 7 6 6 6 6 6 7 7 7 7 7 12 12 12 12 12 4 7 7 7 7 7 7 5 7 14 14 14 14 14 7 7 7 7 7 7 7 3 14 14 7 7 7 7 7 7 7 7 7 7 -1 -1 -1 -1 -1 -1 -1 -1 -1 -1 -1 -1 -1 -1 -1 -1 -1 -1 -1 -1 -1 -1 -1 -1 -1 -1 -1 -1 -1 -1 -1
8 5 0 2 9 15 6 6 7 7 7 7 9 9 9 9 9 9 9 3 3 3 3 3 3 3 3 3 7 7 7 4 4 4 9 9 9 9 9 7 7 7 8 8 8 8 8 8 8 8 8 8 7 7 6 6 6 6 10 10 10 10 8 8 8 8 10 10 10 10 10 10 10 5 5 5 8 8 8 8 8 8 8 8 8 8 8 8 8 3 3 3 3 3 8 8 8 8 8 13 13 13 13 13 5 7 7 7 7 7 7 8 8 15 15 15 15 15 8 8 8 8 8 8 8 8 4 15 4 4 4 4 4 4 4 4 4 4 -1 -1 -1 -1 -1 -1 -1 -1 -1 -1 -1 -1 -1 -1 -1 -1 -1 -1 -1 -1 -1 -1 -1 -1 -1 -1 -1 -1 -1 -1 -1
8 5 2 0 9 15 6 6 7 7 7 7 9 9 9 9 9 9 9 3 3 3 3 3 3 3 3 3 7 7 7 4 4 4 9 9 9 9 9 7 7 7 8 8 8 8 8 8 8 8 8 8 7 7 6 6 6 6 10 10 10 10 8 8 8 8 10 10 10 10 10 10 10 5 5 5 8 8 8 8 8 8 8 8 8 8 8 8 8 3 3 3 3 3 8 8 8 8 8 13 13 13 13 13 5 7 7 7 7 7 7 8 8 15 15 15 15 15 8 8 8 8 8 8 8 8 4 15 4 4 4 4 4 4 4 4 4 4 -1 -1 -1 -1 -1 -1 -1 -1 -1 -1 -1 -1 -1 -1 -1 -1 -1 -1 -1 -1 -1 -1 -1 -1 -1 -1 -1 -1 -1 -1 -1
7 7 9 9 0 14 7 7 7 7 8 8 6 6 6 6 6 6 6 8 8 8 8 8 8 8 8 8 6 6 7 9 9 10 5 5 5 5 5 9 9 8 7 7 7 7 7 4 4 4 4 4 8 8 6 6 6 6 7 7 7 7 4 4 4 4 4 4 4 4 4 4 4 9 9 9 9 9 9 7 7 7 7 7 7 1 1 1 1 9 9 9 9 9 6 6 6 6 6 9 9 9 9 9 8 6 6 6 6 6 6 8 4 14 14 14 14 14 6 6 6 6 6 6 6 6 9 14 6 6 6 6 6 6 6 6 6 6 -1 -1 -1 -1 -1 -1 -1 -1 -1 -1 -1 -1 -1 -1 -1 -1 -1 -1 -1 -1 -1 -1 -1 -1 -1 -1 -1 -1 -1 -1 -1
14 14 15 15 14 0 14 14 13 13 14 14 14 14 14 14 14 14 14 14 14 14 14 14 14 14 14 14 14 14 14 15 15 16 14 14 14 14 14 15 15 15 15 15 15 15 15 15 15 15 15 15 15 15 15 15 15 15 15 15 15 15 15 15 15 15 15 15 15 15 15 15 15 15 15 15 7 7 7 15 15 15 15 15 15 14 14 14 14 15 15 15 15 15 15 15 15 15 15 16 16 16 16 16 14 15 15 15 15 15 15 14 15 4 4 4 4 4 15 15 15 15 15 15 15 15 15 4 15 15 15 15 15 15 15 15 15 15 -1 -1 -1 -1 -1 -1 -1 -1 -1 -1 -1 -1 -1 -1 -1 -1 -1 -1 -1 -1 -1 -1 -1 -1 -1 -1 -1 -1 -1 -1 -1
6 6 6 6 7 14 0 2 4 4 5 5 9 9 9 9 9 9 9 7 7 7 7 7 7 7 7 7 7 7 6 8 8 6 6 6 6 6 6 7 7 3 8 8 8 8 8 5 5 5 5 5 1 1 7 7 7 7 10 10 10 10 7 7 7 7 7 7 7 7 7 7 7 8 8 8 6 6 6 8 8 8 8 8 8 5 5 5 5 7 7 7 7 7 6 6 6 6 6 12 12 12 12 12 5 3 3 3 3 3 3 5 7 14 14 14 14 14 7 7 7 7 7 7 7 7 6 14 7 7 7 7 7 7 7 7 7 7 -1 -1 -1 -1 -1 -1 -1 -1 -1 -1 -1 -1 -1 -1 -1 -1 -1 -1 -1 -1 -1 -1 -1 -1 -1 -1 -1 -1 -1 -1 -1
6 6 6 6 7 14 2 0 4 4 5 5 9 9 9 9 9 9 9 7 7 7 7 7 7 7 7 7 7 7 6 8 8 6 6 6 6 6 6 7 7 3 8 8 8 8 8 5 5 5 5 5 3 3 7 7 7 7 10 10 10 10 7 7 7 7 7 7 7 7 7 7 7 8 8 8 6 6 6 8 8 8 8 8 8 5 5 5 5 7 7 7 7 7 6 6 6 6 6 12 12 12 12 12 5 3 3 3 3 3 3 5 7 14 14 14 14 14 7 7 7 7 7 7 7 7 6 14 7 7 7 7 7 7 7 7 7 7 -1 -1 -1 -1 -1 -1 -1 -1 -1 -1 -1 -1 -1 -1 -1 -1 -1 -1 -1 -1 -1 -1 -1 -1 -1 -1 -1 -1 -1 -1 -1
6 6 7 7 7 13 4 4 0 2 5 5 9 9 9 9 9 9 9 7 7 7 7 7 7 7 7 7 9 9 6 7 7 11 6 6 6 6 6 8 8 5 10 10 10 10 10 5 5 5 5 5 5 5 7 7 7 7 10 10 10 10 7 7 7 7 7 7 7 7 7 7 7 8 8 8 6 6 6 9 9 9 9 9 9 3 3 3 3 8 8 8 8 8 6 6 6 6 6 12 12 12 12 12 1 5 5 5 5 5 5 3 7 13 13 13 13 13 7 7 7 7 7 7 7 7 6 13 7 7 7 7 7 7 7 7 7 7 -1 -1 -1 -1 -1 -1 -1 -1 -1 -1 -1 -1 -1 -1 -1 -1 -1 -1 -1 -1 -1 -1 -1 -1 -1 -1 -1 -1 -1 -1 -1
6 6 7 7 7 13 4 4 2 0 5 5 9 9 9 9 9 9 9 7 7 7 7 7 7 7 7 7 9 9 6 7 7 11 6 6 6 6 6 8 8 5 10 10 10 10 10 5 5 5 5 5 5 5 7 7 7 7 10 10 10 10 7 7 7 7 7 7 7 7 7 7 7 8 8 8 6 6 6 9 9 9 9 9 9 3 3 3 3 8 8 8 8 8 6 6 6 6 6 12 12 12 12 12 3 5 5 5 5 5 5 3 7 13 13 13 13 13 7 7 7 7 7 7 7 7 6 13 7 7 7 7 7 7 7 7 7 7 -1 -1 -1 -1 -1 -1 -1 -1 -1 -1 -1 -1 -1 -1 -1 -1 -1 -1 -1 -1 -1 -1 -1 -1 -1 -1 -1 -1 -1 -1 -1
10 14 7 7 8 14 5 5 5 5 0 2 8 8 8 8 8 8 8 6 6 6 6 6 6 6 6 6 8 8 14 7 7 10 10 10 10 10 10 9 9 3 9 9 9 9 9 3 3 3 3 3 6 6 11 11 11 11 9 9 9 9 9 9 9 9 9 9 9 9 9 9 9 7 7 7 5 5 5 9 9 9 9 9 9 6 6 6 6 8 8 8 8 8 1 1 1 1 1 12 12 12 12 12 6 6 6 6 6 6 6 6 9 14 14 14 14 14 9 9 9 9 9 9 9 11 3 14 7 7 7 7 7 7 7 7 7 7 -1 -1 -1 -1 -1 -1 -1 -1 -1 -1 -1 -1 -1 -1 -1 -1 -1 -1 -1 -1 -1 -1 -1 -1 -1 -1 -1 -1 -1 -1 -1
10 14 7 7 8 14 5 5 5 5 2 0 8 8 8 8 8 8 8 6 6 6 6 6 6 6 6 6 8 8 14 7 7 10 10 10 10 10 10 9 9 3 9 9 9 9 9 3 3 3 3 3 6 6 11 11 11 11 9 9 9 9 9 9 9 9 9 9 9 9 9 9 9 7 7 7 5 5 5 9 9 9 9 9 9 6 6 6 6 8 8 8 8 8 3 3 3 3 3 12 12 12 12 12 6 6 6 6 6 6 6 6 9 14 14 14 14 14 9 9 9 9 9 9 9 11 1 14 7 7 7 7 7 7 7 7 7 7 -1 -1 -1 -1 -1 -1 -1 -1 -1 -1 -1 -1 -1 -1 -1 -1 -1 -1 -1 -1 -1 -1 -1 -1 -1 -1 -1 -1 -1 -1 -1
10 11 9 9 6 14 9 9 9 9 8 8 0 2 2 2 2 2 2 7 7 7 7 7 7 7 7 7 4 4 11 9 9 10 7 7 7 7 7 9 9 9 5 5 5 5 5 8 8 8 8 8 10 10 8 8 8 8 1 1 1 1 3 3 3 3 3 3 3 3 3 3 3 9 9 9 9 9 9 5 5 5 5 5 5 7 7 7 7 9 9 9 9 9 8 8 8 8 8 9 9 9 9 9 10 8 8 8 8 8 8 10 1 14 14 14 14 14 5 5 5 5 5 5 5 8 8 14 8 8 8 8 8 8 8 8 8 8 -1 -1 -1 -1 -1 -1 -1 -1 -1 -1 -1 -1 -1 -1 -1 -1 -1 -1 -1 -1 -1 -1 -1 -1 -1 -1 -1 -1 -1 -1 -1
10 11 9 9 6 14 9 9 9 9 8 8 2 0 2 2 2 2 2 7 7 7 7 7 7 7 7 7 4 4 11 9 9 10 7 7 7 7 7 9 9 9 5 5 5 5 5 8 8 8 8 8 10 10 8 8 8 8 3 3 3 3 3 3 3 3 3 3 3 3 3 3 3 9 9 9 9 9 9 5 5 5 5 5 5 7 7 7 7 9 9 9 9 9 8 8 8 8 8 9 9 9 9 9 10 8 8 8 8 8 8 10 3 14 14 14 14 14 5 5 5 5 5 5 5 8 8 14 8 8 8 8 8 8 8 8 8 8 -1 -1 -1 -1 -1 -1 -1 -1 -1 -1 -1 -1 -1 -1 -1 -1 -1 -1 -1 -1 -1 -1 -1 -1 -1 -1 -1 -1 -1 -1 -1
10 11 9 9 6 14 9 9 9 9 8 8 2 2 0 2 2 2 2 7 7 7 7 7 7 7 7 7 4 4 11 9 9 10 7 7 7 7 7 9 9 9 5 5 5 5 5 8 8 8 8 8 10 10 8 8 8 8 3 3 3 3 3 3 3 3 3 3 3 3 3 3 3 9 9 9 9 9 9 5 5 5 5 5 5 7 7 7 7 9 9 9 9 9 8 8 8 8 8 9 9 9 9 9 10 8 8 8 8 8 8 10 3 14 14 14 14 14 5 5 5 5 5 5 5 8 8 14 8 8 8 8 8 8 8 8 8 8 -1 -1 -1 -1 -1 -1 -1 -1 -1 -1 -1 -1 -1 -1 -1 -1 -1 -1 -1 -1 -1 -1 -1 -1 -1 -1 -1 -1 -1 -1 -1
10 11 9 9 6 14 9 9 9 9 8 8 2 2 2 0 2 2 2 7 7 7 7 7 7 7 7 7 4 4 11 9 9 10 7 7 7 7 7 9 9 9 5 5 5 5 5 8 8 8 8 8 10 10 8 8 8 8 3 3 3 3 3 3 3 3 1 1 1 1 1 1 1 9 9 9 9 9 9 5 5 5 5 5 5 7 7 7 7 9 9 9 9 9 8 8 8 8 8 9 9 9 9 9 10 8 8 8 8 8 8 10 3 14 14 14 14 14 5 5 5 5 5 5 5 8 8 14 8 8 8 8 8 8 8 8 8 8 -1 -1 -1 -1 -1 -1 -1 -1 -1 -1 -1 -1 -1 -1 -1 -1 -1 -1 -1 -1 -1 -1 -1 -1 -1 -1 -1 -1 -1 -1 -1
10 11 9 9 6 14 9 9 9 9 8 8 2 2 2 2 0 2 2 7 7 7 7 7 7 7 7 7 4 4 11 9 9 10 7 7 7 7 7 9 9 9 5 5 5 5 5 8 8 8 8 8 10 10 8 8 8 8 3 3 3 3 3 3 3 3 3 3 3 3 3 3 3 9 9 9 9 9 9 5 5 5 5 5 5 7 7 7 7 9 9 9 9 9 8 8 8 8 8 9 9 9 9 9 10 8 8 8 8 8 8 10 3 14 14 14 14 14 5 5 5 5 5 5 5 8 8 14 8 8 8 8 8 8 8 8 8 8 -1 -1 -1 -1 -1 -1 -1 -1 -1 -1 -1 -1 -1 -1 -1 -1 -1 -1 -1 -1 -1 -1 -1 -1 -1 -1 -1 -1 -1 -1 -1
10 11 9 9 6 14 9 9 9 9 8 8 2 2 2 2 2 0 2 7 7 7 7 7 7 7 7 7 4 4 11 9 9 10 7 7 7 7 7 9 9 9 5 5 5 5 5 8 8 8 8 8 10 10 8 8 8 8 3 3 3 3 1 1 1 1 3 3 3 3 3 3 3 9 9 9 9 9 9 5 5 5 5 5 5 7 7 7 7 9 9 9 9 9 8 8 8 8 8 9 9 9 9 9 10 8 8 8 8 8 8 10 3 14 14 14 14 14 5 5 5 5 5 5 5 8 8 14 8 8 8 8 8 8 8 8 8 8 -1 -1 -1 -1 -1 -1 -1 -1 -1 -1 -1 -1 -1 -1 -1 -1 -1 -1 -1 -1 -1 -1 -1 -1 -1 -1 -1 -1 -1 -1 -1
10 11 9 9 6 14 9 9 9 9 8 8 2 2 2 2 2 2 0 7 7 7 7 7 7 7 7 7 4 4 11 9 9 10 7 7 7 7 7 9 9 9 5 5 5 5 5 8 8 8 8 8 10 10 8 8 8 8 3 3 3 3 3 3 3 3 3 3 3 3 3 3 3 9 9 9 9 9 9 5 5 5 5 5 5 7 7 7 7 9 9 9 9 9 8 8 8 8 8 9 9 9 9 9 10 8 8 8 8 8 8 10 3 14 14 14 14 14 5 5 5 5 5 5 5 8 8 14 8 8 8 8 8 8 8 8 8 8 -1 -1 -1 -1 -1 -1 -1 -1 -1 -1 -1 -1 -1 -1 -1 -1 -1 -1 -1 -1 -1 -1 -1 -1 -1 -1 -1 -1 -1 -1 -1
9 13 3 3 8 14 7 7 7 7 6 6 7 7 7 7 7 7 7 0 2 2 2 2 2 2 2 2 7 7 13 3 3 9 10 10 10 10 10 8 8 7 2 2 2 2 2 7 7 7 7 7 8 8 11 11 11 11 8 8 8 8 8 8 8 8 8 8 8 8 8 8 8 4 4 4 7 7 7 8 8 8 8 8 8 8 8 8 8 4 4 4 4 4 7 7 7 7 7 12 12 12 12 12 8 8 8 8 8 8 8 8 8 14 14 14 14 14 8 8 8 8 8 8 8 11 1 14 3 3 3 3 3 3 3 3 3 3 -1 -1 -1 -1 -1 -1 -1 -1 -1 -1 -1 -1 -1 -1 -1 -1 -1 -1 -1 -1 -1 -1 -1 -1 -1 -1 -1 -1 -1 -1 -1
9 13 3 3 8 14 7 7 7 7 6 6 7 7 7 7 7 7 7 2 0 2 2 2 2 2 2 2 7 7 13 3 3 9 10 10 10 10 10 8 8 7 2 2 2 2 2 7 7 7 7 7 8 8 11 11 11 11 8 8 8 8 8 8 8 8 8 8 8 8 8 8 8 4 4 4 7 7 7 8 8 8 8 8 8 8 8 8 8 4 4 4 4 4 7 7 7 7 7 12 12 12 12 12 8 8 8 8 8 8 8 8 8 14 14 14 14 14 8 8 8 8 8 8 8 11 3 14 3 3 3 3 3 3 3 3 3 3 -1 -1 -1 -1 -1 -1 -1 -1 -1 -1 -1 -1 -1 -1 -1 -1 -1 -1 -1 -1 -1 -1 -1 -1 -1 -1 -1 -1 -1 -1 -1
9 13 3 3 8 14 7 7 7 7 6 6 7 7 7 7 7 7 7 2 2 0 2 2 2 2 2 2 7 7 13 3 3 9 10 10 10 10 10 8 8 7 2 2 2 2 2 7 7 7 7 7 8 8 11 11 11 11 8 8 8 8 8 8 8 8 8 8 8 8 8 8 8 4 4 4 7 7 7 8 8 8 8 8 8 8 8 8 8 4 4 4 4 4 7 7 7 7 7 12 12 12 12 12 8 8 8 8 8 8 8 8 8 14 14 14 14 14 8 8 8 8 8 8 8 11 3 14 3 3 3 3 3 3 3 3 3 3 -1 -1 -1 -1 -1 -1 -1 -1 -1 -1 -1 -1 -1 -1 -1 -1 -1 -1 -1 -1 -1 -1 -1 -1 -1 -1 -1 -1 -1 -1 -1
9 13 3 3 8 14 7 7 7 7 6 6 7 7 7 7 7 7 7 2 2 2 0 2 2 2 2 2 7 7 13 3 3 9 10 10 10 10 10 8 8 7 2 2 2 2 2 7 7 7 7 7 8 8 11 11 11 11 8 8 8 8 8 8 8 8 8 8 8 8 8 8 8 4 4 4 7 7 7 8 8 8 8 8 8 8 8 8 8 4 4 4 4 4 7 7 7 7 7 12 12 12 12 12 8 8 8 8 8 8 8 8 8 14 14 14 14 14 8 8 8 8 8 8 8 11 3 14 3 3 3 3 3 3 3 3 3 3 -1 -1 -1 -1 -1 -1 -1 -1 -1 -1 -1 -1 -1 -1 -1 -1 -1 -1 -1 -1 -1 -1 -1 -1 -1 -1 -1 -1 -1 -1 -1
9 13 3 3 8 14 7 7 7 7 6 6 7 7 7 7 7 7 7 2 2 2 2 0 2 2 2 2 7 7 13 3 3 9 10 10 10 10 10 8 8 7 2 2 2 2 2 7 7 7 7 7 8 8 11 11 11 11 8 8 8 8 8 8 8 8 8 8 8 8 8 8 8 4 4 4 7 7 7 8 8 8 8 8 8 8 8 8 8 4 4 4 4 4 7 7 7 7 7 12 12 12 12 12 8 8 8 8 8 8 8 8 8 14 14 14 14 14 8 8 8 8 8 8 8 11 3 14 3 3 3 3 3 3 3 3 3 3 -1 -1 -1 -1 -1 -1 -1 -1 -1 -1 -1 -1 -1 -1 -1 -1 -1 -1 -1 -1 -1 -1 -1 -1 -1 -1 -1 -1 -1 -1 -1
9 13 3 3 8 14 7 7 7 7 6 6 7 7 7 7 7 7 7 2 2 2 2 2 0 2 2 2 7 7 13 3 3 9 10 10 10 10 10 8 8 7 2 2 2 2 2 7 7 7 7 7 8 8 11 11 11 11 8 8 8 8 8 8 8 8 8 8 8 8 8 8 8 4 4 4 7 7 7 8 8 8 8 8 8 8 8 8 8 4 4 4 4 4 7 7 7 7 7 12 12 12 12 12 8 8 8 8 8 8 8 8 8 14 14 14 14 14 8 8 8 8 8 8 8 11 3 14 3 3 3 3 3 3 3 3 3 3 -1 -1 -1 -1 -1 -1 -1 -1 -1 -1 -1 -1 -1 -1 -1 -1 -1 -1 -1 -1 -1 -1 -1 -1 -1 -1 -1 -1 -1 -1 -1
9 13 3 3 8 14 7 7 7 7 6 6 7 7 7 7 7 7 7 2 2 2 2 2 2 0 2 2 7 7 13 3 3 9 10 10 10 10 10 8 8 7 2 2 2 2 2 7 7 7 7 7 8 8 11 11 11 11 8 8 8 8 8 8 8 8 8 8 8 8 8 8 8 4 4 4 7 7 7 8 8 8 8 8 8 8 8 8 8 4 4 4 4 4 7 7 7 7 7 12 12 12 12 12 8 8 8 8 8 8 8 8 8 14 14 14 14 14 8 8 8 8 8 8 8 11 3 14 3 3 3 3 3 3 3 3 3 3 -1 -1 -1 -1 -1 -1 -1 -1 -1 -1 -1 -1 -1 -1 -1 -1 -1 -1 -1 -1 -1 -1 -1 -1 -1 -1 -1 -1 -1 -1 -1
9 13 3 3 8 14 7 7 7 7 6 6 7 7 7 7 7 7 7 2 2 2 2 2 2 2 0 2 7 7 13 3 3 9 10 10 10 10 10 8 8 7 2 2 2 2 2 7 7 7 7 7 8 8 11 11 11 11 8 8 8 8 8 8 8 8 8 8 8 8 8 8 8 4 4 4 7 7 7 8 8 8 8 8 8 8 8 8 8 4 4 4 4 4 7 7 7 7 7 12 12 12 12 12 8 8 8 8 8 8 8 8 8 14 14 14 14 14 8 8 8 8 8 8 8 11 3 14 3 3 3 3 3 3 3 3 3 3 -1 -1 -1 -1 -1 -1 -1 -1 -1 -1 -1 -1 -1 -1 -1 -1 -1 -1 -1 -1 -1 -1 -1 -1 -1 -1 -1 -1 -1 -1 -1
9 13 3 3 8 14 7 7 7 7 6 6 7 7 7 7 7 7 7 2 2 2 2 2 2 2 2 0 7 7 13 3 3 9 10 10 10 10 10 8 8 7 2 2 2 2 2 7 7 7 7 7 8 8 11 11 11 11 8 8 8 8 8 8 8 8 8 8 8 8 8 8 8 4 4 4 7 7 7 8 8 8 8 8 8 8 8 8 8 4 4 4 4 4 7 7 7 7 7 12 12 12 12 12 8 8 8 8 8 8 8 8 8 14 14 14 14 14 8 8 8 8 8 8 8 11 3 14 3 3 3 3 3 3 3 3 3 3 -1 -1 -1 -1 -1 -1 -1 -1 -1 -1 -1 -1 -1 -1 -1 -1 -1 -1 -1 -1 -1 -1 -1 -1 -1 -1 -1 -1 -1 -1 -1
7 11 7 7 6 14 7 7 9 9 8 8 4 4 4 4 4 4 4 7 7 7 7 7 7 7 7 7 0 2 11 9 9 7 7 7 7 7 7 6 6 8 3 3 3 3 3 8 8 8 8 8 8 8 8 8 8 8 5 5 5 5 5 5 5 5 5 5 5 5 5 5 5 9 9 9 9 9 9 1 1 1 1 1 1 7 7 7 7 6 6 6 6 6 8 8 8 8 8 9 9 9 9 9 10 8 8 8 8 8 8 10 5 14 14 14 14 14 3 3 3 3 3 3 3 8 8 14 8 8 8 8 8 8 8 8 8 8 -1 -1 -1 -1 -1 -1 -1 -1 -1 -1 -1 -1 -1 -1 -1 -1 -1 -1 -1 -1 -1 -1 -1 -1 -1 -1 -1 -1 -1 -1 -1
7 11 7 7 6 14 7 7 9 9 8 8 4 4 4 4 4 4 4 7 7 7 7 7 7 7 7 7 2 0 11 9 9 7 7 7 7 7 7 6 6 8 3 3 3 3 3 8 8 8 8 8 8 8 8 8 8 8 5 5 5 5 5 5 5 5 5 5 5 5 5 5 5 9 9 9 9 9 9 3 3 3 3 3 3 7 7 7 7 6 6 6 6 6 8 8 8 8 8 9 9 9 9 9 10 8 8 8 8 8 8 10 5 14 14 14 14 14 3 3 3 3 3 3 3 8 8 14 8 8 8 8 8 8 8 8 8 8 -1 -1 -1 -1 -1 -1 -1 -1 -1 -1 -1 -1 -1 -1 -1 -1 -1 -1 -1 -1 -1 -1 -1 -1 -1 -1 -1 -1 -1 -1 -1
6 2 7 7 7 14 6 6 6 6 14 14 11 11 11 11 11 11 11 13 13 13 13 13 13 13 13 13 11 11 0 7 7 13 6 6 6 6 6 7 7 7 12 12 12 12 12 7 7 7 7 7 3 3 3 3 3 3 12 12 12 12 7 7 7 7 7 7 7 7 7 7 7 8 8 8 15 15 15 8 8 8 8 8 8 7 7 7 7 7 7 7 7 7 7 7 7 7 7 12 12 12 12 12 7 7 7 7 7 7 7 5 7 14 14 14 14 14 7 7 7 7 7 7 7 3 14 14 7 7 7 7 7 7 7 7 7 7 -1 -1 -1 -1 -1 -1 -1 -1 -1 -1 -1 -1 -1 -1 -1 -1 -1 -1 -1 -1 -1 -1 -1 -1 -1 -1 -1 -1 -1 -1 -1
9 5 4 4 9 15 8 8 7 7 7 7 9 9 9 9 9 9 9 3 3 3 3 3 3 3 3 3 9 9 7 0 2 11 9 9 9 9 9 8 8 8 10 10 10 10 10 8 8 8 8 8 8 8 6 6 6 6 10 10 10 10 8 8 8 8 10 10 10 10 10 10 10 1 1 1 8 8 8 9 9 9 9 9 9 8 8 8 8 5 5 5 5 5 8 8 8 8 8 13 13 13 13 13 5 9 9 9 9 9 9 8 8 15 15 15 15 15 10 10 10 10 10 10 10 8 4 15 4 4 4 4 4 4 4 4 4 4 -1 -1 -1 -1 -1 -1 -1 -1 -1 -1 -1 -1 -1 -1 -1 -1 -1 -1 -1 -1 -1 -1 -1 -1 -1 -1 -1 -1 -1 -1 -1
9 5 4 4 9 15 8 8 7 7 7 7 9 9 9 9 9 9 9 3 3 3 3 3 3 3 3 3 9 9 7 2 0 11 9 9 9 9 9 8 8 8 10 10 10 10 10 8 8 8 8 8 8 8 6 6 6 6 10 10 10 10 8 8 8 8 10 10 10 10 10 10 10 3 3 3 8 8 8 9 9 9 9 9 9 8 8 8 8 5 5 5 5 5 8 8 8 8 8 13 13 13 13 13 5 9 9 9 9 9 9 8 8 15 15 15 15 15 10 10 10 10 10 10 10 8 4 15 4 4 4 4 4 4 4 4 4 4 -1 -1 -1 -1 -1 -1 -1 -1 -1 -1 -1 -1 -1 -1 -1 -1 -1 -1 -1 -1 -1 -1 -1 -1 -1 -1 -1 -1 -1 -1 -1
8 13 4 4 10 16 6 6 11 11 10 10 10 10 10 10 10 10 10 9 9 9 9 9 9 9 9 9 7 7 13 11 11 0 13 13 13 13 13 7 7 7 8 8 8 8 8 11 11 11 11 11 7 7 14 14 14 14 11 11 11 11 9 9 9 9 11 11 11 11 11 11 11 8 8 8 11 11 11 8 8 8 8 8 8 11 11 11 11 5 5 5 5 5 11 11 11 11 11 17 17 17 17 17 12 7 7 7 7 7 7 12 9 16 16 16 16 16 8 8 8 8 8 8 8 14 10 16 10 10 10 10 10 10 10 10 10 10 -1 -1 -1 -1 -1 -1 -1 -1 -1 -1 -1 -1 -1 -1 -1 -1 -1 -1 -1 -1 -1 -1 -1 -1 -1 -1 -1 -1 -1 -1 -1
6 6 9 9 5 14 6 6 6 6 10 10 7 7 7 7 7 7 7 10 10 10 10 10 10 10 10 10 7 7 6 9 9 13 0 2 2 2 2 9 9 7 8 8 8 8 8 5 5 5 5 5 7 7 5 5 5 5 8 8 8 8 5 5 5 5 5 5 5 5 5 5 5 10 10 10 11 11 11 8 8 8 8 8 8 6 6 6 6 9 9 9 9 9 3 3 3 3 3 8 8 8 8 8 7 3 3 3 3 3 3 7 5 14 14 14 14 14 3 3 3 3 3 3 3 3 11 14 5 5 5 5 5 5 5 5 5 5 -1 -1 -1 -1 -1 -1 -1 -1 -1 -1 -1 -1 -1 -1 -1 -1 -1 -1 -1 -1 -1 -1 -1 -1 -1 -1 -1 -1 -1 -1 -1
6 6 9 9 5 14 6 6 6 6 10 10 7 7 7 7 7 7 7 10 10 10 10 10 10 10 10 10 7 7 6 9 9 13 2 0 2 2 2 9 9 7 8 8 8 8 8 5 5 5 5 5 7 7 5 5 5 5 8 8 8 8 5 5 5 5 5 5 5 5 5 5 5 10 10 10 11 11 11 8 8 8 8 8 8 6 6 6 6 9 9 9 9 9 3 3 3 3 3 8 8 8 8 8 7 3 3 3 3 3 3 7 5 14 14 14 14 14 3 3 3 3 3 3 3 3 11 14 5 5 5 5 5 5 5 5 5 5 -1 -1 -1 -1 -1 -1 -1 -1 -1 -1 -1 -1 -1 -1 -1 -1 -1 -1 -1 -1 -1 -1 -1 -1 -1 -1 -1 -1 -1 -1 -1
6 6 9 9 5 14 6 6 6 6 10 10 7 7 7 7 7 7 7 10 10 10 10 10 10 10 10 10 7 7 6 9 9 13 2 2 0 2 2 9 9 7 8 8 8 8 8 5 5 5 5 5 7 7 5 5 5 5 8 8 8 8 5 5 5 5 5 5 5 5 5 5 5 10 10 10 11 11 11 8 8 8 8 8 8 6 6 6 6 9 9 9 9 9 3 3 3 3 3 8 8 8 8 8 7 3 3 3 3 3 3 7 5 14 14 14 14 14 1 1 1 1 1 1 1 3 11 14 5 5 5 5 5 5 5 5 5 5 -1 -1 -1 -1 -1 -1 -1 -1 -1 -1 -1 -1 -1 -1 -1 -1 -1 -1 -1 -1 -1 -1 -1 -1 -1 -1 -1 -1 -1 -1 -1
6 6 9 9 5 14 6 6 6 6 10 10 7 7 7 7 7 7 7 10 10 10 10 10 10 10 10 10 7 7 6 9 9 13 2 2 2 0 2 9 9 7 8 8 8 8 8 5 5 5 5 5 7 7 5 5 5 5 8 8 8 8 5 5 5 5 5 5 5 5 5 5 5 10 10 10 11 11 11 8 8 8 8 8 8 6 6 6 6 9 9 9 9 9 3 3 3 3 3 8 8 8 8 8 7 3 3 3 3 3 3 7 5 14 14 14 14 14 3 3 3 3 3 3 3 3 11 14 5 5 5 5 5 5 5 5 5 5 -1 -1 -1 -1 -1 -1 -1 -1 -1 -1 -1 -1 -1 -1 -1 -1 -1 -1 -1 -1 -1 -1 -1 -1 -1 -1 -1 -1 -1 -1 -1
6 6 9 9 5 14 6 6 6 6 10 10 7 7 7 7 7 7 7 10 10 10 10 10 10 10 10 10 7 7 6 9 9 13 2 2 2 2 0 9 9 7 8 8 8 8 8 5 5 5 5 5 7 7 5 5 5 5 8 8 8 8 5 5 5 5 5 5 5 5 5 5 5 10 10 10 11 11 11 8 8 8 8 8 8 6 6 6 6 9 9 9 9 9 3 3 3 3 3 8 8 8 8 8 7 1 1 1 1 1 1 7 5 14 14 14 14 14 3 3 3 3 3 3 3 3 11 14 5 5 5 5 5 5 5 5 5 5 -1 -1 -1 -1 -1 -1 -1 -1 -1 -1 -1 -1 -1 -1 -1 -1 -1 -1 -1 -1 -1 -1 -1 -1 -1 -1 -1 -1 -1 -1 -1
7 7 7 7 9 15 7 7 8 8 9 9 9 9 9 9 9 9 9 8 8 8 8 8 8 8 8 8 6 6 7 8 8 7 9 9 9 9 9 0 2 8 7 7 7 7 7 10 10 10 10 10 8 8 8 8 8 8 10 10 10 10 8 8 8 8 10 10 10 10 10 10 10 9 9 9 10 10 10 3 3 3 3 3 3 9 9 9 9 4 4 4 4 4 10 10 10 10 10 16 16 16 16 16 9 8 8 8 8 8 8 8 8 15 15 15 15 15 7 7 7 7 7 7 7 8 9 15 9 9 9 9 9 9 9 9 9 9 -1 -1 -1 -1 -1 -1 -1 -1 -1 -1 -1 -1 -1 -1 -1 -1 -1 -1 -1 -1 -1 -1 -1 -1 -1 -1 -1 -1 -1 -1 -1
7 7 7 7 9 15 7 7 8 8 9 9 9 9 9 9 9 9 9 8 8 8 8 8 8 8 8 8 6 6 7 8 8 7 9 9 9 9 9 2 0 8 7 7 7 7 7 10 10 10 10 10 8 8 8 8 8 8 10 10 10 10 8 8 8 8 10 10 10 10 10 10 10 9 9 9 10 10 10 3 3 3 3 3 3 9 9 9 9 4 4 4 4 4 10 10 10 10 10 16 16 16 16 16 9 8 8 8 8 8 8 8 8 15 15 15 15 15 7 7 7 7 7 7 7 8 9 15 9 9 9 9 9 9 9 9 9 9 -1 -1 -1 -1 -1 -1 -1 -1 -1 -1 -1 -1 -1 -1 -1 -1 -1 -1 -1 -1 -1 -1 -1 -1 -1 -1 -1 -1 -1 -1 -1
7 7 7 7 8 15 3 3 5 5 3 3 9 9 9 9 9 9 9 7 7 7 7 7 7 7 7 7 8 8 7 8 8 7 7 7 7 7 7 8 8 0 9 9 9 9 9 4 4 4 4 4 4 4 8 8 8 8 10 10 10 10 8 8 8 8 8 8 8 8 8 8 8 8 8 8 6 6 6 9 9 9 9 9 9 6 6 6 6 8 8 8 8 8 4 4 4 4 4 13 13 13 13 13 6 4 4 4 4 4 4 6 8 15 15 15 15 15 8 8 8 8 8 8 8 8 4 15 8 8 8 8 8 8 8 8 8 8 -1 -1 -1 -1 -1 -1 -1 -1 -1 -1 -1 -1 -1 -1 -1 -1 -1 -1 -1 -1 -1 -1 -1 -1 -1 -1 -1 -1 -1 -1 -1
8 12 8 8 7 15 8 8 10 10 9 9 5 5 5 5 5 5 5 2 2 2 2 2 2 2 2 2 3 3 12 10 10 8 8 8 8 8 8 7 7 9 0 2 2 2 2 9 9 9 9 9 9 9 9 9 9 9 6 6 6 6 6 6 6 6 6 6 6 6 6 6 6 10 10 10 10 10 10 4 4 4 4 4 4 8 8 8 8 7 7 7 7 7 9 9 9 9 9 10 10 10 10 10 11 9 9 9 9 9 9 11 6 15 15 15 15 15 4 4 4 4 4 4 4 9 3 15 3 3 3 3 3 3 3 3 3 3 -1 -1 -1 -1 -1 -1 -1 -1 -1 -1 -1 -1 -1 -1 -1 -1 -1 -1 -1 -1 -1 -1 -1 -1 -1 -1 -1 -1 -1 -1 -1
8 12 8 8 7 15 8 8 10 10 9 9 5 5 5 5 5 5 5 2 2 2 2 2 2 2 2 2 3 3 12 10 10 8 8 8 8 8 8 7 7 9 2 0 2 2 2 9 9 9 9 9 9 9 9 9 9 9 6 6 6 6 6 6 6 6 6 6 6 6 6 6 6 10 10 10 10 10 10 4 4 4 4 4 4 8 8 8 8 7 7 7 7 7 9 9 9 9 9 10 10 10 10 10 11 9 9 9 9 9 9 11 6 15 15 15 15 15 4 4 4 4 4 4 4 9 3 15 3 3 3 3 3 3 3 3 3 3 -1 -1 -1 -1 -1 -1 -1 -1 -1 -1 -1 -1 -1 -1 -1 -1 -1 -1 -1 -1 -1 -1 -1 -1 -1 -1 -1 -1 -1 -1 -1
8 12 8 8 7 15 8 8 10 10 9 9 5 5 5 5 5 5 5 2 2 2 2 2 2 2 2 2 3 3 12 10 10 8 8 8 8 8 8 7 7 9 2 2 0 2 2 9 9 9 9 9 9 9 9 9 9 9 6 6 6 6 6 6 6 6 6 6 6 6 6 6 6 10 10 10 10 10 10 4 4 4 4 4 4 8 8 8 8 7 7 7 7 7 9 9 9 9 9 10 10 10 10 10 11 9 9 9 9 9 9 11 6 15 15 15 15 15 4 4 4 4 4 4 4 9 3 15 3 3 3 3 3 3 3 3 3 3 -1 -1 -1 -1 -1 -1 -1 -1 -1 -1 -1 -1 -1 -1 -1 -1 -1 -1 -1 -1 -1 -1 -1 -1 -1 -1 -1 -1 -1 -1 -1
8 12 8 8 7 15 8 8 10 10 9 9 5 5 5 5 5 5 5 2 2 2 2 2 2 2 2 2 3 3 12 10 10 8 8 8 8 8 8 7 7 9 2 2 2 0 2 9 9 9 9 9 9 9 9 9 9 9 6 6 6 6 6 6 6 6 6 6 6 6 6 6 6 10 10 10 10 10 10 4 4 4 4 4 4 8 8 8 8 7 7 7 7 7 9 9 9 9 9 10 10 10 10 10 11 9 9 9 9 9 9 11 6 15 15 15 15 15 4 4 4 4 4 4 4 9 3 15 3 3 3 3 3 3 3 3 3 3 -1 -1 -1 -1 -1 -1 -1 -1 -1 -1 -1 -1 -1 -1 -1 -1 -1 -1 -1 -1 -1 -1 -1 -1 -1 -1 -1 -1 -1 -1 -1
8 12 8 8 7 15 8 8 10 10 9 9 5 5 5 5 5 5 5 2 2 2 2 2 2 2 2 2 3 3 12 10 10 8 8 8 8 8 8 7 7 9 2 2 2 2 0 9 9 9 9 9 9 9 9 9 9 9 6 6 6 6 6 6 6 6 6 6 6 6 6 6 6 10 10 10 10 10 10 4 4 4 4 4 4 8 8 8 8 7 7 7 7 7 9 9 9 9 9 10 10 10 10 10 11 9 9 9 9 9 9 11 6 15 15 15 15 15 4 4 4 4 4 4 4 9 3 15 3 3 3 3 3 3 3 3 3 3 -1 -1 -1 -1 -1 -1 -1 -1 -1 -1 -1 -1 -1 -1 -1 -1 -1 -1 -1 -1 -1 -1 -1 -1 -1 -1 -1 -1 -1 -1 -1
7 7 8 8 4 15 5 5 5 5 3 3 8 8 8 8 8 8 8 7 7 7 7 7 7 7 7 7 8 8 7 8 8 11 5 5 5 5 5 10 10 4 9 9 9 9 9 0 2 2 2 2 6 6 6 6 6 6 9 9 9 9 4 4 4 4 4 4 4 4 4 4 4 8 8 8 6 6 6 9 9 9 9 9 9 5 5 5 5 9 9 9 9 9 4 4 4 4 4 9 9 9 9 9 6 6 6 6 6 6 6 6 4 15 15 15 15 15 6 6 6 6 6 6 6 6 4 15 6 6 6 6 6 6 6 6 6 6 -1 -1 -1 -1 -1 -1 -1 -1 -1 -1 -1 -1 -1 -1 -1 -1 -1 -1 -1 -1 -1 -1 -1 -1 -1 -1 -1 -1 -1 -1 -1
7 7 8 8 4 15 5 5 5 5 3 3 8 8 8 8 8 8 8 7 7 7 7 7 7 7 7 7 8 8 7 8 8 11 5 5 5 5 5 10 10 4 9 9 9 9 9 2 0 2 2 2 6 6 6 6 6 6 9 9 9 9 4 4 4 4 4 4 4 4 4 4 4 8 8 8 6 6 6 9 9 9 9 9 9 5 5 5 5 9 9 9 9 9 4 4 4 4 4 9 9 9 9 9 6 6 6 6 6 6 6 6 4 15 15 15 15 15 6 6 6 6 6 6 6 6 4 15 6 6 6 6 6 6 6 6 6 6 -1 -1 -1 -1 -1 -1 -1 -1 -1 -1 -1 -1 -1 -1 -1 -1 -1 -1 -1 -1 -1 -1 -1 -1 -1 -1 -1 -1 -1 -1 -1
7 7 8 8 4 15 5 5 5 5 3 3 8 8 8 8 8 8 8 7 7 7 7 7 7 7 7 7 8 8 7 8 8 11 5 5 5 5 5 10 10 4 9 9 9 9 9 2 2 0 2 2 6 6 6 6 6 6 9 9 9 9 4 4 4 4 4 4 4 4 4 4 4 8 8 8 6 6 6 9 9 9 9 9 9 5 5 5 5 9 9 9 9 9 4 4 4 4 4 9 9 9 9 9 6 6 6 6 6 6 6 6 4 15 15 15 15 15 6 6 6 6 6 6 6 6 4 15 6 6 6 6 6 6 6 6 6 6 -1 -1 -1 -1 -1 -1 -1 -1 -1 -1 -1 -1 -1 -1 -1 -1 -1 -1 -1 -1 -1 -1 -1 -1 -1 -1 -1 -1 -1 -1 -1
7 7 8 8 4 15 5 5 5 5 3 3 8 8 8 8 8 8 8 7 7 7 7 7 7 7 7 7 8 8 7 8 8 11 5 5 5 5 5 10 10 4 9 9 9 9 9 2 2 2 0 2 6 6 6 6 6 6 9 9 9 9 4 4 4 4 4 4 4 4 4 4 4 8 8 8 6 6 6 9 9 9 9 9 9 5 5 5 5 9 9 9 9 9 4 4 4 4 4 9 9 9 9 9 6 6 6 6 6 6 6 6 4 15 15 15 15 15 6 6 6 6 6 6 6 6 4 15 6 6 6 6 6 6 6 6 6 6 -1 -1 -1 -1 -1 -1 -1 -1 -1 -1 -1 -1 -1 -1 -1 -1 -1 -1 -1 -1 -1 -1 -1 -1 -1 -1 -1 -1 -1 -1 -1
7 7 8 8 4 15 5 5 5 5 3 3 8 8 8 8 8 8 8 7 7 7 7 7 7 7 7 7 8 8 7 8 8 11 5 5 5 5 5 10 10 4 9 9 9 9 9 2 2 2 2 0 6 6 6 6 6 6 9 9 9 9 4 4 4 4 4 4 4 4 4 4 4 8 8 8 6 6 6 9 9 9 9 9 9 5 5 5 5 9 9 9 9 9 4 4 4 4 4 9 9 9 9 9 6 6 6 6 6 6 6 6 4 15 15 15 15 15 6 6 6 6 6 6 6 6 4 15 6 6 6 6 6 6 6 6 6 6 -1 -1 -1 -1 -1 -1 -1 -1 -1 -1 -1 -1 -1 -1 -1 -1 -1 -1 -1 -1 -1 -1 -1 -1 -1 -1 -1 -1 -1 -1 -1
7 3 7 7 8 15 1 3 5 5 6 6 10 10 10 10 10 10 10 8 8 8 8 8 8 8 8 8 8 8 3 8 8 7 7 7 7 7 7 8 8 4 9 9 9 9 9 6 6 6 6 6 0 2 4 4 4 4 11 11 11 11 8 8 8 8 8 8 8 8 8 8 8 9 9 9 7 7 7 9 9 9 9 9 9 6 6 6 6 8 8 8 8 8 7 7 7 7 7 13 13 13 13 13 6 4 4 4 4 4 4 6 8 15 15 15 15 15 8 8 8 8 8 8 8 4 7 15 8 8 8 8 8 8 8 8 8 8 -1 -1 -1 -1 -1 -1 -1 -1 -1 -1 -1 -1 -1 -1 -1 -1 -1 -1 -1 -1 -1 -1 -1 -1 -1 -1 -1 -1 -1 -1 -1
7 3 7 7 8 15 1 3 5 5 6 6 10 10 10 10 10 10 10 8 8 8 8 8 8 8 8 8 8 8 3 8 8 7 7 7 7 7 7 8 8 4 9 9 9 9 9 6 6 6 6 6 2 0 4 4 4 4 11 11 11 11 8 8 8 8 8 8 8 8 8 8 8 9 9 9 7 7 7 9 9 9 9 9 9 6 6 6 6 8 8 8 8 8 7 7 7 7 7 13 13 13 13 13 6 4 4 4 4 4 4 6 8 15 15 15 15 15 8 8 8 8 8 8 8 4 7 15 8 8 8 8 8 8 8 8 8 8 -1 -1 -1 -1 -1 -1 -1 -1 -1 -1 -1 -1 -1 -1 -1 -1 -1 -1 -1 -1 -1 -1 -1 -1 -1 -1 -1 -1 -1 -1 -1
7 3 6 6 6 15 7 7 7 7 11 11 8 8 8 8 8 8 8 11 11 11 11 11 11 11 11 11 8 8 3 6 6 14 5 5 5 5 5 8 8 8 9 9 9 9 9 6 6 6 6 6 4 4 0 2 2 2 9 9 9 9 6 6 6 6 6 6 6 6 6 6 6 7 7 7 12 12 12 9 9 9 9 9 9 7 7 7 7 7 7 7 7 7 6 6 6 6 6 9 9 9 9 9 5 6 6 6 6 6 6 6 6 15 15 15 15 15 6 6 6 6 6 6 6 4 12 15 6 6 6 6 6 6 6 6 6 6 -1 -1 -1 -1 -1 -1 -1 -1 -1 -1 -1 -1 -1 -1 -1 -1 -1 -1 -1 -1 -1 -1 -1 -1 -1 -1 -1 -1 -1 -1 -1
7 3 6 6 6 15 7 7 7 7 11 11 8 8 8 8 8 8 8 11 11 11 11 11 11 11 11 11 8 8 3 6 6 14 5 5 5 5 5 8 8 8 9 9 9 9 9 6 6 6 6 6 4 4 2 0 2 2 9 9 9 9 6 6 6 6 6 6 6 6 6 6 6 7 7 7 12 12 12 9 9 9 9 9 9 7 7 7 7 7 7 7 7 7 6 6 6 6 6 9 9 9 9 9 5 6 6 6 6 6 6 6 6 15 15 15 15 15 6 6 6 6 6 6 6 4 12 15 6 6 6 6 6 6 6 6 6 6 -1 -1 -1 -1 -1 -1 -1 -1 -1 -1 -1 -1 -1 -1 -1 -1 -1 -1 -1 -1 -1 -1 -1 -1 -1 -1 -1 -1 -1 -1 -1
7 3 6 6 6 15 7 7 7 7 11 11 8 8 8 8 8 8 8 11 11 11 11 11 11 11 11 11 8 8 3 6 6 14 5 5 5 5 5 8 8 8 9 9 9 9 9 6 6 6 6 6 4 4 2 2 0 2 9 9 9 9 6 6 6 6 6 6 6 6 6 6 6 7 7 7 12 12 12 9 9 9 9 9 9 7 7 7 7 7 7 7 7 7 6 6 6 6 6 9 9 9 9 9 5 6 6 6 6 6 6 6 6 15 15 15 15 15 6 6 6 6 6 6 6 4 12 15 6 6 6 6 6 6 6 6 6 6 -1 -1 -1 -1 -1 -1 -1 -1 -1 -1 -1 -1 -1 -1 -1 -1 -1 -1 -1 -1 -1 -1 -1 -1 -1 -1 -1 -1 -1 -1 -1
7 3 6 6 6 15 7 7 7 7 11 11 8 8 8 8 8 8 8 11 11 11 11 11 11 11 11 11 8 8 3 6 6 14 5 5 5 5 5 8 8 8 9 9 9 9 9 6 6 6 6 6 4 4 2 2 2 0 9 9 9 9 6 6 6 6 6 6 6 6 6 6 6 7 7 7 12 12 12 9 9 9 9 9 9 7 7 7 7 7 7 7 7 7 6 6 6 6 6 9 9 9 9 9 5 6 6 6 6 6 6 6 6 15 15 15 15 15 6 6 6 6 6 6 6 4 12 15 6 6 6 6 6 6 6 6 6 6 -1 -1 -1 -1 -1 -1 -1 -1 -1 -1 -1 -1 -1 -1 -1 -1 -1 -1 -1 -1 -1 -1 -1 -1 -1 -1 -1 -1 -1 -1 -1
11 12 10 10 7 15 10 10 10 10 9 9 1 3 3 3 3 3 3 8 8 8 8 8 8 8 8 8 5 5 12 10 10 11 8 8 8 8 8 10 10 10 6 6 6 6 6 9 9 9 9 9 11 11 9 9 9 9 0 2 2 2 4 4 4 4 4 4 4 4 4 4 4 10 10 10 10 10 10 6 6 6 6 6 6 8 8 8 8 10 10 10 10 10 9 9 9 9 9 10 10 10 10 10 11 9 9 9 9 9 9 11 2 15 15 15 15 15 6 6 6 6 6 6 6 9 9 15 9 9 9 9 9 9 9 9 9 9 -1 -1 -1 -1 -1 -1 -1 -1 -1 -1 -1 -1 -1 -1 -1 -1 -1 -1 -1 -1 -1 -1 -1 -1 -1 -1 -1 -1 -1 -1 -1
11 12 10 10 7 15 10 10 10 10 9 9 1 3 3 3 3 3 3 8 8 8 8 8 8 8 8 8 5 5 12 10 10 11 8 8 8 8 8 10 10 10 6 6 6 6 6 9 9 9 9 9 11 11 9 9 9 9 2 0 2 2 4 4 4 4 4 4 4 4 4 4 4 10 10 10 10 10 10 6 6 6 6 6 6 8 8 8 8 10 10 10 10 10 9 9 9 9 9 10 10 10 10 10 11 9 9 9 9 9 9 11 2 15 15 15 15 15 6 6 6 6 6 6 6 9 9 15 9 9 9 9 9 9 9 9 9 9 -1 -1 -1 -1 -1 -1 -1 -1 -1 -1 -1 -1 -1 -1 -1 -1 -1 -1 -1 -1 -1 -1 -1 -1 -1 -1 -1 -1 -1 -1 -1
11 12 10 10 7 15 10 10 10 10 9 9 1 3 3 3 3 3 3 8 8 8 8 8 8 8 8 8 5 5 12 10 10 11 8 8 8 8 8 10 10 10 6 6 6 6 6 9 9 9 9 9 11 11 9 9 9 9 2 2 0 2 4 4 4 4 4 4 4 4 4 4 4 10 10 10 10 10 10 6 6 6 6 6 6 8 8 8 8 10 10 10 10 10 9 9 9 9 9 10 10 10 10 10 11 9 9 9 9 9 9 11 2 15 15 15 15 15 6 6 6 6 6 6 6 9 9 15 9 9 9 9 9 9 9 9 9 9 -1 -1 -1 -1 -1 -1 -1 -1 -1 -1 -1 -1 -1 -1 -1 -1 -1 -1 -1 -1 -1 -1 -1 -1 -1 -1 -1 -1 -1 -1 -1
11 12 10 10 7 15 10 10 10 10 9 9 1 3 3 3 3 3 3 8 8 8 8 8 8 8 8 8 5 5 12 10 10 11 8 8 8 8 8 10 10 10 6 6 6 6 6 9 9 9 9 9 11 11 9 9 9 9 2 2 2 0 4 4 4 4 4 4 4 4 4 4 4 10 10 10 10 10 10 6 6 6 6 6 6 8 8 8 8 10 10 10 10 10 9 9 9 9 9 10 10 10 10 10 11 9 9 9 9 9 9 11 2 15 15 15 15 15 6 6 6 6 6 6 6 9 9 15 9 9 9 9 9 9 9 9 9 9 -1 -1 -1 -1 -1 -1 -1 -1 -1 -1 -1 -1 -1 -1 -1 -1 -1 -1 -1 -1 -1 -1 -1 -1 -1 -1 -1 -1 -1 -1 -1
7 7 8 8 4 15 7 7 7 7 9 9 3 3 3 3 3 1 3 8 8 8 8 8 8 8 8 8 5 5 7 8 8 9 5 5 5 5 5 8 8 8 6 6 6 6 6 4 4 4 4 4 8 8 6 6 6 6 4 4 4 4 0 2 2 2 4 4 4 4 4 4 4 9 9 9 10 10 10 6 6 6 6 6 6 5 5 5 5 8 8 8 8 8 6 6 6 6 6 9 9 9 9 9 7 6 6 6 6 6 6 8 4 15 15 15 15 15 6 6 6 6 6 6 6 6 9 15 6 6 6 6 6 6 6 6 6 6 -1 -1 -1 -1 -1 -1 -1 -1 -1 -1 -1 -1 -1 -1 -1 -1 -1 -1 -1 -1 -1 -1 -1 -1 -1 -1 -1 -1 -1 -1 -1
7 7 8 8 4 15 7 7 7 7 9 9 3 3 3 3 3 1 3 8 8 8 8 8 8 8 8 8 5 5 7 8 8 9 5 5 5 5 5 8 8 8 6 6 6 6 6 4 4 4 4 4 8 8 6 6 6 6 4 4 4 4 2 0 2 2 4 4 4 4 4 4 4 9 9 9 10 10 10 6 6 6 6 6 6 5 5 5 5 8 8 8 8 8 6 6 6 6 6 9 9 9 9 9 7 6 6 6 6 6 6 8 4 15 15 15 15 15 6 6 6 6 6 6 6 6 9 15 6 6 6 6 6 6 6 6 6 6 -1 -1 -1 -1 -1 -1 -1 -1 -1 -1 -1 -1 -1 -1 -1 -1 -1 -1 -1 -1 -1 -1 -1 -1 -1 -1 -1 -1 -1 -1 -1
7 7 8 8 4 15 7 7 7 7 9 9 3 3 3 3 3 1 3 8 8 8 8 8 8 8 8 8 5 5 7 8 8 9 5 5 5 5 5 8 8 8 6 6 6 6 6 4 4 4 4 4 8 8 6 6 6 6 4 4 4 4 2 2 0 2 4 4 4 4 4 4 4 9 9 9 10 10 10 6 6 6 6 6 6 5 5 5 5 8 8 8 8 8 6 6 6 6 6 9 9 9 9 9 7 6 6 6 6 6 6 8 4 15 15 15 15 15 6 6 6 6 6 6 6 6 9 15 6 6 6 6 6 6 6 6 6 6 -1 -1 -1 -1 -1 -1 -1 -1 -1 -1 -1 -1 -1 -1 -1 -1 -1 -1 -1 -1 -1 -1 -1 -1 -1 -1 -1 -1 -1 -1 -1
7 7 8 8 4 15 7 7 7 7 9 9 3 3 3 3 3 1 3 8 8 8 8 8 8 8 8 8 5 5 7 8 8 9 5 5 5 5 5 8 8 8 6 6 6 6 6 4 4 4 4 4 8 8 6 6 6 6 4 4 4 4 2 2 2 0 4 4 4 4 4 4 4 9 9 9 10 10 10 6 6 6 6 6 6 5 5 5 5 8 8 8 8 8 6 6 6 6 6 9 9 9 9 9 7 6 6 6 6 6 6 8 4 15 15 15 15 15 6 6 6 6 6 6 6 6 9 15 6 6 6 6 6 6 6 6 6 6 -1 -1 -1 -1 -1 -1 -1 -1 -1 -1 -1 -1 -1 -1 -1 -1 -1 -1 -1 -1 -1 -1 -1 -1 -1 -1 -1 -1 -1 -1 -1
7 7 10 10 4 15 7 7 7 7 9 9 3 3 3 1 3 3 3 8 8 8 8 8 8 8 8 8 5 5 7 10 10 11 5 5 5 5 5 10 10 8 6 6 6 6 6 4 4 4 4 4 8 8 6 6 6 6 4 4 4 4 4 4 4 4 0 2 2 2 2 2 2 10 10 10 10 10 10 6 6 6 6 6 6 5 5 5 5 10 10 10 10 10 6 6 6 6 6 9 9 9 9 9 8 6 6 6 6 6 6 8 4 15 15 15 15 15 6 6 6 6 6 6 6 6 9 15 6 6 6 6 6 6 6 6 6 6 -1 -1 -1 -1 -1 -1 -1 -1 -1 -1 -1 -1 -1 -1 -1 -1 -1 -1 -1 -1 -1 -1 -1 -1 -1 -1 -1 -1 -1 -1 -1
7 7 10 10 4 15 7 7 7 7 9 9 3 3 3 1 3 3 3 8 8 8 8 8 8 8 8 8 5 5 7 10 10 11 5 5 5 5 5 10 10 8 6 6 6 6 6 4 4 4 4 4 8 8 6 6 6 6 4 4 4 4 4 4 4 4 2 0 2 2 2 2 2 10 10 10 10 10 10 6 6 6 6 6 6 5 5 5 5 10 10 10 10 10 6 6 6 6 6 9 9 9 9 9 8 6 6 6 6 6 6 8 4 15 15 15 15 15 6 6 6 6 6 6 6 6 9 15 6 6 6 6 6 6 6 6 6 6 -1 -1 -1 -1 -1 -1 -1 -1 -1 -1 -1 -1 -1 -1 -1 -1 -1 -1 -1 -1 -1 -1 -1 -1 -1 -1 -1 -1 -1 -1 -1
7 7 10 10 4 15 7 7 7 7 9 9 3 3 3 1 3 3 3 8 8 8 8 8 8 8 8 8 5 5 7 10 10 11 5 5 5 5 5 10 10 8 6 6 6 6 6 4 4 4 4 4 8 8 6 6 6 6 4 4 4 4 4 4 4 4 2 2 0 2 2 2 2 10 10 10 10 10 10 6 6 6 6 6 6 5 5 5 5 10 10 10 10 10 6 6 6 6 6 9 9 9 9 9 8 6 6 6 6 6 6 8 4 15 15 15 15 15 6 6 6 6 6 6 6 6 9 15 6 6 6 6 6 6 6 6 6 6 -1 -1 -1 -1 -1 -1 -1 -1 -1 -1 -1 -1 -1 -1 -1 -1 -1 -1 -1 -1 -1 -1 -1 -1 -1 -1 -1 -1 -1 -1 -1
7 7 10 10 4 15 7 7 7 7 9 9 3 3 3 1 3 3 3 8 8 8 8 8 8 8 8 8 5 5 7 10 10 11 5 5 5 5 5 10 10 8 6 6 6 6 6 4 4 4 4 4 8 8 6 6 6 6 4 4 4 4 4 4 4 4 2 2 2 0 2 2 2 10 10 10 10 10 10 6 6 6 6 6 6 5 5 5 5 10 10 10 10 10 6 6 6 6 6 9 9 9 9 9 8 6 6 6 6 6 6 8 4 15 15 15 15 15 6 6 6 6 6 6 6 6 9 15 6 6 6 6 6 6 6 6 6 6 -1 -1 -1 -1 -1 -1 -1 -1 -1 -1 -1 -1 -1 -1 -1 -1 -1 -1 -1 -1 -1 -1 -1 -1 -1 -1 -1 -1 -1 -1 -1
7 7 10 10 4 15 7 7 7 7 9 9 3 3 3 1 3 3 3 8 8 8 8 8 8 8 8 8 5 5 7 10 10 11 5 5 5 5 5 10 10 8 6 6 6 6 6 4 4 4 4 4 8 8 6 6 6 6 4 4 4 4 4 4 4 4 2 2 2 2 0 2 2 10 10 10 10 10 10 6 6 6 6 6 6 5 5 5 5 10 10 10 10 10 6 6 6 6 6 9 9 9 9 9 8 6 6 6 6 6 6 8 4 15 15 15 15 15 6 6 6 6 6 6 6 6 9 15 6 6 6 6 6 6 6 6 6 6 -1 -1 -1 -1 -1 -1 -1 -1 -1 -1 -1 -1 -1 -1 -1 -1 -1 -1 -1 -1 -1 -1 -1 -1 -1 -1 -1 -1 -1 -1 -1
7 7 10 10 4 15 7 7 7 7 9 9 3 3 3 1 3 3 3 8 8 8 8 8 8 8 8 8 5 5 7 10 10 11 5 5 5 5 5 10 10 8 6 6 6 6 6 4 4 4 4 4 8 8 6 6 6 6 4 4 4 4 4 4 4 4 2 2 2 2 2 0 2 10 10 10 10 10 10 6 6 6 6 6 6 5 5 5 5 10 10 10 10 10 6 6 6 6 6 9 9 9 9 9 8 6 6 6 6 6 6 8 4 15 15 15 15 15 6 6 6 6 6 6 6 6 9 15 6 6 6 6 6 6 6 6 6 6 -1 -1 -1 -1 -1 -1 -1 -1 -1 -1 -1 -1 -1 -1 -1 -1 -1 -1 -1 -1 -1 -1 -1 -1 -1 -1 -1 -1 -1 -1 -1
7 7 10 10 4 15 7 7 7 7 9 9 3 3 3 1 3 3 3 8 8 8 8 8 8 8 8 8 5 5 7 10 10 11 5 5 5 5 5 10 10 8 6 6 6 6 6 4 4 4 4 4 8 8 6 6 6 6 4 4 4 4 4 4 4 4 2 2 2 2 2 2 0 10 10 10 10 10 10 6 6 6 6 6 6 5 5 5 5 10 10 10 10 10 6 6 6 6 6 9 9 9 9 9 8 6 6 6 6 6 6 8 4 15 15 15 15 15 6 6 6 6 6 6 6 6 9 15 6 6 6 6 6 6 6 6 6 6 -1 -1 -1 -1 -1 -1 -1 -1 -1 -1 -1 -1 -1 -1 -1 -1 -1 -1 -1 -1 -1 -1 -1 -1 -1 -1 -1 -1 -1 -1 -1
10 6 5 5 9 15 8 8 8 8 7 7 9 9 9 9 9 9 9 4 4 4 4 4 4 4 4 4 9 9 8 1 3 8 10 10 10 10 10 9 9 8 10 10 10 10 10 8 8 8 8 8 9 9 7 7 7 7 10 10 10 10 9 9 9 9 10 10 10 10 10 10 10 0 2 2 8 8 8 10 10 10 10 10 10 9 9 9 9 6 6 6 6 6 8 8 8 8 8 13 13 13 13 13 6 9 9 9 9 9 9 9 9 15 15 15 15 15 10 10 10 10 10 10 10 9 5 15 5 5 5 5 5 5 5 5 5 5 -1 -1 -1 -1 -1 -1 -1 -1 -1 -1 -1 -1 -1 -1 -1 -1 -1 -1 -1 -1 -1 -1 -1 -1 -1 -1 -1 -1 -1 -1 -1
10 6 5 5 9 15 8 8 8 8 7 7 9 9 9 9 9 9 9 4 4 4 4 4 4 4 4 4 9 9 8 1 3 8 10 10 10 10 10 9 9 8 10 10 10 10 10 8 8 8 8 8 9 9 7 7 7 7 10 10 10 10 9 9 9 9 10 10 10 10 10 10 10 2 0 2 8 8 8 10 10 10 10 10 10 9 9 9 9 6 6 6 6 6 8 8 8 8 8 13 13 13 13 13 6 9 9 9 9 9 9 9 9 15 15 15 15 15 10 10 10 10 10 10 10 9 5 15 5 5 5 5 5 5 5 5 5 5 -1 -1 -1 -1 -1 -1 -1 -1 -1 -1 -1 -1 -1 -1 -1 -1 -1 -1 -1 -1 -1 -1 -1 -1 -1 -1 -1 -1 -1 -1 -1
10 6 5 5 9 15 8 8 8 8 7 7 9 9 9 9 9 9 9 4 4 4 4 4 4 4 4 4 9 9 8 1 3 8 10 10 10 10 10 9 9 8 10 10 10 10 10 8 8 8 8 8 9 9 7 7 7 7 10 10 10 10 9 9 9 9 10 10 10 10 10 10 10 2 2 0 8 8 8 10 10 10 10 10 10 9 9 9 9 6 6 6 6 6 8 8 8 8 8 13 13 13 13 13 6 9 9 9 9 9 9 9 9 15 15 15 15 15 10 10 10 10 10 10 10 9 5 15 5 5 5 5 5 5 5 5 5 5 -1 -1 -1 -1 -1 -1 -1 -1 -1 -1 -1 -1 -1 -1 -1 -1 -1 -1 -1 -1 -1 -1 -1 -1 -1 -1 -1 -1 -1 -1 -1
11 15 8 8 9 7 6 6 6 6 5 5 9 9 9 9 9 9 9 7 7 7 7 7 7 7 7 7 9 9 15 8 8 11 11 11 11 11 11 10 10 6 10 10 10 10 10 6 6 6 6 6 7 7 12 12 12 12 10 10 10 10 10 10 10 10 10 10 10 10 10 10 10 8 8 8 0 2 2 10 10 10 10 10 10 7 7 7 7 9 9 9 9 9 6 6 6 6 6 13 13 13 13 13 7 7 7 7 7 7 7 7 10 7 7 7 7 7 10 10 10 10 10 10 10 12 6 7 8 8 8 8 8 8 8 8 8 8 -1 -1 -1 -1 -1 -1 -1 -1 -1 -1 -1 -1 -1 -1 -1 -1 -1 -1 -1 -1 -1 -1 -1 -1 -1 -1 -1 -1 -1 -1 -1
11 15 8 8 9 7 6 6 6 6 5 5 9 9 9 9 9 9 9 7 7 7 7 7 7 7 7 7 9 9 15 8 8 11 11 11 11 11 11 10 10 6 10 10 10 10 10 6 6 6 6 6 7 7 12 12 12 12 10 10 10 10 10 10 10 10 10 10 10 10 10 10 10 8 8 8 2 0 2 10 10 10 10 10 10 7 7 7 7 9 9 9 9 9 6 6 6 6 6 13 13 13 13 13 7 7 7 7 7 7 7 7 10 7 7 7 7 7 10 10 10 10 10 10 10 12 6 7 8 8 8 8 8 8 8 8 8 8 -1 -1 -1 -1 -1 -1 -1 -1 -1 -1 -1 -1 -1 -1 -1 -1 -1 -1 -1 -1 -1 -1 -1 -1 -1 -1 -1 -1 -1 -1 -1
11 15 8 8 9 7 6 6 6 6 5 5 9 9 9 9 9 9 9 7 7 7 7 7 7 7 7 7 9 9 15 8 8 11 11 11 11 11 11 10 10 6 10 10 10 10 10 6 6 6 6 6 7 7 12 12 12 12 10 10 10 10 10 10 10 10 10 10 10 10 10 10 10 8 8 8 2 2 0 10 10 10 10 10 10 7 7 7 7 9 9 9 9 9 6 6 6 6 6 13 13 13 13 13 7 7 7 7 7 7 7 7 10 7 7 7 7 7 10 10 10 10 10 10 10 12 6 7 8 8 8 8 8 8 8 8 8 8 -1 -1 -1 -1 -1 -1 -1 -1 -1 -1 -1 -1 -1 -1 -1 -1 -1 -1 -1 -1 -1 -1 -1 -1 -1 -1 -1 -1 -1 -1 -1
8 8 8 8 7 15 8 8 9 9 9 9 5 5 5 5 5 5 5 8 8 8 8 8 8 8 8 8 1 3 8 9 9 8 8 8 8 8 8 3 3 9 4 4 4 4 4 9 9 9 9 9 9 9 9 9 9 9 6 6 6 6 6 6 6 6 6 6 6 6 6 6 6 10 10 10 10 10 10 0 2 2 2 2 2 8 8 8 8 5 5 5 5 5 9 9 9 9 9 10 10 10 10 10 10 9 9 9 9 9 9 9 6 15 15 15 15 15 4 4 4 4 4 4 4 9 9 15 9 9 9 9 9 9 9 9 9 9 -1 -1 -1 -1 -1 -1 -1 -1 -1 -1 -1 -1 -1 -1 -1 -1 -1 -1 -1 -1 -1 -1 -1 -1 -1 -1 -1 -1 -1 -1 -1
8 8 8 8 7 15 8 8 9 9 9 9 5 5 5 5 5 5 5 8 8 8 8 8 8 8 8 8 1 3 8 9 9 8 8 8 8 8 8 3 3 9 4 4 4 4 4 9 9 9 9 9 9 9 9 9 9 9 6 6 6 6 6 6 6 6 6 6 6 6 6 6 6 10 10 10 10 10 10 2 0 2 2 2 2 8 8 8 8 5 5 5 5 5 9 9 9 9 9 10 10 10 10 10 10 9 9 9 9 9 9 9 6 15 15 15 15 15 4 4 4 4 4 4 4 9 9 15 9 9 9 9 9 9 9 9 9 9 -1 -1 -1 -1 -1 -1 -1 -1 -1 -1 -1 -1 -1 -1 -1 -1 -1 -1 -1 -1 -1 -1 -1 -1 -1 -1 -1 -1 -1 -1 -1
8 8 8 8 7 15 8 8 9 9 9 9 5 5 5 5 5 5 5 8 8 8 8 8 8 8 8 8 1 3 8 9 9 8 8 8 8 8 8 3 3 9 4 4 4 4 4 9 9 9 9 9 9 9 9 9 9 9 6 6 6 6 6 6 6 6 6 6 6 6 6 6 6 10 10 10 10 10 10 2 2 0 2 2 2 8 8 8 8 5 5 5 5 5 9 9 9 9 9 10 10 10 10 10 10 9 9 9 9 9 9 9 6 15 15 15 15 15 4 4 4 4 4 4 4 9 9 15 9 9 9 9 9 9 9 9 9 9 -1 -1 -1 -1 -1 -1 -1 -1 -1 -1 -1 -1 -1 -1 -1 -1 -1 -1 -1 -1 -1 -1 -1 -1 -1 -1 -1 -1 -1 -1 -1
8 8 8 8 7 15 8 8 9 9 9 9 5 5 5 5 5 5 5 8 8 8 8 8 8 8 8 8 1 3 8 9 9 8 8 8 8 8 8 3 3 9 4 4 4 4 4 9 9 9 9 9 9 9 9 9 9 9 6 6 6 6 6 6 6 6 6 6 6 6 6 6 6 10 10 10 10 10 10 2 2 2 0 2 2 8 8 8 8 5 5 5 5 5 9 9 9 9 9 10 10 10 10 10 10 9 9 9 9 9 9 9 6 15 15 15 15 15 4 4 4 4 4 4 4 9 9 15 9 9 9 9 9 9 9 9 9 9 -1 -1 -1 -1 -1 -1 -1 -1 -1 -1 -1 -1 -1 -1 -1 -1 -1 -1 -1 -1 -1 -1 -1 -1 -1 -1 -1 -1 -1 -1 -1
8 8 8 8 7 15 8 8 9 9 9 9 5 5 5 5 5 5 5 8 8 8 8 8 8 8 8 8 1 3 8 9 9 8 8 8 8 8 8 3 3 9 4 4 4 4 4 9 9 9 9 9 9 9 9 9 9 9 6 6 6 6 6 6 6 6 6 6 6 6 6 6 6 10 10 10 10 10 10 2 2 2 2 0 2 8 8 8 8 5 5 5 5 5 9 9 9 9 9 10 10 10 10 10 10 9 9 9 9 9 9 9 6 15 15 15 15 15 4 4 4 4 4 4 4 9 9 15 9 9 9 9 9 9 9 9 9 9 -1 -1 -1 -1 -1 -1 -1 -1 -1 -1 -1 -1 -1 -1 -1 -1 -1 -1 -1 -1 -1 -1 -1 -1 -1 -1 -1 -1 -1 -1 -1
8 8 8 8 7 15 8 8 9 9 9 9 5 5 5 5 5 5 5 8 8 8 8 8 8 8 8 8 1 3 8 9 9 8 8 8 8 8 8 3 3 9 4 4 4 4 4 9 9 9 9 9 9 9 9 9 9 9 6 6 6 6 6 6 6 6 6 6 6 6 6 6 6 10 10 10 10 10 10 2 2 2 2 2 0 8 8 8 8 5 5 5 5 5 9 9 9 9 9 10 10 10 10 10 10 9 9 9 9 9 9 9 6 15 15 15 15 15 4 4 4 4 4 4 4 9 9 15 9 9 9 9 9 9 9 9 9 9 -1 -1 -1 -1 -1 -1 -1 -1 -1 -1 -1 -1 -1 -1 -1 -1 -1 -1 -1 -1 -1 -1 -1 -1 -1 -1 -1 -1 -1 -1 -1
7 7 8 8 1 14 5 5 3 3 6 6 7 7 7 7 7 7 7 8 8 8 8 8 8 8 8 8 7 7 7 8 8 11 6 6 6 6 6 9 9 6 8 8 8 8 8 5 5 5 5 5 6 6 7 7 7 7 8 8 8 8 5 5 5 5 5 5 5 5 5 5 5 9 9 9 7 7 7 8 8 8 8 8 8 0 2 2 2 9 9 9 9 9 7 7 7 7 7 10 10 10 10 10 4 6 6 6 6 6 6 4 5 14 14 14 14 14 7 7 7 7 7 7 7 7 7 14 7 7 7 7 7 7 7 7 7 7 -1 -1 -1 -1 -1 -1 -1 -1 -1 -1 -1 -1 -1 -1 -1 -1 -1 -1 -1 -1 -1 -1 -1 -1 -1 -1 -1 -1 -1 -1 -1
7 7 8 8 1 14 5 5 3 3 6 6 7 7 7 7 7 7 7 8 8 8 8 8 8 8 8 8 7 7 7 8 8 11 6 6 6 6 6 9 9 6 8 8 8 8 8 5 5 5 5 5 6 6 7 7 7 7 8 8 8 8 5 5 5 5 5 5 5 5 5 5 5 9 9 9 7 7 7 8 8 8 8 8 8 2 0 2 2 9 9 9 9 9 7 7 7 7 7 10 10 10 10 10 4 6 6 6 6 6 6 4 5 14 14 14 14 14 7 7 7 7 7 7 7 7 7 14 7 7 7 7 7 7 7 7 7 7 -1 -1 -1 -1 -1 -1 -1 -1 -1 -1 -1 -1 -1 -1 -1 -1 -1 -1 -1 -1 -1 -1 -1 -1 -1 -1 -1 -1 -1 -1 -1
7 7 8 8 1 14 5 5 3 3 6 6 7 7 7 7 7 7 7 8 8 8 8 8 8 8 8 8 7 7 7 8 8 11 6 6 6 6 6 9 9 6 8 8 8 8 8 5 5 5 5 5 6 6 7 7 7 7 8 8 8 8 5 5 5 5 5 5 5 5 5 5 5 9 9 9 7 7 7 8 8 8 8 8 8 2 2 0 2 9 9 9 9 9 7 7 7 7 7 10 10 10 10 10 4 6 6 6 6 6 6 4 5 14 14 14 14 14 7 7 7 7 7 7 7 7 7 14 7 7 7 7 7 7 7 7 7 7 -1 -1 -1 -1 -1 -1 -1 -1 -1 -1 -1 -1 -1 -1 -1 -1 -1 -1 -1 -1 -1 -1 -1 -1 -1 -1 -1 -1 -1 -1 -1
7 7 8 8 1 14 5 5 3 3 6 6 7 7 7 7 7 7 7 8 8 8 8 8 8 8 8 8 7 7 7 8 8 11 6 6 6 6 6 9 9 6 8 8 8 8 8 5 5 5 5 5 6 6 7 7 7 7 8 8 8 8 5 5 5 5 5 5 5 5 5 5 5 9 9 9 7 7 7 8 8 8 8 8 8 2 2 2 0 9 9 9 9 9 7 7 7 7 7 10 10 10 10 10 4 6 6 6 6 6 6 4 5 14 14 14 14 14 7 7 7 7 7 7 7 7 7 14 7 7 7 7 7 7 7 7 7 7 -1 -1 -1 -1 -1 -1 -1 -1 -1 -1 -1 -1 -1 -1 -1 -1 -1 -1 -1 -1 -1 -1 -1 -1 -1 -1 -1 -1 -1 -1 -1
7 6 3 3 9 15 7 7 8 8 8 8 9 9 9 9 9 9 9 4 4 4 4 4 4 4 4 4 6 6 7 5 5 5 9 9 9 9 9 4 4 8 7 7 7 7 7 9 9 9 9 9 8 8 7 7 7 7 10 10 10 10 8 8 8 8 10 10 10 10 10 10 10 6 6 6 9 9 9 5 5 5 5 5 5 9 9 9 9 0 2 2 2 2 9 9 9 9 9 14 14 14 14 14 6 8 8 8 8 8 8 8 8 15 15 15 15 15 7 7 7 7 7 7 7 8 5 15 5 5 5 5 5 5 5 5 5 5 -1 -1 -1 -1 -1 -1 -1 -1 -1 -1 -1 -1 -1 -1 -1 -1 -1 -1 -1 -1 -1 -1 -1 -1 -1 -1 -1 -1 -1 -1 -1
7 6 3 3 9 15 7 7 8 8 8 8 9 9 9 9 9 9 9 4 4 4 4 4 4 4 4 4 6 6 7 5 5 5 9 9 9 9 9 4 4 8 7 7 7 7 7 9 9 9 9 9 8 8 7 7 7 7 10 10 10 10 8 8 8 8 10 10 10 10 10 10 10 6 6 6 9 9 9 5 5 5 5 5 5 9 9 9 9 2 0 2 2 2 9 9 9 9 9 14 14 14 14 14 6 8 8 8 8 8 8 8 8 15 15 15 15 15 7 7 7 7 7 7 7 8 5 15 5 5 5 5 5 5 5 5 5 5 -1 -1 -1 -1 -1 -1 -1 -1 -1 -1 -1 -1 -1 -1 -1 -1 -1 -1 -1 -1 -1 -1 -1 -1 -1 -1 -1 -1 -1 -1 -1
7 6 3 3 9 15 7 7 8 8 8 8 9 9 9 9 9 9 9 4 4 4 4 4 4 4 4 4 6 6 7 5 5 5 9 9 9 9 9 4 4 8 7 7 7 7 7 9 9 9 9 9 8 8 7 7 7 7 10 10 10 10 8 8 8 8 10 10 10 10 10 10 10 6 6 6 9 9 9 5 5 5 5 5 5 9 9 9 9 2 2 0 2 2 9 9 9 9 9 14 14 14 14 14 6 8 8 8 8 8 8 8 8 15 15 15 15 15 7 7 7 7 7 7 7 8 5 15 5 5 5 5 5 5 5 5 5 5 -1 -1 -1 -1 -1 -1 -1 -1 -1 -1 -1 -1 -1 -1 -1 -1 -1 -1 -1 -1 -1 -1 -1 -1 -1 -1 -1 -1 -1 -1 -1
7 6 3 3 9 15 7 7 8 8 8 8 9 9 9 9 9 9 9 4 4 4 4 4 4 4 4 4 6 6 7 5 5 5 9 9 9 9 9 4 4 8 7 7 7 7 7 9 9 9 9 9 8 8 7 7 7 7 10 10 10 10 8 8 8 8 10 10 10 10 10 10 10 6 6 6 9 9 9 5 5 5 5 5 5 9 9 9 9 2 2 2 0 2 9 9 9 9 9 14 14 14 14 14 6 8 8 8 8 8 8 8 8 15 15 15 15 15 7 7 7 7 7 7 7 8 5 15 5 5 5 5 5 5 5 5 5 5 -1 -1 -1 -1 -1 -1 -1 -1 -1 -1 -1 -1 -1 -1 -1 -1 -1 -1 -1 -1 -1 -1 -1 -1 -1 -1 -1 -1 -1 -1 -1
7 6 3 3 9 15 7 7 8 8 8 8 9 9 9 9 9 9 9 4 4 4 4 4 4 4 4 4 6 6 7 5 5 5 9 9 9 9 9 4 4 8 7 7 7 7 7 9 9 9 9 9 8 8 7 7 7 7 10 10 10 10 8 8 8 8 10 10 10 10 10 10 10 6 6 6 9 9 9 5 5 5 5 5 5 9 9 9 9 2 2 2 2 0 9 9 9 9 9 14 14 14 14 14 6 8 8 8 8 8 8 8 8 15 15 15 15 15 7 7 7 7 7 7 7 8 5 15 5 5 5 5 5 5 5 5 5 5 -1 -1 -1 -1 -1 -1 -1 -1 -1 -1 -1 -1 -1 -1 -1 -1 -1 -1 -1 -1 -1 -1 -1 -1 -1 -1 -1 -1 -1 -1 -1
7 7 8 8 6 15 6 6 6 6 1 3 8 8 8 8 8 8 8 7 7 7 7 7 7 7 7 7 8 8 7 8 8 11 3 3 3 3 3 10 10 4 9 9 9 9 9 4 4 4 4 4 7 7 6 6 6 6 9 9 9 9 6 6 6 6 6 6 6 6 6 6 6 8 8 8 6 6 6 9 9 9 9 9 9 7 7 7 7 9 9 9 9 9 0 2 2 2 2 9 9 9 9 9 7 4 4 4 4 4 4 7 6 15 15 15 15 15 4 4 4 4 4 4 4 4 4 15 6 6 6 6 6 6 6 6 6 6 -1 -1 -1 -1 -1 -1 -1 -1 -1 -1 -1 -1 -1 -1 -1 -1 -1 -1 -1 -1 -1 -1 -1 -1 -1 -1 -1 -1 -1 -1 -1
7 7 8 8 6 15 6 6 6 6 1 3 8 8 8 8 8 8 8 7 7 7 7 7 7 7 7 7 8 8 7 8 8 11 3 3 3 3 3 10 10 4 9 9 9 9 9 4 4 4 4 4 7 7 6 6 6 6 9 9 9 9 6 6 6 6 6 6 6 6 6 6 6 8 8 8 6 6 6 9 9 9 9 9 9 7 7 7 7 9 9 9 9 9 2 0 2 2 2 9 9 9 9 9 7 4 4 4 4 4 4 7 6 15 15 15 15 15 4 4 4 4 4 4 4 4 4 15 6 6 6 6 6 6 6 6 6 6 -1 -1 -1 -1 -1 -1 -1 -1 -1 -1 -1 -1 -1 -1 -1 -1 -1 -1 -1 -1 -1 -1 -1 -1 -1 -1 -1 -1 -1 -1 -1
7 7 8 8 6 15 6 6 6 6 1 3 8 8 8 8 8 8 8 7 7 7 7 7 7 7 7 7 8 8 7 8 8 11 3 3 3 3 3 10 10 4 9 9 9 9 9 4 4 4 4 4 7 7 6 6 6 6 9 9 9 9 6 6 6 6 6 6 6 6 6 6 6 8 8 8 6 6 6 9 9 9 9 9 9 7 7 7 7 9 9 9 9 9 2 2 0 2 2 9 9 9 9 9 7 4 4 4 4 4 4 7 6 15 15 15 15 15 4 4 4 4 4 4 4 4 4 15 6 6 6 6 6 6 6 6 6 6 -1 -1 -1 -1 -1 -1 -1 -1 -1 -1 -1 -1 -1 -1 -1 -1 -1 -1 -1 -1 -1 -1 -1 -1 -1 -1 -1 -1 -1 -1 -1
7 7 8 8 6 15 6 6 6 6 1 3 8 8 8 8 8 8 8 7 7 7 7 7 7 7 7 7 8 8 7 8 8 11 3 3 3 3 3 10 10 4 9 9 9 9 9 4 4 4 4 4 7 7 6 6 6 6 9 9 9 9 6 6 6 6 6 6 6 6 6 6 6 8 8 8 6 6 6 9 9 9 9 9 9 7 7 7 7 9 9 9 9 9 2 2 2 0 2 9 9 9 9 9 7 4 4 4 4 4 4 7 6 15 15 15 15 15 4 4 4 4 4 4 4 4 4 15 6 6 6 6 6 6 6 6 6 6 -1 -1 -1 -1 -1 -1 -1 -1 -1 -1 -1 -1 -1 -1 -1 -1 -1 -1 -1 -1 -1 -1 -1 -1 -1 -1 -1 -1 -1 -1 -1
7 7 8 8 6 15 6 6 6 6 1 3 8 8 8 8 8 8 8 7 7 7 7 7 7 7 7 7 8 8 7 8 8 11 3 3 3 3 3 10 10 4 9 9 9 9 9 4 4 4 4 4 7 7 6 6 6 6 9 9 9 9 6 6 6 6 6 6 6 6 6 6 6 8 8 8 6 6 6 9 9 9 9 9 9 7 7 7 7 9 9 9 9 9 2 2 2 2 0 9 9 9 9 9 7 4 4 4 4 4 4 7 6 15 15 15 15 15 4 4 4 4 4 4 4 4 4 15 6 6 6 6 6 6 6 6 6 6 -1 -1 -1 -1 -1 -1 -1 -1 -1 -1 -1 -1 -1 -1 -1 -1 -1 -1 -1 -1 -1 -1 -1 -1 -1 -1 -1 -1 -1 -1 -1
12 12 13 13 9 16 12 12 12 12 12 12 9 9 9 9 9 9 9 12 12 12 12 12 12 12 12 12 9 9 12 13 13 17 8 8 8 8 8 16 16 13 10 10 10 10 10 9 9 9 9 9 13 13 9 9 9 9 10 10 10 10 9 9 9 9 9 9 9 9 9 9 9 13 13 13 13 13 13 10 10 10 10 10 10 10 10 10 10 14 14 14 14 14 9 9 9 9 9 0 2 2 2 2 13 9 9 9 9 9 9 13 9 16 16 16 16 16 9 9 9 9 9 9 9 9 13 16 9 9 9 9 9 9 9 9 9 9 -1 -1 -1 -1 -1 -1 -1 -1 -1 -1 -1 -1 -1 -1 -1 -1 -1 -1 -1 -1 -1 -1 -1 -1 -1 -1 -1 -1 -1 -1 -1
12 12 13 13 9 16 12 12 12 12 12 12 9 9 9 9 9 9 9 12 12 12 12 12 12 12 12 12 9 9 12 13 13 17 8 8 8 8 8 16 16 13 10 10 10 10 10 9 9 9 9 9 13 13 9 9 9 9 10 10 10 10 9 9 9 9 9 9 9 9 9 9 9 13 13 13 13 13 13 10 10 10 10 10 10 10 10 10 10 14 14 14 14 14 9 9 9 9 9 2 0 2 2 2 13 9 9 9 9 9 9 13 9 16 16 16 16 16 9 9 9 9 9 9 9 9 13 16 9 9 9 9 9 9 9 9 9 9 -1 -1 -1 -1 -1 -1 -1 -1 -1 -1 -1 -1 -1 -1 -1 -1 -1 -1 -1 -1 -1 -1 -1 -1 -1 -1 -1 -1 -1 -1 -1
12 12 13 13 9 16 12 12 12 12 12 12 9 9 9 9 9 9 9 12 12 12 12 12 12 12 12 12 9 9 12 13 13 17 8 8 8 8 8 16 16 13 10 10 10 10 10 9 9 9 9 9 13 13 9 9 9 9 10 10 10 10 9 9 9 9 9 9 9 9 9 9 9 13 13 13 13 13 13 10 10 10 10 10 10 10 10 10 10 14 14 14 14 14 9 9 9 9 9 2 2 0 2 2 13 9 9 9 9 9 9 13 9 16 16 16 16 16 9 9 9 9 9 9 9 9 13 16 9 9 9 9 9 9 9 9 9 9 -1 -1 -1 -1 -1 -1 -1 -1 -1 -1 -1 -1 -1 -1 -1 -1 -1 -1 -1 -1 -1 -1 -1 -1 -1 -1 -1 -1 -1 -1 -1
12 12 13 13 9 16 12 12 12 12 12 12 9 9 9 9 9 9 9 12 12 12 12 12 12 12 12 12 9 9 12 13 13 17 8 8 8 8 8 16 16 13 10 10 10 10 10 9 9 9 9 9 13 13 9 9 9 9 10 10 10 10 9 9 9 9 9 9 9 9 9 9 9 13 13 13 13 13 13 10 10 10 10 10 10 10 10 10 10 14 14 14 14 14 9 9 9 9 9 2 2 2 0 2 13 9 9 9 9 9 9 13 9 16 16 16 16 16 9 9 9 9 9 9 9 9 13 16 9 9 9 9 9 9 9 9 9 9 -1 -1 -1 -1 -1 -1 -1 -1 -1 -1 -1 -1 -1 -1 -1 -1 -1 -1 -1 -1 -1 -1 -1 -1 -1 -1 -1 -1 -1 -1 -1
12 12 13 13 9 16 12 12 12 12 12 12 9 9 9 9 9 9 9 12 12 12 12 12 12 12 12 12 9 9 12 13 13 17 8 8 8 8 8 16 16 13 10 10 10 10 10 9 9 9 9 9 13 13 9 9 9 9 10 10 10 10 9 9 9 9 9 9 9 9 9 9 9 13 13 13 13 13 13 10 10 10 10 10 10 10 10 10 10 14 14 14 14 14 9 9 9 9 9 2 2 2 2 0 13 9 9 9 9 9 9 13 9 16 16 16 16 16 9 9 9 9 9 9 9 9 13 16 9 9 9 9 9 9 9 9 9 9 -1 -1 -1 -1 -1 -1 -1 -1 -1 -1 -1 -1 -1 -1 -1 -1 -1 -1 -1 -1 -1 -1 -1 -1 -1 -1 -1 -1 -1 -1 -1
7 4 5 5 8 14 5 5 1 3 6 6 10 10 10 10 10 10 10 8 8 8 8 8 8 8 8 8 10 10 7 5 5 12 7 7 7 7 7 9 9 6 11 11 11 11 11 6 6 6 6 6 6 6 5 5 5 5 11 11 11 11 7 7 7 7 8 8 8 8 8 8 8 6 6 6 7 7 7 10 10 10 10 10 10 4 4 4 4 6 6 6 6 6 7 7 7 7 7 13 13 13 13 13 0 6 6 6 6 6 6 4 7 14 14 14 14 14 8 8 8 8 8 8 8 8 7 14 8 8 8 8 8 8 8 8 8 8 -1 -1 -1 -1 -1 -1 -1 -1 -1 -1 -1 -1 -1 -1 -1 -1 -1 -1 -1 -1 -1 -1 -1 -1 -1 -1 -1 -1 -1 -1 -1
7 7 7 7 6 15 3 3 5 5 6 6 8 8 8 8 8 8 8 8 8 8 8 8 8 8 8 8 8 8 7 9 9 7 3 3 3 3 1 8 8 4 9 9 9 9 9 6 6 6 6 6 4 4 6 6 6 6 9 9 9 9 6 6 6 6 6 6 6 6 6 6 6 9 9 9 7 7 7 9 9 9 9 9 9 6 6 6 6 8 8 8 8 8 4 4 4 4 4 9 9 9 9 9 6 0 2 2 2 2 2 6 6 15 15 15 15 15 4 4 4 4 4 4 4 4 7 15 6 6 6 6 6 6 6 6 6 6 -1 -1 -1 -1 -1 -1 -1 -1 -1 -1 -1 -1 -1 -1 -1 -1 -1 -1 -1 -1 -1 -1 -1 -1 -1 -1 -1 -1 -1 -1 -1
7 7 7 7 6 15 3 3 5 5 6 6 8 8 8 8 8 8 8 8 8 8 8 8 8 8 8 8 8 8 7 9 9 7 3 3 3 3 1 8 8 4 9 9 9 9 9 6 6 6 6 6 4 4 6 6 6 6 9 9 9 9 6 6 6 6 6 6 6 6 6 6 6 9 9 9 7 7 7 9 9 9 9 9 9 6 6 6 6 8 8 8 8 8 4 4 4 4 4 9 9 9 9 9 6 2 0 2 2 2 2 6 6 15 15 15 15 15 4 4 4 4 4 4 4 4 7 15 6 6 6 6 6 6 6 6 6 6 -1 -1 -1 -1 -1 -1 -1 -1 -1 -1 -1 -1 -1 -1 -1 -1 -1 -1 -1 -1 -1 -1 -1 -1 -1 -1 -1 -1 -1 -1 -1
7 7 7 7 6 15 3 3 5 5 6 6 8 8 8 8 8 8 8 8 8 8 8 8 8 8 8 8 8 8 7 9 9 7 3 3 3 3 1 8 8 4 9 9 9 9 9 6 6 6 6 6 4 4 6 6 6 6 9 9 9 9 6 6 6 6 6 6 6 6 6 6 6 9 9 9 7 7 7 9 9 9 9 9 9 6 6 6 6 8 8 8 8 8 4 4 4 4 4 9 9 9 9 9 6 2 2 0 2 2 2 6 6 15 15 15 15 15 4 4 4 4 4 4 4 4 7 15 6 6 6 6 6 6 6 6 6 6 -1 -1 -1 -1 -1 -1 -1 -1 -1 -1 -1 -1 -1 -1 -1 -1 -1 -1 -1 -1 -1 -1 -1 -1 -1 -1 -1 -1 -1 -1 -1
7 7 7 7 6 15 3 3 5 5 6 6 8 8 8 8 8 8 8 8 8 8 8 8 8 8 8 8 8 8 7 9 9 7 3 3 3 3 1 8 8 4 9 9 9 9 9 6 6 6 6 6 4 4 6 6 6 6 9 9 9 9 6 6 6 6 6 6 6 6 6 6 6 9 9 9 7 7 7 9 9 9 9 9 9 6 6 6 6 8 8 8 8 8 4 4 4 4 4 9 9 9 9 9 6 2 2 2 0 2 2 6 6 15 15 15 15 15 4 4 4 4 4 4 4 4 7 15 6 6 6 6 6 6 6 6 6 6 -1 -1 -1 -1 -1 -1 -1 -1 -1 -1 -1 -1 -1 -1 -1 -1 -1 -1 -1 -1 -1 -1 -1 -1 -1 -1 -1 -1 -1 -1 -1
7 7 7 7 6 15 3 3 5 5 6 6 8 8 8 8 8 8 8 8 8 8 8 8 8 8 8 8 8 8 7 9 9 7 3 3 3 3 1 8 8 4 9 9 9 9 9 6 6 6 6 6 4 4 6 6 6 6 9 9 9 9 6 6 6 6 6 6 6 6 6 6 6 9 9 9 7 7 7 9 9 9 9 9 9 6 6 6 6 8 8 8 8 8 4 4 4 4 4 9 9 9 9 9 6 2 2 2 2 0 2 6 6 15 15 15 15 15 4 4 4 4 4 4 4 4 7 15 6 6 6 6 6 6 6 6 6 6 -1 -1 -1 -1 -1 -1 -1 -1 -1 -1 -1 -1 -1 -1 -1 -1 -1 -1 -1 -1 -1 -1 -1 -1 -1 -1 -1 -1 -1 -1 -1
7 7 7 7 6 15 3 3 5 5 6 6 8 8 8 8 8 8 8 8 8 8 8 8 8 8 8 8 8 8 7 9 9 7 3 3 3 3 1 8 8 4 9 9 9 9 9 6 6 6 6 6 4 4 6 6 6 6 9 9 9 9 6 6 6 6 6 6 6 6 6 6 6 9 9 9 7 7 7 9 9 9 9 9 9 6 6 6 6 8 8 8 8 8 4 4 4 4 4 9 9 9 9 9 6 2 2 2 2 2 0 6 6 15 15 15 15 15 4 4 4 4 4 4 4 4 7 15 6 6 6 6 6 6 6 6 6 6 -1 -1 -1 -1 -1 -1 -1 -1 -1 -1 -1 -1 -1 -1 -1 -1 -1 -1 -1 -1 -1 -1 -1 -1 -1 -1 -1 -1 -1 -1 -1
7 5 8 8 8 14 5 5 3 3 6 6 10 10 10 10 10 10 10 8 8 8 8 8 8 8 8 8 10 10 5 8 8 12 7 7 7 7 7 8 8 6 11 11 11 11 11 6 6 6 6 6 6 6 6 6 6 6 11 11 11 11 8 8 8 8 8 8 8 8 8 8 8 9 9 9 7 7 7 9 9 9 9 9 9 4 4 4 4 8 8 8 8 8 7 7 7 7 7 13 13 13 13 13 4 6 6 6 6 6 6 0 8 14 14 14 14 14 8 8 8 8 8 8 8 6 7 14 8 8 8 8 8 8 8 8 8 8 -1 -1 -1 -1 -1 -1 -1 -1 -1 -1 -1 -1 -1 -1 -1 -1 -1 -1 -1 -1 -1 -1 -1 -1 -1 -1 -1 -1 -1 -1 -1
7 7 8 8 4 15 7 7 7 7 9 9 1 3 3 3 3 3 3 8 8 8 8 8 8 8 8 8 5 5 7 8 8 9 5 5 5 5 5 8 8 8 6 6 6 6 6 4 4 4 4 4 8 8 6 6 6 6 2 2 2 2 4 4 4 4 4 4 4 4 4 4 4 9 9 9 10 10 10 6 6 6 6 6 6 5 5 5 5 8 8 8 8 8 6 6 6 6 6 9 9 9 9 9 7 6 6 6 6 6 6 8 0 15 15 15 15 15 6 6 6 6 6 6 6 6 9 15 6 6 6 6 6 6 6 6 6 6 -1 -1 -1 -1 -1 -1 -1 -1 -1 -1 -1 -1 -1 -1 -1 -1 -1 -1 -1 -1 -1 -1 -1 -1 -1 -1 -1 -1 -1 -1 -1
14 14 15 15 14 4 14 14 13 13 14 14 14 14 14 14 14 14 14 14 14 14 14 14 14 14 14 14 14 14 14 15 15 16 14 14 14 14 14 15 15 15 15 15 15 15 15 15 15 15 15 15 15 15 15 15 15 15 15 15 15 15 15 15 15 15 15 15 15 15 15 15 15 15 15 15 7 7 7 15 15 15 15 15 15 14 14 14 14 15 15 15 15 15 15 15 15 15 15 16 16 16 16 16 14 15 15 15 15 15 15 14 15 0 2 2 2 2 15 15 15 15 15 15 15 15 15 4 15 15 15 15 15 15 15 15 15 15 -1 -1 -1 -1 -1 -1 -1 -1 -1 -1 -1 -1 -1 -1 -1 -1 -1 -1 -1 -1 -1 -1 -1 -1 -1 -1 -1 -1 -1 -1 -1
14 14 15 15 14 4 14 14 13 13 14 14 14 14 14 14 14 14 14 14 14 14 14 14 14 14 14 14 14 14 14 15 15 16 14 14 14 14 14 15 15 15 15 15 15 15 15 15 15 15 15 15 15 15 15 15 15 15 15 15 15 15 15 15 15 15 15 15 15 15 15 15 15 15 15 15 7 7 7 15 15 15 15 15 15 14 14 14 14 15 15 15 15 15 15 15 15 15 15 16 16 16 16 16 14 15 15 15 15 15 15 14 15 2 0 2 2 2 15 15 15 15 15 15 15 15 15 4 15 15 15 15 15 15 15 15 15 15 -1 -1 -1 -1 -1 -1 -1 -1 -1 -1 -1 -1 -1 -1 -1 -1 -1 -1 -1 -1 -1 -1 -1 -1 -1 -1 -1 -1 -1 -1 -1
14 14 15 15 14 4 14 14 13 13 14 14 14 14 14 14 14 14 14 14 14 14 14 14 14 14 14 14 14 14 14 15 15 16 14 14 14 14 14 15 15 15 15 15 15 15 15 15 15 15 15 15 15 15 15 15 15 15 15 15 15 15 15 15 15 15 15 15 15 15 15 15 15 15 15 15 7 7 7 15 15 15 15 15 15 14 14 14 14 15 15 15 15 15 15 15 15 15 15 16 16 16 16 16 14 15 15 15 15 15 15 14 15 2 2 0 2 2 15 15 15 15 15 15 15 15 15 4 15 15 15 15 15 15 15 15 15 15 -1 -1 -1 -1 -1 -1 -1 -1 -1 -1 -1 -1 -1 -1 -1 -1 -1 -1 -1 -1 -1 -1 -1 -1 -1 -1 -1 -1 -1 -1 -1
14 14 15 15 14 4 14 14 13 13 14 14 14 14 14 14 14 14 14 14 14 14 14 14 14 14 14 14 14 14 14 15 15 16 14 14 14 14 14 15 15 15 15 15 15 15 15 15 15 15 15 15 15 15 15 15 15 15 15 15 15 15 15 15 15 15 15 15 15 15 15 15 15 15 15 15 7 7 7 15 15 15 15 15 15 14 14 14 14 15 15 15 15 15 15 15 15 15 15 16 16 16 16 16 14 15 15 15 15 15 15 14 15 2 2 2 0 2 15 15 15 15 15 15 15 15 15 4 15 15 15 15 15 15 15 15 15 15 -1 -1 -1 -1 -1 -1 -1 -1 -1 -1 -1 -1 -1 -1 -1 -1 -1 -1 -1 -1 -1 -1 -1 -1 -1 -1 -1 -1 -1 -1 -1
14 14 15 15 14 4 14 14 13 13 14 14 14 14 14 14 14 14 14 14 14 14 14 14 14 14 14 14 14 14 14 15 15 16 14 14 14 14 14 15 15 15 15 15 15 15 15 15 15 15 15 15 15 15 15 15 15 15 15 15 15 15 15 15 15 15 15 15 15 15 15 15 15 15 15 15 7 7 7 15 15 15 15 15 15 14 14 14 14 15 15 15 15 15 15 15 15 15 15 16 16 16 16 16 14 15 15 15 15 15 15 14 15 2 2 2 2 0 15 15 15 15 15 15 15 15 15 4 15 15 15 15 15 15 15 15 15 15 -1 -1 -1 -1 -1 -1 -1 -1 -1 -1 -1 -1 -1 -1 -1 -1 -1 -1 -1 -1 -1 -1 -1 -1 -1 -1 -1 -1 -1 -1 -1
7 7 8 8 6 15 7 7 7 7 9 9 5 5 5 5 5 5 5 8 8 8 8 8 8 8 8 8 3 3 7 10 10 8 3 3 1 3 3 7 7 8 4 4 4 4 4 6 6 6 6 6 8 8 6 6 6 6 6 6 6 6 6 6 6 6 6 6 6 6 6 6 6 10 10 10 10 10 10 4 4 4 4 4 4 7 7 7 7 7 7 7 7 7 4 4 4 4 4 9 9 9 9 9 8 4 4 4 4 4 4 8 6 15 15 15 15 15 0 2 2 2 2 2 2 4 9 15 6 6 6 6 6 6 6 6 6 6 -1 -1 -1 -1 -1 -1 -1 -1 -1 -1 -1 -1 -1 -1 -1 -1 -1 -1 -1 -1 -1 -1 -1 -1 -1 -1 -1 -1 -1 -1 -1
7 7 8 8 6 15 7 7 7 7 9 9 5 5 5 5 5 5 5 8 8 8 8 8 8 8 8 8 3 3 7 10 10 8 3 3 1 3 3 7 7 8 4 4 4 4 4 6 6 6 6 6 8 8 6 6 6 6 6 6 6 6 6 6 6 6 6 6 6 6 6 6 6 10 10 10 10 10 10 4 4 4 4 4 4 7 7 7 7 7 7 7 7 7 4 4 4 4 4 9 9 9 9 9 8 4 4 4 4 4 4 8 6 15 15 15 15 15 2 0 2 2 2 2 2 4 9 15 6 6 6 6 6 6 6 6 6 6 -1 -1 -1 -1 -1 -1 -1 -1 -1 -1 -1 -1 -1 -1 -1 -1 -1 -1 -1 -1 -1 -1 -1 -1 -1 -1 -1 -1 -1 -1 -1
7 7 8 8 6 15 7 7 7 7 9 9 5 5 5 5 5 5 5 8 8 8 8 8 8 8 8 8 3 3 7 10 10 8 3 3 1 3 3 7 7 8 4 4 4 4 4 6 6 6 6 6 8 8 6 6 6 6 6 6 6 6 6 6 6 6 6 6 6 6 6 6 6 10 10 10 10 10 10 4 4 4 4 4 4 7 7 7 7 7 7 7 7 7 4 4 4 4 4 9 9 9 9 9 8 4 4 4 4 4 4 8 6 15 15 15 15 15 2 2 0 2 2 2 2 4 9 15 6 6 6 6 6 6 6 6 6 6 -1 -1 -1 -1 -1 -1 -1 -1 -1 -1 -1 -1 -1 -1 -1 -1 -1 -1 -1 -1 -1 -1 -1 -1 -1 -1 -1 -1 -1 -1 -1
7 7 8 8 6 15 7 7 7 7 9 9 5 5 5 5 5 5 5 8 8 8 8 8 8 8 8 8 3 3 7 10 10 8 3 3 1 3 3 7 7 8 4 4 4 4 4 6 6 6 6 6 8 8 6 6 6 6 6 6 6 6 6 6 6 6 6 6 6 6 6 6 6 10 10 10 10 10 10 4 4 4 4 4 4 7 7 7 7 7 7 7 7 7 4 4 4 4 4 9 9 9 9 9 8 4 4 4 4 4 4 8 6 15 15 15 15 15 2 2 2 0 2 2 2 4 9 15 6 6 6 6 6 6 6 6 6 6 -1 -1 -1 -1 -1 -1 -1 -1 -1 -1 -1 -1 -1 -1 -1 -1 -1 -1 -1 -1 -1 -1 -1 -1 -1 -1 -1 -1 -1 -1 -1
7 7 8 8 6 15 7 7 7 7 9 9 5 5 5 5 5 5 5 8 8 8 8 8 8 8 8 8 3 3 7 10 10 8 3 3 1 3 3 7 7 8 4 4 4 4 4 6 6 6 6 6 8 8 6 6 6 6 6 6 6 6 6 6 6 6 6 6 6 6 6 6 6 10 10 10 10 10 10 4 4 4 4 4 4 7 7 7 7 7 7 7 7 7 4 4 4 4 4 9 9 9 9 9 8 4 4 4 4 4 4 8 6 15 15 15 15 15 2 2 2 2 0 2 2 4 9 15 6 6 6 6 6 6 6 6 6 6 -1 -1 -1 -1 -1 -1 -1 -1 -1 -1 -1 -1 -1 -1 -1 -1 -1 -1 -1 -1 -1 -1 -1 -1 -1 -1 -1 -1 -1 -1 -1
7 7 8 8 6 15 7 7 7 7 9 9 5 5 5 5 5 5 5 8 8 8 8 8 8 8 8 8 3 3 7 10 10 8 3 3 1 3 3 7 7 8 4 4 4 4 4 6 6 6 6 6 8 8 6 6 6 6 6 6 6 6 6 6 6 6 6 6 6 6 6 6 6 10 10 10 10 10 10 4 4 4 4 4 4 7 7 7 7 7 7 7 7 7 4 4 4 4 4 9 9 9 9 9 8 4 4 4 4 4 4 8 6 15 15 15 15 15 2 2 2 2 2 0 2 4 9 15 6 6 6 6 6 6 6 6 6 6 -1 -1 -1 -1 -1 -1 -1 -1 -1 -1 -1 -1 -1 -1 -1 -1 -1 -1 -1 -1 -1 -1 -1 -1 -1 -1 -1 -1 -1 -1 -1
7 7 8 8 6 15 7 7 7 7 9 9 5 5 5 5 5 5 5 8 8 8 8 8 8 8 8 8 3 3 7 10 10 8 3 3 1 3 3 7 7 8 4 4 4 4 4 6 6 6 6 6 8 8 6 6 6 6 6 6 6 6 6 6 6 6 6 6 6 6 6 6 6 10 10 10 10 10 10 4 4 4 4 4 4 7 7 7 7 7 7 7 7 7 4 4 4 4 4 9 9 9 9 9 8 4 4 4 4 4 4 8 6 15 15 15 15 15 2 2 2 2 2 2 0 4 9 15 6 6 6 6 6 6 6 6 6 6 -1 -1 -1 -1 -1 -1 -1 -1 -1 -1 -1 -1 -1 -1 -1 -1 -1 -1 -1 -1 -1 -1 -1 -1 -1 -1 -1 -1 -1 -1 -1
7 3 8 8 6 15 7 7 7 7 11 11 8 8 8 8 8 8 8 11 11 11 11 11 11 11 11 11 8 8 3 8 8 14 3 3 3 3 3 8 8 8 9 9 9 9 9 6 6 6 6 6 4 4 4 4 4 4 9 9 9 9 6 6 6 6 6 6 6 6 6 6 6 9 9 9 12 12 12 9 9 9 9 9 9 7 7 7 7 8 8 8 8 8 4 4 4 4 4 9 9 9 9 9 8 4 4 4 4 4 4 6 6 15 15 15 15 15 4 4 4 4 4 4 4 0 12 15 6 6 6 6 6 6 6 6 6 6 -1 -1 -1 -1 -1 -1 -1 -1 -1 -1 -1 -1 -1 -1 -1 -1 -1 -1 -1 -1 -1 -1 -1 -1 -1 -1 -1 -1 -1 -1 -1
10 14 4 4 9 15 6 6 6 6 3 1 8 8 8 8 8 8 8 1 3 3 3 3 3 3 3 3 8 8 14 4 4 10 11 11 11 11 11 9 9 4 3 3 3 3 3 4 4 4 4 4 7 7 12 12 12 12 9 9 9 9 9 9 9 9 9 9 9 9 9 9 9 5 5 5 6 6 6 9 9 9 9 9 9 7 7 7 7 5 5 5 5 5 4 4 4 4 4 13 13 13 13 13 7 7 7 7 7 7 7 7 9 15 15 15 15 15 9 9 9 9 9 9 9 12 0 15 4 4 4 4 4 4 4 4 4 4 -1 -1 -1 -1 -1 -1 -1 -1 -1 -1 -1 -1 -1 -1 -1 -1 -1 -1 -1 -1 -1 -1 -1 -1 -1 -1 -1 -1 -1 -1 -1
14 14 15 15 14 4 14 14 13 13 14 14 14 14 14 14 14 14 14 14 14 14 14 14 14 14 14 14 14 14 14 15 15 16 14 14 14 14 14 15 15 15 15 15 15 15 15 15 15 15 15 15 15 15 15 15 15 15 15 15 15 15 15 15 15 15 15 15 15 15 15 15 15 15 15 15 7 7 7 15 15 15 15 15 15 14 14 14 14 15 15 15 15 15 15 15 15 15 15 16 16 16 16 16 14 15 15 15 15 15 15 14 15 4 4 4 4 4 15 15 15 15 15 15 15 15 15 0 15 15 15 15 15 15 15 15 15 15 -1 -1 -1 -1 -1 -1 -1 -1 -1 -1 -1 -1 -1 -1 -1 -1 -1 -1 -1 -1 -1 -1 -1 -1 -1 -1 -1 -1 -1 -1 -1
7 7 4 4 6 15 7 7 7 7 7 7 8 8 8 8 8 8 8 3 3 3 3 3 3 3 3 3 8 8 7 4 4 10 5 5 5 5 5 9 9 8 3 3 3 3 3 6 6 6 6 6 8 8 6 6 6 6 9 9 9 9 6 6 6 6 6 6 6 6 6 6 6 5 5 5 8 8 8 9 9 9 9 9 9 7 7 7 7 5 5 5 5 5 6 6 6 6 6 9 9 9 9 9 8 6 6 6 6 6 6 8 6 15 15 15 15 15 6 6 6 6 6 6 6 6 4 15 0 2 2 2 2 2 2 2 2 2 -1 -1 -1 -1 -1 -1 -1 -1 -1 -1 -1 -1 -1 -1 -1 -1 -1 -1 -1 -1 -1 -1 -1 -1 -1 -1 -1 -1 -1 -1 -1
7 7 4 4 6 15 7 7 7 7 7 7 8 8 8 8 8 8 8 3 3 3 3 3 3 3 3 3 8 8 7 4 4 10 5 5 5 5 5 9 9 8 3 3 3 3 3 6 6 6 6 6 8 8 6 6 6 6 9 9 9 9 6 6 6 6 6 6 6 6 6 6 6 5 5 5 8 8 8 9 9 9 9 9 9 7 7 7 7 5 5 5 5 5 6 6 6 6 6 9 9 9 9 9 8 6 6 6 6 6 6 8 6 15 15 15 15 15 6 6 6 6 6 6 6 6 4 15 2 0 2 2 2 2 2 2 2 2 -1 -1 -1 -1 -1 -1 -1 -1 -1 -1 -1 -1 -1 -1 -1 -1 -1 -1 -1 -1 -1 -1 -1 -1 -1 -1 -1 -1 -1 -1 -1
7 7 4 4 6 15 7 7 7 7 7 7 8 8 8 8 8 8 8 3 3 3 3 3 3 3 3 3 8 8 7 4 4 10 5 5 5 5 5 9 9 8 3 3 3 3 3 6 6 6 6 6 8 8 6 6 6 6 9 9 9 9 6 6 6 6 6 6 6 6 6 6 6 5 5 5 8 8 8 9 9 9 9 9 9 7 7 7 7 5 5 5 5 5 6 6 6 6 6 9 9 9 9 9 8 6 6 6 6 6 6 8 6 15 15 15 15 15 6 6 6 6 6 6 6 6 4 15 2 2 0 2 2 2 2 2 2 2 -1 -1 -1 -1 -1 -1 -1 -1 -1 -1 -1 -1 -1 -1 -1 -1 -1 -1 -1 -1 -1 -1 -1 -1 -1 -1 -1 -1 -1 -1 -1
7 7 4 4 6 15 7 7 7 7 7 7 8 8 8 8 8 8 8 3 3 3 3 3 3 3 3 3 8 8 7 4 4 10 5 5 5 5 5 9 9 8 3 3 3 3 3 6 6 6 6 6 8 8 6 6 6 6 9 9 9 9 6 6 6 6 6 6 6 6 6 6 6 5 5 5 8 8 8 9 9 9 9 9 9 7 7 7 7 5 5 5 5 5 6 6 6 6 6 9 9 9 9 9 8 6 6 6 6 6 6 8 6 15 15 15 15 15 6 6 6 6 6 6 6 6 4 15 2 2 2 0 2 2 2 2 2 2 -1 -1 -1 -1 -1 -1 -1 -1 -1 -1 -1 -1 -1 -1 -1 -1 -1 -1 -1 -1 -1 -1 -1 -1 -1 -1 -1 -1 -1 -1 -1
7 7 4 4 6 15 7 7 7 7 7 7 8 8 8 8 8 8 8 3 3 3 3 3 3 3 3 3 8 8 7 4 4 10 5 5 5 5 5 9 9 8 3 3 3 3 3 6 6 6 6 6 8 8 6 6 6 6 9 9 9 9 6 6 6 6 6 6 6 6 6 6 6 5 5 5 8 8 8 9 9 9 9 9 9 7 7 7 7 5 5 5 5 5 6 6 6 6 6 9 9 9 9 9 8 6 6 6 6 6 6 8 6 15 15 15 15 15 6 6 6 6 6 6 6 6 4 15 2 2 2 2 0 2 2 2 2 2 -1 -1 -1 -1 -1 -1 -1 -1 -1 -1 -1 -1 -1 -1 -1 -1 -1 -1 -1 -1 -1 -1 -1 -1 -1 -1 -1 -1 -1 -1 -1
7 7 4 4 6 15 7 7 7 7 7 7 8 8 8 8 8 8 8 3 3 3 3 3 3 3 3 3 8 8 7 4 4 10 5 5 5 5 5 9 9 8 3 3 3 3 3 6 6 6 6 6 8 8 6 6 6 6 9 9 9 9 6 6 6 6 6 6 6 6 6 6 6 5 5 5 8 8 8 9 9 9 9 9 9 7 7 7 7 5 5 5 5 5 6 6 6 6 6 9 9 9 9 9 8 6 6 6 6 6 6 8 6 15 15 15 15 15 6 6 6 6 6 6 6 6 4 15 2 2 2 2 2 0 2 2 2 2 -1 -1 -1 -1 -1 -1 -1 -1 -1 -1 -1 -1 -1 -1 -1 -1 -1 -1 -1 -1 -1 -1 -1 -1 -1 -1 -1 -1 -1 -1 -1
7 7 4 4 6 15 7 7 7 7 7 7 8 8 8 8 8 8 8 3 3 3 3 3 3 3 3 3 8 8 7 4 4 10 5 5 5 5 5 9 9 8 3 3 3 3 3 6 6 6 6 6 8 8 6 6 6 6 9 9 9 9 6 6 6 6 6 6 6 6 6 6 6 5 5 5 8 8 8 9 9 9 9 9 9 7 7 7 7 5 5 5 5 5 6 6 6 6 6 9 9 9 9 9 8 6 6 6 6 6 6 8 6 15 15 15 15 15 6 6 6 6 6 6 6 6 4 15 2 2 2 2 2 2 0 2 2 2 -1 -1 -1 -1 -1 -1 -1 -1 -1 -1 -1 -1 -1 -1 -1 -1 -1 -1 -1 -1 -1 -1 -1 -1 -1 -1 -1 -1 -1 -1 -1
7 7 4 4 6 15 7 7 7 7 7 7 8 8 8 8 8 8 8 3 3 3 3 3 3 3 3 3 8 8 7 4 4 10 5 5 5 5 5 9 9 8 3 3 3 3 3 6 6 6 6 6 8 8 6 6 6 6 9 9 9 9 6 6 6 6 6 6 6 6 6 6 6 5 5 5 8 8 8 9 9 9 9 9 9 7 7 7 7 5 5 5 5 5 6 6 6 6 6 9 9 9 9 9 8 6 6 6 6 6 6 8 6 15 15 15 15 15 6 6 6 6 6 6 6 6 4 15 2 2 2 2 2 2 2 0 2 2 -1 -1 -1 -1 -1 -1 -1 -1 -1 -1 -1 -1 -1 -1 -1 -1 -1 -1 -1 -1 -1 -1 -1 -1 -1 -1 -1 -1 -1 -1 -1
7 7 4 4 6 15 7 7 7 7 7 7 8 8 8 8 8 8 8 3 3 3 3 3 3 3 3 3 8 8 7 4 4 10 5 5 5 5 5 9 9 8 3 3 3 3 3 6 6 6 6 6 8 8 6 6 6 6 9 9 9 9 6 6 6 6 6 6 6 6 6 6 6 5 5 5 8 8 8 9 9 9 9 9 9 7 7 7 7 5 5 5 5 5 6 6 6 6 6 9 9 9 9 9 8 6 6 6 6 6 6 8 6 15 15 15 15 15 6 6 6 6 6 6 6 6 4 15 2 2 2 2 2 2 2 2 0 2 -1 -1 -1 -1 -1 -1 -1 -1 -1 -1 -1 -1 -1 -1 -1 -1 -1 -1 -1 -1 -1 -1 -1 -1 -1 -1 -1 -1 -1 -1 -1
7 7 4 4 6 15 7 7 7 7 7 7 8 8 8 8 8 8 8 3 3 3 3 3 3 3 3 3 8 8 7 4 4 10 5 5 5 5 5 9 9 8 3 3 3 3 3 6 6 6 6 6 8 8 6 6 6 6 9 9 9 9 6 6 6 6 6 6 6 6 6 6 6 5 5 5 8 8 8 9 9 9 9 9 9 7 7 7 7 5 5 5 5 5 6 6 6 6 6 9 9 9 9 9 8 6 6 6 6 6 6 8 6 15 15 15 15 15 6 6 6 6 6 6 6 6 4 15 2 2 2 2 2 2 2 2 2 0 -1 -1 -1 -1 -1 -1 -1 -1 -1 -1 -1 -1 -1 -1 -1 -1 -1 -1 -1 -1 -1 -1 -1 -1 -1 -1 -1 -1 -1 -1 -1
-1 -1 -1 -1 -1 -1 -1 -1 -1 -1 -1 -1 -1 -1 -1 -1 -1 -1 -1 -1 -1 -1 -1 -1 -1 -1 -1 -1 -1 -1 -1 -1 -1 -1 -1 -1 -1 -1 -1 -1 -1 -1 -1 -1 -1 -1 -1 -1 -1 -1 -1 -1 -1 -1 -1 -1 -1 -1 -1 -1 -1 -1 -1 -1 -1 -1 -1 -1 -1 -1 -1 -1 -1 -1 -1 -1 -1 -1 -1 -1 -1 -1 -1 -1 -1 -1 -1 -1 -1 -1 -1 -1 -1 -1 -1 -1 -1 -1 -1 -1 -1 -1 -1 -1 -1 -1 -1 -1 -1 -1 -1 -1 -1 -1 -1 -1 -1 -1 -1 -1 -1 -1 -1 -1 -1 -1 -1 -1 -1 -1 -1 -1 -1 -1 -1 -1 -1 -1 0 -1 -1 -1 -1 -1 -1 -1 -1 -1 -1 -1 -1 -1 -1 -1 -1 -1 -1 -1 -1 -1 -1 -1 -1 -1 -1 -1 -1 -1 -1
-1 -1 -1 -1 -1 -1 -1 -1 -1 -1 -1 -1 -1 -1 -1 -1 -1 -1 -1 -1 -1 -1 -1 -1 -1 -1 -1 -1 -1 -1 -1 -1 -1 -1 -1 -1 -1 -1 -1 -1 -1 -1 -1 -1 -1 -1 -1 -1 -1 -1 -1 -1 -1 -1 -1 -1 -1 -1 -1 -1 -1 -1 -1 -1 -1 -1 -1 -1 -1 -1 -1 -1 -1 -1 -1 -1 -1 -1 -1 -1 -1 -1 -1 -1 -1 -1 -1 -1 -1 -1 -1 -1 -1 -1 -1 -1 -1 -1 -1 -1 -1 -1 -1 -1 -1 -1 -1 -1 -1 -1 -1 -1 -1 -1 -1 -1 -1 -1 -1 -1 -1 -1 -1 -1 -1 -1 -1 -1 -1 -1 -1 -1 -1 -1 -1 -1 -1 -1 -1 0 -1 -1 -1 -1 -1 -1 -1 -1 -1 -1 -1 -1 -1 -1 -1 -1 -1 -1 -1 -1 -1 -1 -1 -1 -1 -1 -1 -1 -1
-1 -1 -1 -1 -1 -1 -1 -1 -1 -1 -1 -1 -1 -1 -1 -1 -1 -1 -1 -1 -1 -1 -1 -1 -1 -1 -1 -1 -1 -1 -1 -1 -1 -1 -1 -1 -1 -1 -1 -1 -1 -1 -1 -1 -1 -1 -1 -1 -1 -1 -1 -1 -1 -1 -1 -1 -1 -1 -1 -1 -1 -1 -1 -1 -1 -1 -1 -1 -1 -1 -1 -1 -1 -1 -1 -1 -1 -1 -1 -1 -1 -1 -1 -1 -1 -1 -1 -1 -1 -1 -1 -1 -1 -1 -1 -1 -1 -1 -1 -1 -1 -1 -1 -1 -1 -1 -1 -1 -1 -1 -1 -1 -1 -1 -1 -1 -1 -1 -1 -1 -1 -1 -1 -1 -1 -1 -1 -1 -1 -1 -1 -1 -1 -1 -1 -1 -1 -1 -1 -1 0 -1 -1 -1 -1 -1 -1 -1 -1 -1 -1 -1 -1 -1 -1 -1 -1 -1 -1 -1 -1 -1 -1 -1 -1 -1 -1 -1 -1
-1 -1 -1 -1 -1 -1 -1 -1 -1 -1 -1 -1 -1 -1 -1 -1 -1 -1 -1 -1 -1 -1 -1 -1 -1 -1 -1 -1 -1 -1 -1 -1 -1 -1 -1 -1 -1 -1 -1 -1 -1 -1 -1 -1 -1 -1 -1 -1 -1 -1 -1 -1 -1 -1 -1 -1 -1 -1 -1 -1 -1 -1 -1 -1 -1 -1 -1 -1 -1 -1 -1 -1 -1 -1 -1 -1 -1 -1 -1 -1 -1 -1 -1 -1 -1 -1 -1 -1 -1 -1 -1 -1 -1 -1 -1 -1 -1 -1 -1 -1 -1 -1 -1 -1 -1 -1 -1 -1 -1 -1 -1 -1 -1 -1 -1 -1 -1 -1 -1 -1 -1 -1 -1 -1 -1 -1 -1 -1 -1 -1 -1 -1 -1 -1 -1 -1 -1 -1 -1 -1 -1 0 -1 -1 -1 -1 -1 -1 -1 -1 -1 -1 -1 -1 -1 -1 -1 -1 -1 -1 -1 -1 -1 -1 -1 -1 -1 -1 -1
-1 -1 -1 -1 -1 -1 -1 -1 -1 -1 -1 -1 -1 -1 -1 -1 -1 -1 -1 -1 -1 -1 -1 -1 -1 -1 -1 -1 -1 -1 -1 -1 -1 -1 -1 -1 -1 -1 -1 -1 -1 -1 -1 -1 -1 -1 -1 -1 -1 -1 -1 -1 -1 -1 -1 -1 -1 -1 -1 -1 -1 -1 -1 -1 -1 -1 -1 -1 -1 -1 -1 -1 -1 -1 -1 -1 -1 -1 -1 -1 -1 -1 -1 -1 -1 -1 -1 -1 -1 -1 -1 -1 -1 -1 -1 -1 -1 -1 -1 -1 -1 -1 -1 -1 -1 -1 -1 -1 -1 -1 -1 -1 -1 -1 -1 -1 -1 -1 -1 -1 -1 -1 -1 -1 -1 -1 -1 -1 -1 -1 -1 -1 -1 -1 -1 -1 -1 -1 -1 -1 -1 -1 0 -1 -1 -1 -1 -1 -1 -1 -1 -1 -1 -1 -1 -1 -1 -1 -1 -1 -1 -1 -1 -1 -1 -1 -1 -1 -1
-1 -1 -1 -1 -1 -1 -1 -1 -1 -1 -1 -1 -1 -1 -1 -1 -1 -1 -1 -1 -1 -1 -1 -1 -1 -1 -1 -1 -1 -1 -1 -1 -1 -1 -1 -1 -1 -1 -1 -1 -1 -1 -1 -1 -1 -1 -1 -1 -1 -1 -1 -1 -1 -1 -1 -1 -1 -1 -1 -1 -1 -1 -1 -1 -1 -1 -1 -1 -1 -1 -1 -1 -1 -1 -1 -1 -1 -1 -1 -1 -1 -1 -1 -1 -1 -1 -1 -1 -1 -1 -1 -1 -1 -1 -1 -1 -1 -1 -1 -1 -1 -1 -1 -1 -1 -1 -1 -1 -1 -1 -1 -1 -1 -1 -1 -1 -1 -1 -1 -1 -1 -1 -1 -1 -1 -1 -1 -1 -1 -1 -1 -1 -1 -1 -1 -1 -1 -1 -1 -1 -1 -1 -1 0 -1 -1 -1 -1 -1 -1 -1 -1 -1 -1 -1 -1 -1 -1 -1 -1 -1 -1 -1 -1 -1 -1 -1 -1 -1
-1 -1 -1 -1 -1 -1 -1 -1 -1 -1 -1 -1 -1 -1 -1 -1 -1 -1 -1 -1 -1 -1 -1 -1 -1 -1 -1 -1 -1 -1 -1 -1 -1 -1 -1 -1 -1 -1 -1 -1 -1 -1 -1 -1 -1 -1 -1 -1 -1 -1 -1 -1 -1 -1 -1 -1 -1 -1 -1 -1 -1 -1 -1 -1 -1 -1 -1 -1 -1 -1 -1 -1 -1 -1 -1 -1 -1 -1 -1 -1 -1 -1 -1 -1 -1 -1 -1 -1 -1 -1 -1 -1 -1 -1 -1 -1 -1 -1 -1 -1 -1 -1 -1 -1 -1 -1 -1 -1 -1 -1 -1 -1 -1 -1 -1 -1 -1 -1 -1 -1 -1 -1 -1 -1 -1 -1 -1 -1 -1 -1 -1 -1 -1 -1 -1 -1 -1 -1 -1 -1 -1 -1 -1 -1 0 -1 -1 -1 -1 -1 -1 -1 -1 -1 -1 -1 -1 -1 -1 -1 -1 -1 -1 -1 -1 -1 -1 -1 -1
-1 -1 -1 -1 -1 -1 -1 -1 -1 -1 -1 -1 -1 -1 -1 -1 -1 -1 -1 -1 -1 -1 -1 -1 -1 -1 -1 -1 -1 -1 -1 -1 -1 -1 -1 -1 -1 -1 -1 -1 -1 -1 -1 -1 -1 -1 -1 -1 -1 -1 -1 -1 -1 -1 -1 -1 -1 -1 -1 -1 -1 -1 -1 -1 -1 -1 -1 -1 -1 -1 -1 -1 -1 -1 -1 -1 -1 -1 -1 -1 -1 -1 -1 -1 -1 -1 -1 -1 -1 -1 -1 -1 -1 -1 -1 -1 -1 -1 -1 -1 -1 -1 -1 -1 -1 -1 -1 -1 -1 -1 -1 -1 -1 -1 -1 -1 -1 -1 -1 -1 -1 -1 -1 -1 -1 -1 -1 -1 -1 -1 -1 -1 -1 -1 -1 -1 -1 -1 -1 -1 -1 -1 -1 -1 -1 0 -1 -1 -1 -1 -1 -1 -1 -1 -1 -1 -1 -1 -1 -1 -1 -1 -1 -1 -1 -1 -1 -1 -1
-1 -1 -1 -1 -1 -1 -1 -1 -1 -1 -1 -1 -1 -1 -1 -1 -1 -1 -1 -1 -1 -1 -1 -1 -1 -1 -1 -1 -1 -1 -1 -1 -1 -1 -1 -1 -1 -1 -1 -1 -1 -1 -1 -1 -1 -1 -1 -1 -1 -1 -1 -1 -1 -1 -1 -1 -1 -1 -1 -1 -1 -1 -1 -1 -1 -1 -1 -1 -1 -1 -1 -1 -1 -1 -1 -1 -1 -1 -1 -1 -1 -1 -1 -1 -1 -1 -1 -1 -1 -1 -1 -1 -1 -1 -1 -1 -1 -1 -1 -1 -1 -1 -1 -1 -1 -1 -1 -1 -1 -1 -1 -1 -1 -1 -1 -1 -1 -1 -1 -1 -1 -1 -1 -1 -1 -1 -1 -1 -1 -1 -1 -1 -1 -1 -1 -1 -1 -1 -1 -1 -1 -1 -1 -1 -1 -1 0 -1 -1 -1 -1 -1 -1 -1 -1 -1 -1 -1 -1 -1 -1 -1 -1 -1 -1 -1 -1 -1 -1
-1 -1 -1 -1 -1 -1 -1 -1 -1 -1 -1 -1 -1 -1 -1 -1 -1 -1 -1 -1 -1 -1 -1 -1 -1 -1 -1 -1 -1 -1 -1 -1 -1 -1 -1 -1 -1 -1 -1 -1 -1 -1 -1 -1 -1 -1 -1 -1 -1 -1 -1 -1 -1 -1 -1 -1 -1 -1 -1 -1 -1 -1 -1 -1 -1 -1 -1 -1 -1 -1 -1 -1 -1 -1 -1 -1 -1 -1 -1 -1 -1 -1 -1 -1 -1 -1 -1 -1 -1 -1 -1 -1 -1 -1 -1 -1 -1 -1 -1 -1 -1 -1 -1 -1 -1 -1 -1 -1 -1 -1 -1 -1 -1 -1 -1 -1 -1 -1 -1 -1 -1 -1 -1 -1 -1 -1 -1 -1 -1 -1 -1 -1 -1 -1 -1 -1 -1 -1 -1 -1 -1 -1 -1 -1 -1 -1 -1 0 -1 -1 -1 -1 -1 -1 -1 -1 -1 -1 -1 -1 -1 -1 -1 -1 -1 -1 -1 -1 -1
-1 -1 -1 -1 -1 -1 -1 -1 -1 -1 -1 -1 -1 -1 -1 -1 -1 -1 -1 -1 -1 -1 -1 -1 -1 -1 -1 -1 -1 -1 -1 -1 -1 -1 -1 -1 -1 -1 -1 -1 -1 -1 -1 -1 -1 -1 -1 -1 -1 -1 -1 -1 -1 -1 -1 -1 -1 -1 -1 -1 -1 -1 -1 -1 -1 -1 -1 -1 -1 -1 -1 -1 -1 -1 -1 -1 -1 -1 -1 -1 -1 -1 -1 -1 -1 -1 -1 -1 -1 -1 -1 -1 -1 -1 -1 -1 -1 -1 -1 -1 -1 -1 -1 -1 -1 -1 -1 -1 -1 -1 -1 -1 -1 -1 -1 -1 -1 -1 -1 -1 -1 -1 -1 -1 -1 -1 -1 -1 -1 -1 -1 -1 -1 -1 -1 -1 -1 -1 -1 -1 -1 -1 -1 -1 -1 -1 -1 -1 0 -1 -1 -1 -1 -1 -1 -1 -1 -1 -1 -1 -1 -1 -1 -1 -1 -1 -1 -1 -1
-1 -1 -1 -1 -1 -1 -1 -1 -1 -1 -1 -1 -1 -1 -1 -1 -1 -1 -1 -1 -1 -1 -1 -1 -1 -1 -1 -1 -1 -1 -1 -1 -1 -1 -1 -1 -1 -1 -1 -1 -1 -1 -1 -1 -1 -1 -1 -1 -1 -1 -1 -1 -1 -1 -1 -1 -1 -1 -1 -1 -1 -1 -1 -1 -1 -1 -1 -1 -1 -1 -1 -1 -1 -1 -1 -1 -1 -1 -1 -1 -1 -1 -1 -1 -1 -1 -1 -1 -1 -1 -1 -1 -1 -1 -1 -1 -1 -1 -1 -1 -1 -1 -1 -1 -1 -1 -1 -1 -1 -1 -1 -1 -1 -1 -1 -1 -1 -1 -1 -1 -1 -1 -1 -1 -1 -1 -1 -1 -1 -1 -1 -1 -1 -1 -1 -1 -1 -1 -1 -1 -1 -1 -1 -1 -1 -1 -1 -1 -1 0 -1 -1 -1 -1 -1 -1 -1 -1 -1 -1 -1 -1 -1 -1 -1 -1 -1 -1 -1
-1 -1 -1 -1 -1 -1 -1 -1 -1 -1 -1 -1 -1 -1 -1 -1 -1 -1 -1 -1 -1 -1 -1 -1 -1 -1 -1 -1 -1 -1 -1 -1 -1 -1 -1 -1 -1 -1 -1 -1 -1 -1 -1 -1 -1 -1 -1 -1 -1 -1 -1 -1 -1 -1 -1 -1 -1 -1 -1 -1 -1 -1 -1 -1 -1 -1 -1 -1 -1 -1 -1 -1 -1 -1 -1 -1 -1 -1 -1 -1 -1 -1 -1 -1 -1 -1 -1 -1 -1 -1 -1 -1 -1 -1 -1 -1 -1 -1 -1 -1 -1 -1 -1 -1 -1 -1 -1 -1 -1 -1 -1 -1 -1 -1 -1 -1 -1 -1 -1 -1 -1 -1 -1 -1 -1 -1 -1 -1 -1 -1 -1 -1 -1 -1 -1 -1 -1 -1 -1 -1 -1 -1 -1 -1 -1 -1 -1 -1 -1 -1 0 -1 -1 -1 -1 -1 -1 -1 -1 -1 -1 -1 -1 -1 -1 -1 -1 -1 -1
-1 -1 -1 -1 -1 -1 -1 -1 -1 -1 -1 -1 -1 -1 -1 -1 -1 -1 -1 -1 -1 -1 -1 -1 -1 -1 -1 -1 -1 -1 -1 -1 -1 -1 -1 -1 -1 -1 -1 -1 -1 -1 -1 -1 -1 -1 -1 -1 -1 -1 -1 -1 -1 -1 -1 -1 -1 -1 -1 -1 -1 -1 -1 -1 -1 -1 -1 -1 -1 -1 -1 -1 -1 -1 -1 -1 -1 -1 -1 -1 -1 -1 -1 -1 -1 -1 -1 -1 -1 -1 -1 -1 -1 -1 -1 -1 -1 -1 -1 -1 -1 -1 -1 -1 -1 -1 -1 -1 -1 -1 -1 -1 -1 -1 -1 -1 -1 -1 -1 -1 -1 -1 -1 -1 -1 -1 -1 -1 -1 -1 -1 -1 -1 -1 -1 -1 -1 -1 -1 -1 -1 -1 -1 -1 -1 -1 -1 -1 -1 -1 -1 0 -1 -1 -1 -1 -1 -1 -1 -1 -1 -1 -1 -1 -1 -1 -1 -1 -1
-1 -1 -1 -1 -1 -1 -1 -1 -1 -1 -1 -1 -1 -1 -1 -1 -1 -1 -1 -1 -1 -1 -1 -1 -1 -1 -1 -1 -1 -1 -1 -1 -1 -1 -1 -1 -1 -1 -1 -1 -1 -1 -1 -1 -1 -1 -1 -1 -1 -1 -1 -1 -1 -1 -1 -1 -1 -1 -1 -1 -1 -1 -1 -1 -1 -1 -1 -1 -1 -1 -1 -1 -1 -1 -1 -1 -1 -1 -1 -1 -1 -1 -1 -1 -1 -1 -1 -1 -1 -1 -1 -1 -1 -1 -1 -1 -1 -1 -1 -1 -1 -1 -1 -1 -1 -1 -1 -1 -1 -1 -1 -1 -1 -1 -1 -1 -1 -1 -1 -1 -1 -1 -1 -1 -1 -1 -1 -1 -1 -1 -1 -1 -1 -1 -1 -1 -1 -1 -1 -1 -1 -1 -1 -1 -1 -1 -1 -1 -1 -1 -1 -1 0 -1 -1 -1 -1 -1 -1 -1 -1 -1 -1 -1 -1 -1 -1 -1 -1
-1 -1 -1 -1 -1 -1 -1 -1 -1 -1 -1 -1 -1 -1 -1 -1 -1 -1 -1 -1 -1 -1 -1 -1 -1 -1 -1 -1 -1 -1 -1 -1 -1 -1 -1 -1 -1 -1 -1 -1 -1 -1 -1 -1 -1 -1 -1 -1 -1 -1 -1 -1 -1 -1 -1 -1 -1 -1 -1 -1 -1 -1 -1 -1 -1 -1 -1 -1 -1 -1 -1 -1 -1 -1 -1 -1 -1 -1 -1 -1 -1 -1 -1 -1 -1 -1 -1 -1 -1 -1 -1 -1 -1 -1 -1 -1 -1 -1 -1 -1 -1 -1 -1 -1 -1 -1 -1 -1 -1 -1 -1 -1 -1 -1 -1 -1 -1 -1 -1 -1 -1 -1 -1 -1 -1 -1 -1 -1 -1 -1 -1 -1 -1 -1 -1 -1 -1 -1 -1 -1 -1 -1 -1 -1 -1 -1 -1 -1 -1 -1 -1 -1 -1 0 -1 -1 -1 -1 -1 -1 -1 -1 -1 -1 -1 -1 -1 -1 -1
-1 -1 -1 -1 -1 -1 -1 -1 -1 -1 -1 -1 -1 -1 -1 -1 -1 -1 -1 -1 -1 -1 -1 -1 -1 -1 -1 -1 -1 -1 -1 -1 -1 -1 -1 -1 -1 -1 -1 -1 -1 -1 -1 -1 -1 -1 -1 -1 -1 -1 -1 -1 -1 -1 -1 -1 -1 -1 -1 -1 -1 -1 -1 -1 -1 -1 -1 -1 -1 -1 -1 -1 -1 -1 -1 -1 -1 -1 -1 -1 -1 -1 -1 -1 -1 -1 -1 -1 -1 -1 -1 -1 -1 -1 -1 -1 -1 -1 -1 -1 -1 -1 -1 -1 -1 -1 -1 -1 -1 -1 -1 -1 -1 -1 -1 -1 -1 -1 -1 -1 -1 -1 -1 -1 -1 -1 -1 -1 -1 -1 -1 -1 -1 -1 -1 -1 -1 -1 -1 -1 -1 -1 -1 -1 -1 -1 -1 -1 -1 -1 -1 -1 -1 -1 0 -1 -1 -1 -1 -1 -1 -1 -1 -1 -1 -1 -1 -1 -1
-1 -1 -1 -1 -1 -1 -1 -1 -1 -1 -1 -1 -1 -1 -1 -1 -1 -1 -1 -1 -1 -1 -1 -1 -1 -1 -1 -1 -1 -1 -1 -1 -1 -1 -1 -1 -1 -1 -1 -1 -1 -1 -1 -1 -1 -1 -1 -1 -1 -1 -1 -1 -1 -1 -1 -1 -1 -1 -1 -1 -1 -1 -1 -1 -1 -1 -1 -1 -1 -1 -1 -1 -1 -1 -1 -1 -1 -1 -1 -1 -1 -1 -1 -1 -1 -1 -1 -1 -1 -1 -1 -1 -1 -1 -1 -1 -1 -1 -1 -1 -1 -1 -1 -1 -1 -1 -1 -1 -1 -1 -1 -1 -1 -1 -1 -1 -1 -1 -1 -1 -1 -1 -1 -1 -1 -1 -1 -1 -1 -1 -1 -1 -1 -1 -1 -1 -1 -1 -1 -1 -1 -1 -1 -1 -1 -1 -1 -1 -1 -1 -1 -1 -1 -1 -1 0 -1 -1 -1 -1 -1 -1 -1 -1 -1 -1 -1 -1 -1
-1 -1 -1 -1 -1 -1 -1 -1 -1 -1 -1 -1 -1 -1 -1 -1 -1 -1 -1 -1 -1 -1 -1 -1 -1 -1 -1 -1 -1 -1 -1 -1 -1 -1 -1 -1 -1 -1 -1 -1 -1 -1 -1 -1 -1 -1 -1 -1 -1 -1 -1 -1 -1 -1 -1 -1 -1 -1 -1 -1 -1 -1 -1 -1 -1 -1 -1 -1 -1 -1 -1 -1 -1 -1 -1 -1 -1 -1 -1 -1 -1 -1 -1 -1 -1 -1 -1 -1 -1 -1 -1 -1 -1 -1 -1 -1 -1 -1 -1 -1 -1 -1 -1 -1 -1 -1 -1 -1 -1 -1 -1 -1 -1 -1 -1 -1 -1 -1 -1 -1 -1 -1 -1 -1 -1 -1 -1 -1 -1 -1 -1 -1 -1 -1 -1 -1 -1 -1 -1 -1 -1 -1 -1 -1 -1 -1 -1 -1 -1 -1 -1 -1 -1 -1 -1 -1 0 -1 -1 -1 -1 -1 -1 -1 -1 -1 -1 -1 -1
-1 -1 -1 -1 -1 -1 -1 -1 -1 -1 -1 -1 -1 -1 -1 -1 -1 -1 -1 -1 -1 -1 -1 -1 -1 -1 -1 -1 -1 -1 -1 -1 -1 -1 -1 -1 -1 -1 -1 -1 -1 -1 -1 -1 -1 -1 -1 -1 -1 -1 -1 -1 -1 -1 -1 -1 -1 -1 -1 -1 -1 -1 -1 -1 -1 -1 -1 -1 -1 -1 -1 -1 -1 -1 -1 -1 -1 -1 -1 -1 -1 -1 -1 -1 -1 -1 -1 -1 -1 -1 -1 -1 -1 -1 -1 -1 -1 -1 -1 -1 -1 -1 -1 -1 -1 -1 -1 -1 -1 -1 -1 -1 -1 -1 -1 -1 -1 -1 -1 -1 -1 -1 -1 -1 -1 -1 -1 -1 -1 -1 -1 -1 -1 -1 -1 -1 -1 -1 -1 -1 -1 -1 -1 -1 -1 -1 -1 -1 -1 -1 -1 -1 -1 -1 -1 -1 -1 0 -1 -1 -1 -1 -1 -1 -1 -1 -1 -1 -1
-1 -1 -1 -1 -1 -1 -1 -1 -1 -1 -1 -1 -1 -1 -1 -1 -1 -1 -1 -1 -1 -1 -1 -1 -1 -1 -1 -1 -1 -1 -1 -1 -1 -1 -1 -1 -1 -1 -1 -1 -1 -1 -1 -1 -1 -1 -1 -1 -1 -1 -1 -1 -1 -1 -1 -1 -1 -1 -1 -1 -1 -1 -1 -1 -1 -1 -1 -1 -1 -1 -1 -1 -1 -1 -1 -1 -1 -1 -1 -1 -1 -1 -1 -1 -1 -1 -1 -1 -1 -1 -1 -1 -1 -1 -1 -1 -1 -1 -1 -1 -1 -1 -1 -1 -1 -1 -1 -1 -1 -1 -1 -1 -1 -1 -1 -1 -1 -1 -1 -1 -1 -1 -1 -1 -1 -1 -1 -1 -1 -1 -1 -1 -1 -1 -1 -1 -1 -1 -1 -1 -1 -1 -1 -1 -1 -1 -1 -1 -1 -1 -1 -1 -1 -1 -1 -1 -1 -1 0 -1 -1 -1 -1 -1 -1 -1 -1 -1 -1
-1 -1 -1 -1 -1 -1 -1 -1 -1 -1 -1 -1 -1 -1 -1 -1 -1 -1 -1 -1 -1 -1 -1 -1 -1 -1 -1 -1 -1 -1 -1 -1 -1 -1 -1 -1 -1 -1 -1 -1 -1 -1 -1 -1 -1 -1 -1 -1 -1 -1 -1 -1 -1 -1 -1 -1 -1 -1 -1 -1 -1 -1 -1 -1 -1 -1 -1 -1 -1 -1 -1 -1 -1 -1 -1 -1 -1 -1 -1 -1 -1 -1 -1 -1 -1 -1 -1 -1 -1 -1 -1 -1 -1 -1 -1 -1 -1 -1 -1 -1 -1 -1 -1 -1 -1 -1 -1 -1 -1 -1 -1 -1 -1 -1 -1 -1 -1 -1 -1 -1 -1 -1 -1 -1 -1 -1 -1 -1 -1 -1 -1 -1 -1 -1 -1 -1 -1 -1 -1 -1 -1 -1 -1 -1 -1 -1 -1 -1 -1 -1 -1 -1 -1 -1 -1 -1 -1 -1 -1 0 -1 -1 -1 -1 -1 -1 -1 -1 -1
-1 -1 -1 -1 -1 -1 -1 -1 -1 -1 -1 -1 -1 -1 -1 -1 -1 -1 -1 -1 -1 -1 -1 -1 -1 -1 -1 -1 -1 -1 -1 -1 -1 -1 -1 -1 -1 -1 -1 -1 -1 -1 -1 -1 -1 -1 -1 -1 -1 -1 -1 -1 -1 -1 -1 -1 -1 -1 -1 -1 -1 -1 -1 -1 -1 -1 -1 -1 -1 -1 -1 -1 -1 -1 -1 -1 -1 -1 -1 -1 -1 -1 -1 -1 -1 -1 -1 -1 -1 -1 -1 -1 -1 -1 -1 -1 -1 -1 -1 -1 -1 -1 -1 -1 -1 -1 -1 -1 -1 -1 -1 -1 -1 -1 -1 -1 -1 -1 -1 -1 -1 -1 -1 -1 -1 -1 -1 -1 -1 -1 -1 -1 -1 -1 -1 -1 -1 -1 -1 -1 -1 -1 -1 -1 -1 -1 -1 -1 -1 -1 -1 -1 -1 -1 -1 -1 -1 -1 -1 -1 0 -1 -1 -1 -1 -1 -1 -1 -1
-1 -1 -1 -1 -1 -1 -1 -1 -1 -1 -1 -1 -1 -1 -1 -1 -1 -1 -1 -1 -1 -1 -1 -1 -1 -1 -1 -1 -1 -1 -1 -1 -1 -1 -1 -1 -1 -1 -1 -1 -1 -1 -1 -1 -1 -1 -1 -1 -1 -1 -1 -1 -1 -1 -1 -1 -1 -1 -1 -1 -1 -1 -1 -1 -1 -1 -1 -1 -1 -1 -1 -1 -1 -1 -1 -1 -1 -1 -1 -1 -1 -1 -1 -1 -1 -1 -1 -1 -1 -1 -1 -1 -1 -1 -1 -1 -1 -1 -1 -1 -1 -1 -1 -1 -1 -1 -1 -1 -1 -1 -1 -1 -1 -1 -1 -1 -1 -1 -1 -1 -1 -1 -1 -1 -1 -1 -1 -1 -1 -1 -1 -1 -1 -1 -1 -1 -1 -1 -1 -1 -1 -1 -1 -1 -1 -1 -1 -1 -1 -1 -1 -1 -1 -1 -1 -1 -1 -1 -1 -1 -1 0 -1 -1 -1 -1 -1 -1 -1
-1 -1 -1 -1 -1 -1 -1 -1 -1 -1 -1 -1 -1 -1 -1 -1 -1 -1 -1 -1 -1 -1 -1 -1 -1 -1 -1 -1 -1 -1 -1 -1 -1 -1 -1 -1 -1 -1 -1 -1 -1 -1 -1 -1 -1 -1 -1 -1 -1 -1 -1 -1 -1 -1 -1 -1 -1 -1 -1 -1 -1 -1 -1 -1 -1 -1 -1 -1 -1 -1 -1 -1 -1 -1 -1 -1 -1 -1 -1 -1 -1 -1 -1 -1 -1 -1 -1 -1 -1 -1 -1 -1 -1 -1 -1 -1 -1 -1 -1 -1 -1 -1 -1 -1 -1 -1 -1 -1 -1 -1 -1 -1 -1 -1 -1 -1 -1 -1 -1 -1 -1 -1 -1 -1 -1 -1 -1 -1 -1 -1 -1 -1 -1 -1 -1 -1 -1 -1 -1 -1 -1 -1 -1 -1 -1 -1 -1 -1 -1 -1 -1 -1 -1 -1 -1 -1 -1 -1 -1 -1 -1 -1 0 -1 -1 -1 -1 -1 -1
-1 -1 -1 -1 -1 -1 -1 -1 -1 -1 -1 -1 -1 -1 -1 -1 -1 -1 -1 -1 -1 -1 -1 -1 -1 -1 -1 -1 -1 -1 -1 -1 -1 -1 -1 -1 -1 -1 -1 -1 -1 -1 -1 -1 -1 -1 -1 -1 -1 -1 -1 -1 -1 -1 -1 -1 -1 -1 -1 -1 -1 -1 -1 -1 -1 -1 -1 -1 -1 -1 -1 -1 -1 -1 -1 -1 -1 -1 -1 -1 -1 -1 -1 -1 -1 -1 -1 -1 -1 -1 -1 -1 -1 -1 -1 -1 -1 -1 -1 -1 -1 -1 -1 -1 -1 -1 -1 -1 -1 -1 -1 -1 -1 -1 -1 -1 -1 -1 -1 -1 -1 -1 -1 -1 -1 -1 -1 -1 -1 -1 -1 -1 -1 -1 -1 -1 -1 -1 -1 -1 -1 -1 -1 -1 -1 -1 -1 -1 -1 -1 -1 -1 -1 -1 -1 -1 -1 -1 -1 -1 -1 -1 -1 0 -1 -1 -1 -1 -1
-1 -1 -1 -1 -1 -1 -1 -1 -1 -1 -1 -1 -1 -1 -1 -1 -1 -1 -1 -1 -1 -1 -1 -1 -1 -1 -1 -1 -1 -1 -1 -1 -1 -1 -1 -1 -1 -1 -1 -1 -1 -1 -1 -1 -1 -1 -1 -1 -1 -1 -1 -1 -1 -1 -1 -1 -1 -1 -1 -1 -1 -1 -1 -1 -1 -1 -1 -1 -1 -1 -1 -1 -1 -1 -1 -1 -1 -1 -1 -1 -1 -1 -1 -1 -1 -1 -1 -1 -1 -1 -1 -1 -1 -1 -1 -1 -1 -1 -1 -1 -1 -1 -1 -1 -1 -1 -1 -1 -1 -1 -1 -1 -1 -1 -1 -1 -1 -1 -1 -1 -1 -1 -1 -1 -1 -1 -1 -1 -1 -1 -1 -1 -1 -1 -1 -1 -1 -1 -1 -1 -1 -1 -1 -1 -1 -1 -1 -1 -1 -1 -1 -1 -1 -1 -1 -1 -1 -1 -1 -1 -1 -1 -1 -1 0 -1 -1 -1 -1
-1 -1 -1 -1 -1 -1 -1 -1 -1 -1 -1 -1 -1 -1 -1 -1 -1 -1 -1 -1 -1 -1 -1 -1 -1 -1 -1 -1 -1 -1 -1 -1 -1 -1 -1 -1 -1 -1 -1 -1 -1 -1 -1 -1 -1 -1 -1 -1 -1 -1 -1 -1 -1 -1 -1 -1 -1 -1 -1 -1 -1 -1 -1 -1 -1 -1 -1 -1 -1 -1 -1 -1 -1 -1 -1 -1 -1 -1 -1 -1 -1 -1 -1 -1 -1 -1 -1 -1 -1 -1 -1 -1 -1 -1 -1 -1 -1 -1 -1 -1 -1 -1 -1 -1 -1 -1 -1 -1 -1 -1 -1 -1 -1 -1 -1 -1 -1 -1 -1 -1 -1 -1 -1 -1 -1 -1 -1 -1 -1 -1 -1 -1 -1 -1 -1 -1 -1 -1 -1 -1 -1 -1 -1 -1 -1 -1 -1 -1 -1 -1 -1 -1 -1 -1 -1 -1 -1 -1 -1 -1 -1 -1 -1 -1 -1 0 -1 -1 -1
-1 -1 -1 -1 -1 -1 -1 -1 -1 -1 -1 -1 -1 -1 -1 -1 -1 -1 -1 -1 -1 -1 -1 -1 -1 -1 -1 -1 -1 -1 -1 -1 -1 -1 -1 -1 -1 -1 -1 -1 -1 -1 -1 -1 -1 -1 -1 -1 -1 -1 -1 -1 -1 -1 -1 -1 -1 -1 -1 -1 -1 -1 -1 -1 -1 -1 -1 -1 -1 -1 -1 -1 -1 -1 -1 -1 -1 -1 -1 -1 -1 -1 -1 -1 -1 -1 -1 -1 -1 -1 -1 -1 -1 -1 -1 -1 -1 -1 -1 -1 -1 -1 -1 -1 -1 -1 -1 -1 -1 -1 -1 -1 -1 -1 -1 -1 -1 -1 -1 -1 -1 -1 -1 -1 -1 -1 -1 -1 -1 -1 -1 -1 -1 -1 -1 -1 -1 -1 -1 -1 -1 -1 -1 -1 -1 -1 -1 -1 -1 -1 -1 -1 -1 -1 -1 -1 -1 -1 -1 -1 -1 -1 -1 -1 -1 -1 0 -1 -1
-1 -1 -1 -1 -1 -1 -1 -1 -1 -1 -1 -1 -1 -1 -1 -1 -1 -1 -1 -1 -1 -1 -1 -1 -1 -1 -1 -1 -1 -1 -1 -1 -1 -1 -1 -1 -1 -1 -1 -1 -1 -1 -1 -1 -1 -1 -1 -1 -1 -1 -1 -1 -1 -1 -1 -1 -1 -1 -1 -1 -1 -1 -1 -1 -1 -1 -1 -1 -1 -1 -1 -1 -1 -1 -1 -1 -1 -1 -1 -1 -1 -1 -1 -1 -1 -1 -1 -1 -1 -1 -1 -1 -1 -1 -1 -1 -1 -1 -1 -1 -1 -1 -1 -1 -1 -1 -1 -1 -1 -1 -1 -1 -1 -1 -1 -1 -1 -1 -1 -1 -1 -1 -1 -1 -1 -1 -1 -1 -1 -1 -1 -1 -1 -1 -1 -1 -1 -1 -1 -1 -1 -1 -1 -1 -1 -1 -1 -1 -1 -1 -1 -1 -1 -1 -1 -1 -1 -1 -1 -1 -1 -1 -1 -1 -1 -1 -1 0 -1
-1 -1 -1 -1 -1 -1 -1 -1 -1 -1 -1 -1 -1 -1 -1 -1 -1 -1 -1 -1 -1 -1 -1 -1 -1 -1 -1 -1 -1 -1 -1 -1 -1 -1 -1 -1 -1 -1 -1 -1 -1 -1 -1 -1 -1 -1 -1 -1 -1 -1 -1 -1 -1 -1 -1 -1 -1 -1 -1 -1 -1 -1 -1 -1 -1 -1 -1 -1 -1 -1 -1 -1 -1 -1 -1 -1 -1 -1 -1 -1 -1 -1 -1 -1 -1 -1 -1 -1 -1 -1 -1 -1 -1 -1 -1 -1 -1 -1 -1 -1 -1 -1 -1 -1 -1 -1 -1 -1 -1 -1 -1 -1 -1 -1 -1 -1 -1 -1 -1 -1 -1 -1 -1 -1 -1 -1 -1 -1 -1 -1 -1 -1 -1 -1 -1 -1 -1 -1 -1 -1 -1 -1 -1 -1 -1 -1 -1 -1 -1 -1 -1 -1 -1 -1 -1 -1 -1 -1 -1 -1 -1 -1 -1 -1 -1 -1 -1 -1 0
