0 7 5 5 5 5 5 7 7 4 3 3 3 3 3 3 3 3 3 3 3 3 -1 -1
7 0 6 6 6 6 6 4 4 7 8 8 8 8 8 8 5 5 5 5 5 5 -1 -1
5 6 0 2 4 4 4 6 6 5 6 6 6 6 6 6 6 6 6 6 6 6 -1 -1
5 6 2 0 4 4 4 6 6 5 6 6 6 6 6 6 6 6 6 6 6 6 -1 -1
5 6 4 4 0 2 2 6 6 3 4 4 4 6 6 6 6 6 6 6 6 6 -1 -1
5 6 4 4 2 0 2 6 6 1 4 4 4 6 6 6 6 6 6 6 6 6 -1 -1
5 6 4 4 2 2 0 6 6 3 4 4 4 6 6 6 6 6 6 6 6 6 -1 -1
7 4 6 6 6 6 6 0 2 7 8 8 8 8 8 8 1 1 1 1 1 1 -1 -1
7 4 6 6 6 6 6 2 0 7 8 8 8 8 8 8 3 3 3 3 3 3 -1 -1
4 7 5 5 3 1 3 7 7 0 5 5 5 5 5 5 5 5 5 5 5 5 -1 -1
3 8 6 6 4 4 4 8 8 5 0 2 2 4 4 4 4 4 4 4 4 4 -1 -1
3 8 6 6 4 4 4 8 8 5 2 0 2 4 4 4 4 4 4 4 4 4 -1 -1
3 8 6 6 4 4 4 8 8 5 2 2 0 4 4 4 4 4 4 4 4 4 -1 -1
3 8 6 6 6 6 6 8 8 5 4 4 4 0 2 2 4 4 4 4 4 4 -1 -1
3 8 6 6 6 6 6 8 8 5 4 4 4 2 0 2 4 4 4 4 4 4 -1 -1
3 8 6 6 6 6 6 8 8 5 4 4 4 2 2 0 4 4 4 4 4 4 -1 -1
3 5 6 6 6 6 6 1 3 5 4 4 4 4 4 4 0 2 2 2 2 2 -1 -1
3 5 6 6 6 6 6 1 3 5 4 4 4 4 4 4 2 0 2 2 2 2 -1 -1
3 5 6 6 6 6 6 1 3 5 4 4 4 4 4 4 2 2 0 2 2 2 -1 -1
3 5 6 6 6 6 6 1 3 5 4 4 4 4 4 4 2 2 2 0 2 2 -1 -1
3 5 6 6 6 6 6 1 3 5 4 4 4 4 4 4 2 2 2 2 0 2 -1 -1
3 5 6 6 6 6 6 1 3 5 4 4 4 4 4 4 2 2 2 2 2 0 -1 -1
-1 -1 -1 -1 -1 -1 -1 -1 -1 -1 -1 -1 -1 -1 -1 -1 -1 -1 -1 -1 -1 -1 0 -1
-1 -1 -1 -1 -1 -1 -1 -1 -1 -1 -1 -1 -1 -1 -1 -1 -1 -1 -1 -1 -1 -1 -1 0
