0 2 4 4 4 4 4 4 4 10 8 8 8 9 7 7 7 7 7 7 7 7 6 6 7 7 7 6 6 6 6 10 10 10 10 10 10 10 7 7 7 8 8 2 2 2 2 8 8 8 8 10 10 10 3 3 3 3 3 8 8 8 8 8 8 7 5 5 5 5 5 5 5 5 5 5 5 6 6 6 6 6 6 6 5 5 5 5 5 5 5 5 5 4 4 4 4 8 8 10 10 10 10 10 10 8 8 8 7 7 7 7 7 7 7 7 7 7 7 7 7 6 6 6 6
2 0 4 4 4 4 4 4 4 10 8 8 8 9 7 7 7 7 7 7 7 7 6 6 7 7 7 6 6 6 6 10 10 10 10 10 10 10 7 7 7 8 8 2 2 2 2 8 8 8 8 10 10 10 3 3 3 3 3 8 8 8 8 8 8 7 5 5 5 5 5 5 5 5 5 5 5 6 6 6 6 6 6 6 5 5 5 5 5 5 5 5 5 4 4 4 4 8 8 10 10 10 10 10 10 8 8 8 7 7 7 7 7 7 7 7 7 7 7 7 7 6 6 6 6
4 4 0 2 2 2 10 10 10 11 8 8 8 9 7 7 7 7 7 7 7 7 6 6 7 7 7 6 6 6 6 10 10 10 10 10 10 10 7 7 7 8 8 4 4 4 4 8 8 8 8 10 10 10 5 5 5 5 5 8 8 8 8 8 8 7 3 3 3 3 3 3 3 3 3 3 7 6 6 6 6 6 6 6 3 3 3 3 3 3 3 3 3 8 8 8 8 8 8 11 11 11 11 11 11 8 8 8 7 7 7 7 7 7 7 7 7 7 7 7 7 6 6 6 6
4 4 2 0 2 2 10 10 10 11 8 8 8 9 7 7 7 7 7 7 7 7 6 6 7 7 7 6 6 6 6 10 10 10 10 10 10 10 7 7 7 8 8 4 4 4 4 8 8 8 8 10 10 10 5 5 5 5 5 8 8 8 8 8 8 7 3 3 3 3 3 3 3 3 3 3 7 6 6 6 6 6 6 6 3 3 3 3 3 3 3 3 3 8 8 8 8 8 8 11 11 11 11 11 11 8 8 8 7 7 7 7 7 7 7 7 7 7 7 7 7 6 6 6 6
4 4 2 2 0 2 10 10 10 11 8 8 8 9 7 7 7 7 7 7 7 7 6 6 7 7 7 6 6 6 6 10 10 10 10 10 10 10 7 7 7 8 8 4 4 4 4 8 8 8 8 10 10 10 5 5 5 5 5 8 8 8 8 8 8 7 3 3 3 3 3 3 3 3 3 3 7 6 6 6 6 6 6 6 3 3 3 3 3 3 3 3 3 8 8 8 8 8 8 11 11 11 11 11 11 8 8 8 7 7 7 7 7 7 7 7 7 7 7 7 7 6 6 6 6
4 4 2 2 2 0 10 10 10 11 8 8 8 9 7 7 7 7 7 7 7 7 6 6 7 7 7 6 6 6 6 10 10 10 10 10 10 10 7 7 7 8 8 4 4 4 4 8 8 8 8 10 10 10 5 5 5 5 5 8 8 8 8 8 8 7 1 1 1 1 1 1 1 1 1 1 7 6 6 6 6 6 6 6 3 3 3 3 3 3 3 3 3 8 8 8 8 8 8 11 11 11 11 11 11 8 8 8 7 7 7 7 7 7 7 7 7 7 7 7 7 6 6 6 6
4 4 10 10 10 10 0 2 2 4 10 10 10 9 7 7 7 7 7 7 7 7 9 9 10 10 9 7 7 7 7 9 9 9 9 9 9 9 9 9 9 8 8 10 10 10 10 11 11 11 11 10 10 10 5 5 5 5 5 9 9 9 9 9 9 7 11 11 11 11 11 11 11 11 11 11 3 5 5 5 5 5 5 5 8 8 8 8 8 8 8 8 8 4 4 4 4 8 8 9 9 9 9 9 9 10 10 10 8 8 8 8 8 8 8 8 8 8 8 8 8 8 8 8 8
4 4 10 10 10 10 2 0 2 4 10 10 10 9 7 7 7 7 7 7 7 7 9 9 10 10 9 7 7 7 7 9 9 9 9 9 9 9 9 9 9 8 8 10 10 10 10 11 11 11 11 10 10 10 5 5 5 5 5 9 9 9 9 9 9 7 11 11 11 11 11 11 11 11 11 11 1 5 5 5 5 5 5 5 8 8 8 8 8 8 8 8 8 4 4 4 4 8 8 9 9 9 9 9 9 10 10 10 8 8 8 8 8 8 8 8 8 8 8 8 8 8 8 8 8
4 4 10 10 10 10 2 2 0 4 10 10 10 9 7 7 7 7 7 7 7 7 9 9 10 10 9 7 7 7 7 9 9 9 9 9 9 9 9 9 9 8 8 10 10 10 10 11 11 11 11 10 10 10 5 5 5 5 5 9 9 9 9 9 9 7 11 11 11 11 11 11 11 11 11 11 3 5 5 5 5 5 5 5 8 8 8 8 8 8 8 8 8 4 4 4 4 8 8 9 9 9 9 9 9 10 10 10 8 8 8 8 8 8 8 8 8 8 8 8 8 8 8 8 8
10 10 11 11 11 11 4 4 4 0 11 11 11 9 7 7 7 7 7 9 9 9 9 9 10 10 9 7 7 7 7 9 9 9 9 9 9 9 9 9 9 8 8 11 11 11 11 11 11 11 11 10 10 10 10 10 10 10 10 9 9 9 9 9 9 7 12 12 12 12 12 12 12 12 12 12 5 1 1 1 1 1 1 1 8 8 8 8 8 8 8 8 8 10 10 10 10 8 8 9 9 9 9 9 9 10 10 10 8 8 8 8 8 8 8 8 8 8 8 8 8 8 8 8 8
8 8 8 8 8 8 10 10 10 11 0 2 2 9 9 9 9 9 9 9 9 9 8 8 9 9 8 8 8 8 8 6 6 6 6 6 6 6 9 9 9 7 7 8 8 8 8 10 10 10 10 10 10 10 9 9 9 9 9 6 6 6 6 6 6 9 9 9 9 9 9 9 9 9 9 9 9 8 8 8 8 8 8 8 9 9 9 9 9 9 9 9 9 10 10 10 10 7 7 10 10 10 10 10 10 10 10 10 9 9 9 9 9 9 9 9 9 9 9 9 9 8 8 8 8
8 8 8 8 8 8 10 10 10 11 2 0 2 9 9 9 9 9 9 9 9 9 8 8 9 9 8 8 8 8 8 6 6 6 6 6 6 6 9 9 9 7 7 8 8 8 8 10 10 10 10 10 10 10 9 9 9 9 9 6 6 6 6 6 6 9 9 9 9 9 9 9 9 9 9 9 9 8 8 8 8 8 8 8 9 9 9 9 9 9 9 9 9 10 10 10 10 7 7 10 10 10 10 10 10 10 10 10 9 9 9 9 9 9 9 9 9 9 9 9 9 8 8 8 8
8 8 8 8 8 8 10 10 10 11 2 2 0 9 9 9 9 9 9 9 9 9 8 8 9 9 8 8 8 8 8 6 6 6 6 6 6 6 9 9 9 7 7 8 8 8 8 10 10 10 10 10 10 10 9 9 9 9 9 6 6 6 6 6 6 9 9 9 9 9 9 9 9 9 9 9 9 8 8 8 8 8 8 8 9 9 9 9 9 9 9 9 9 10 10 10 10 7 7 10 10 10 10 10 10 10 10 10 9 9 9 9 9 9 9 9 9 9 9 9 9 8 8 8 8
9 9 9 9 9 9 9 9 9 9 9 9 9 0 6 6 6 6 6 8 8 8 6 6 6 6 6 9 9 9 9 6 6 6 6 6 6 6 6 6 6 7 7 9 9 9 9 7 7 7 7 1 1 1 7 7 7 7 7 6 6 6 6 6 6 7 10 10 10 10 10 10 10 10 10 10 8 9 9 9 9 9 9 9 10 10 10 10 10 10 10 10 10 9 9 9 9 7 7 6 6 6 6 6 6 7 7 7 10 10 10 10 10 6 6 6 6 6 6 6 6 7 7 7 7
7 7 7 7 7 7 7 7 7 7 9 9 9 6 0 2 2 2 2 8 8 8 4 4 8 8 8 6 6 6 6 10 10 10 10 10 10 10 8 8 8 3 3 7 7 7 7 9 9 9 9 7 7 7 5 5 5 5 5 9 9 9 9 9 9 5 8 8 8 8 8 8 8 8 8 8 8 7 7 7 7 7 7 7 7 7 7 7 7 7 7 7 7 9 9 9 9 3 3 4 4 4 4 4 4 9 9 9 7 7 7 7 7 7 7 7 7 7 7 7 7 3 3 3 3
7 7 7 7 7 7 7 7 7 7 9 9 9 6 2 0 2 2 2 8 8 8 4 4 8 8 8 6 6 6 6 10 10 10 10 10 10 10 8 8 8 3 3 7 7 7 7 9 9 9 9 7 7 7 5 5 5 5 5 9 9 9 9 9 9 5 8 8 8 8 8 8 8 8 8 8 8 7 7 7 7 7 7 7 7 7 7 7 7 7 7 7 7 9 9 9 9 3 3 4 4 4 4 4 4 9 9 9 7 7 7 7 7 7 7 7 7 7 7 7 7 3 3 3 3
7 7 7 7 7 7 7 7 7 7 9 9 9 6 2 2 0 2 2 8 8 8 4 4 8 8 8 6 6 6 6 10 10 10 10 10 10 10 8 8 8 3 3 7 7 7 7 9 9 9 9 7 7 7 5 5 5 5 5 9 9 9 9 9 9 5 8 8 8 8 8 8 8 8 8 8 8 7 7 7 7 7 7 7 7 7 7 7 7 7 7 7 7 9 9 9 9 3 3 4 4 4 4 4 4 9 9 9 7 7 7 7 7 7 7 7 7 7 7 7 7 3 3 3 3
7 7 7 7 7 7 7 7 7 7 9 9 9 6 2 2 2 0 2 8 8 8 4 4 8 8 8 6 6 6 6 10 10 10 10 10 10 10 8 8 8 3 3 7 7 7 7 9 9 9 9 7 7 7 5 5 5 5 5 9 9 9 9 9 9 5 8 8 8 8 8 8 8 8 8 8 8 7 7 7 7 7 7 7 7 7 7 7 7 7 7 7 7 9 9 9 9 3 3 4 4 4 4 4 4 9 9 9 7 7 7 7 7 7 7 7 7 7 7 7 7 3 3 3 3
7 7 7 7 7 7 7 7 7 7 9 9 9 6 2 2 2 2 0 8 8 8 4 4 8 8 8 6 6 6 6 10 10 10 10 10 10 10 8 8 8 3 3 7 7 7 7 9 9 9 9 7 7 7 5 5 5 5 5 9 9 9 9 9 9 5 8 8 8 8 8 8 8 8 8 8 8 7 7 7 7 7 7 7 7 7 7 7 7 7 7 7 7 9 9 9 9 1 1 4 4 4 4 4 4 9 9 9 7 7 7 7 7 7 7 7 7 7 7 7 7 3 3 3 3
7 7 7 7 7 7 7 7 7 9 9 9 9 8 8 8 8 8 8 0 2 2 7 7 8 8 8 7 7 7 7 8 8 8 8 8 8 8 8 8 8 9 9 7 7 7 7 9 9 9 9 9 9 9 8 8 8 8 8 8 8 8 8 8 8 8 8 8 8 8 8 8 8 8 8 8 4 7 7 7 7 7 7 7 8 8 8 8 8 8 8 8 8 1 1 1 1 9 9 10 10 10 10 10 10 9 9 9 8 8 8 8 8 8 8 8 8 8 8 8 8 7 7 7 7
7 7 7 7 7 7 7 7 7 9 9 9 9 8 8 8 8 8 8 2 0 2 7 7 8 8 8 7 7 7 7 8 8 8 8 8 8 8 8 8 8 9 9 7 7 7 7 9 9 9 9 9 9 9 8 8 8 8 8 8 8 8 8 8 8 8 8 8 8 8 8 8 8 8 8 8 4 7 7 7 7 7 7 7 8 8 8 8 8 8 8 8 8 3 3 3 3 9 9 10 10 10 10 10 10 9 9 9 8 8 8 8 8 8 8 8 8 8 8 8 8 7 7 7 7
7 7 7 7 7 7 7 7 7 9 9 9 9 8 8 8 8 8 8 2 2 0 7 7 8 8 8 7 7 7 7 8 8 8 8 8 8 8 8 8 8 9 9 7 7 7 7 9 9 9 9 9 9 9 8 8 8 8 8 8 8 8 8 8 8 8 8 8 8 8 8 8 8 8 8 8 4 7 7 7 7 7 7 7 8 8 8 8 8 8 8 8 8 3 3 3 3 9 9 10 10 10 10 10 10 9 9 9 8 8 8 8 8 8 8 8 8 8 8 8 8 7 7 7 7
6 6 6 6 6 6 9 9 9 9 8 8 8 6 4 4 4 4 4 7 7 7 0 2 7 7 7 4 4 4 4 10 10 10 10 10 10 10 5 5 5 5 5 6 6 6 6 8 8 8 8 7 7 7 1 1 1 1 1 6 6 6 6 6 6 3 7 7 7 7 7 7 7 7 7 7 7 6 6 6 6 6 6 6 5 5 5 5 5 5 5 5 5 8 8 8 8 5 5 4 4 4 4 4 4 6 6 6 5 5 5 5 5 5 5 5 5 5 5 5 5 5 5 5 5
6 6 6 6 6 6 9 9 9 9 8 8 8 6 4 4 4 4 4 7 7 7 2 0 7 7 7 4 4 4 4 10 10 10 10 10 10 10 5 5 5 5 5 6 6 6 6 8 8 8 8 7 7 7 3 3 3 3 3 6 6 6 6 6 6 3 7 7 7 7 7 7 7 7 7 7 7 6 6 6 6 6 6 6 5 5 5 5 5 5 5 5 5 8 8 8 8 5 5 4 4 4 4 4 4 6 6 6 5 5 5 5 5 5 5 5 5 5 5 5 5 5 5 5 5
7 7 7 7 7 7 10 10 10 10 9 9 9 6 8 8 8 8 8 8 8 8 7 7 0 2 4 7 7 7 7 9 9 9 9 9 9 9 8 8 8 9 9 7 7 7 7 3 3 3 3 7 7 7 8 8 8 8 8 9 9 9 9 9 9 8 8 8 8 8 8 8 8 8 8 8 8 7 7 7 7 7 7 7 8 8 8 8 8 8 8 8 8 9 9 9 9 9 9 10 10 10 10 10 10 9 9 9 8 8 8 8 8 4 4 4 4 4 4 4 4 7 7 7 7
7 7 7 7 7 7 10 10 10 10 9 9 9 6 8 8 8 8 8 8 8 8 7 7 2 0 4 7 7 7 7 9 9 9 9 9 9 9 8 8 8 9 9 7 7 7 7 3 3 3 3 7 7 7 8 8 8 8 8 9 9 9 9 9 9 8 8 8 8 8 8 8 8 8 8 8 8 7 7 7 7 7 7 7 8 8 8 8 8 8 8 8 8 9 9 9 9 9 9 10 10 10 10 10 10 9 9 9 8 8 8 8 8 4 4 4 4 4 4 4 4 7 7 7 7
7 7 7 7 7 7 9 9 9 9 8 8 8 6 8 8 8 8 8 8 8 8 7 7 4 4 0 7 7 7 7 8 8 8 8 8 8 8 8 8 8 9 9 7 7 7 7 5 5 5 5 7 7 7 8 8 8 8 8 8 8 8 8 8 8 8 8 8 8 8 8 8 8 8 8 8 8 7 7 7 7 7 7 7 8 8 8 8 8 8 8 8 8 9 9 9 9 9 9 10 10 10 10 10 10 9 9 9 8 8 8 8 8 4 4 4 4 4 4 4 4 7 7 7 7
6 6 6 6 6 6 7 7 7 7 8 8 8 9 6 6 6 6 6 7 7 7 4 4 7 7 7 0 2 2 2 10 10 10 10 10 10 10 3 3 3 7 7 6 6 6 6 8 8 8 8 10 10 10 5 5 5 5 5 4 4 4 4 4 4 4 7 7 7 7 7 7 7 7 7 7 7 6 6 6 6 6 6 6 3 3 3 3 3 3 3 3 3 8 8 8 8 7 7 10 10 10 10 10 10 4 4 4 3 3 3 3 3 3 3 3 3 3 3 3 3 6 6 6 6
6 6 6 6 6 6 7 7 7 7 8 8 8 9 6 6 6 6 6 7 7 7 4 4 7 7 7 2 0 2 2 10 10 10 10 10 10 10 3 3 3 7 7 6 6 6 6 8 8 8 8 10 10 10 5 5 5 5 5 4 4 4 4 4 4 4 7 7 7 7 7 7 7 7 7 7 7 6 6 6 6 6 6 6 3 3 3 3 3 3 3 3 3 8 8 8 8 7 7 10 10 10 10 10 10 4 4 4 3 3 3 3 3 3 3 3 3 3 3 3 3 6 6 6 6
6 6 6 6 6 6 7 7 7 7 8 8 8 9 6 6 6 6 6 7 7 7 4 4 7 7 7 2 2 0 2 10 10 10 10 10 10 10 3 3 3 7 7 6 6 6 6 8 8 8 8 10 10 10 5 5 5 5 5 4 4 4 4 4 4 4 7 7 7 7 7 7 7 7 7 7 7 6 6 6 6 6 6 6 3 3 3 3 3 3 3 3 3 8 8 8 8 7 7 10 10 10 10 10 10 4 4 4 3 3 3 3 3 3 3 3 3 3 3 3 3 6 6 6 6
6 6 6 6 6 6 7 7 7 7 8 8 8 9 6 6 6 6 6 7 7 7 4 4 7 7 7 2 2 2 0 10 10 10 10 10 10 10 3 3 3 7 7 6 6 6 6 8 8 8 8 10 10 10 5 5 5 5 5 4 4 4 4 4 4 4 7 7 7 7 7 7 7 7 7 7 7 6 6 6 6 6 6 6 3 3 3 3 3 3 3 3 3 8 8 8 8 7 7 10 10 10 10 10 10 4 4 4 3 3 3 3 3 3 3 3 3 3 3 3 3 6 6 6 6
10 10 10 10 10 10 9 9 9 9 6 6 6 6 10 10 10 10 10 8 8 8 10 10 9 9 8 10 10 10 10 0 2 2 2 2 2 2 6 6 6 3 3 10 10 10 10 10 10 10 10 7 7 7 11 11 11 11 11 4 4 4 4 4 4 10 11 11 11 11 11 11 11 11 11 11 8 10 10 10 10 10 10 10 11 11 11 11 11 11 11 11 11 9 9 9 9 3 3 10 10 10 10 10 10 7 7 7 11 11 11 11 11 9 9 9 9 9 9 9 9 10 10 10 10
10 10 10 10 10 10 9 9 9 9 6 6 6 6 10 10 10 10 10 8 8 8 10 10 9 9 8 10 10 10 10 2 0 2 2 2 2 2 6 6 6 3 3 10 10 10 10 10 10 10 10 7 7 7 11 11 11 11 11 4 4 4 4 4 4 10 11 11 11 11 11 11 11 11 11 11 8 10 10 10 10 10 10 10 11 11 11 11 11 11 11 11 11 9 9 9 9 3 3 10 10 10 10 10 10 7 7 7 11 11 11 11 11 9 9 9 9 9 9 9 9 10 10 10 10
10 10 10 10 10 10 9 9 9 9 6 6 6 6 10 10 10 10 10 8 8 8 10 10 9 9 8 10 10 10 10 2 2 0 2 2 2 2 6 6 6 3 3 10 10 10 10 10 10 10 10 7 7 7 11 11 11 11 11 4 4 4 4 4 4 10 11 11 11 11 11 11 11 11 11 11 8 10 10 10 10 10 10 10 11 11 11 11 11 11 11 11 11 9 9 9 9 3 3 10 10 10 10 10 10 7 7 7 11 11 11 11 11 9 9 9 9 9 9 9 9 10 10 10 10
10 10 10 10 10 10 9 9 9 9 6 6 6 6 10 10 10 10 10 8 8 8 10 10 9 9 8 10 10 10 10 2 2 2 0 2 2 2 6 6 6 3 3 10 10 10 10 10 10 10 10 7 7 7 11 11 11 11 11 4 4 4 4 4 4 10 11 11 11 11 11 11 11 11 11 11 8 10 10 10 10 10 10 10 11 11 11 11 11 11 11 11 11 9 9 9 9 3 3 10 10 10 10 10 10 7 7 7 11 11 11 11 11 9 9 9 9 9 9 9 9 10 10 10 10
10 10 10 10 10 10 9 9 9 9 6 6 6 6 10 10 10 10 10 8 8 8 10 10 9 9 8 10 10 10 10 2 2 2 2 0 2 2 6 6 6 3 3 10 10 10 10 10 10 10 10 7 7 7 11 11 11 11 11 4 4 4 4 4 4 10 11 11 11 11 11 11 11 11 11 11 8 10 10 10 10 10 10 10 11 11 11 11 11 11 11 11 11 9 9 9 9 3 3 10 10 10 10 10 10 7 7 7 11 11 11 11 11 9 9 9 9 9 9 9 9 10 10 10 10
10 10 10 10 10 10 9 9 9 9 6 6 6 6 10 10 10 10 10 8 8 8 10 10 9 9 8 10 10 10 10 2 2 2 2 2 0 2 6 6 6 3 3 10 10 10 10 10 10 10 10 7 7 7 11 11 11 11 11 4 4 4 4 4 4 10 11 11 11 11 11 11 11 11 11 11 8 10 10 10 10 10 10 10 11 11 11 11 11 11 11 11 11 9 9 9 9 3 3 10 10 10 10 10 10 7 7 7 11 11 11 11 11 9 9 9 9 9 9 9 9 10 10 10 10
10 10 10 10 10 10 9 9 9 9 6 6 6 6 10 10 10 10 10 8 8 8 10 10 9 9 8 10 10 10 10 2 2 2 2 2 2 0 6 6 6 3 3 10 10 10 10 10 10 10 10 7 7 7 11 11 11 11 11 4 4 4 4 4 4 10 11 11 11 11 11 11 11 11 11 11 8 10 10 10 10 10 10 10 11 11 11 11 11 11 11 11 11 9 9 9 9 1 1 10 10 10 10 10 10 7 7 7 11 11 11 11 11 9 9 9 9 9 9 9 9 10 10 10 10
7 7 7 7 7 7 9 9 9 9 9 9 9 6 8 8 8 8 8 8 8 8 5 5 8 8 8 3 3 3 3 6 6 6 6 6 6 6 0 2 2 7 7 7 7 7 7 9 9 9 9 7 7 7 6 6 6 6 6 3 3 3 3 3 3 6 8 8 8 8 8 8 8 8 8 8 8 7 7 7 7 7 7 7 4 4 4 4 4 4 4 4 4 9 9 9 9 7 7 10 10 10 10 10 10 1 1 1 4 4 4 4 4 4 4 4 4 4 4 4 4 7 7 7 7
7 7 7 7 7 7 9 9 9 9 9 9 9 6 8 8 8 8 8 8 8 8 5 5 8 8 8 3 3 3 3 6 6 6 6 6 6 6 2 0 2 7 7 7 7 7 7 9 9 9 9 7 7 7 6 6 6 6 6 3 3 3 3 3 3 6 8 8 8 8 8 8 8 8 8 8 8 7 7 7 7 7 7 7 4 4 4 4 4 4 4 4 4 9 9 9 9 7 7 10 10 10 10 10 10 3 3 3 4 4 4 4 4 4 4 4 4 4 4 4 4 7 7 7 7
7 7 7 7 7 7 9 9 9 9 9 9 9 6 8 8 8 8 8 8 8 8 5 5 8 8 8 3 3 3 3 6 6 6 6 6 6 6 2 2 0 7 7 7 7 7 7 9 9 9 9 7 7 7 6 6 6 6 6 1 1 1 1 1 1 6 8 8 8 8 8 8 8 8 8 8 8 7 7 7 7 7 7 7 4 4 4 4 4 4 4 4 4 9 9 9 9 7 7 10 10 10 10 10 10 3 3 3 4 4 4 4 4 4 4 4 4 4 4 4 4 7 7 7 7
8 8 8 8 8 8 8 8 8 8 7 7 7 7 3 3 3 3 3 9 9 9 5 5 9 9 9 7 7 7 7 3 3 3 3 3 3 3 7 7 7 0 2 8 8 8 8 10 10 10 10 8 8 8 6 6 6 6 6 5 5 5 5 5 5 6 9 9 9 9 9 9 9 9 9 9 9 8 8 8 8 8 8 8 8 8 8 8 8 8 8 8 8 10 10 10 10 4 4 5 5 5 5 5 5 8 8 8 8 8 8 8 8 8 8 8 8 8 8 8 8 4 4 4 4
8 8 8 8 8 8 8 8 8 8 7 7 7 7 3 3 3 3 3 9 9 9 5 5 9 9 9 7 7 7 7 3 3 3 3 3 3 3 7 7 7 2 0 8 8 8 8 10 10 10 10 8 8 8 6 6 6 6 6 5 5 5 5 5 5 6 9 9 9 9 9 9 9 9 9 9 9 8 8 8 8 8 8 8 8 8 8 8 8 8 8 8 8 10 10 10 10 4 4 5 5 5 5 5 5 8 8 8 8 8 8 8 8 8 8 8 8 8 8 8 8 4 4 4 4
2 2 4 4 4 4 10 10 10 11 8 8 8 9 7 7 7 7 7 7 7 7 6 6 7 7 7 6 6 6 6 10 10 10 10 10 10 10 7 7 7 8 8 0 2 2 2 8 8 8 8 10 10 10 3 3 3 3 3 8 8 8 8 8 8 7 5 5 5 5 5 5 5 5 5 5 7 6 6 6 6 6 6 6 5 5 5 5 5 5 5 5 5 8 8 8 8 8 8 11 11 11 11 11 11 8 8 8 7 7 7 7 7 7 7 7 7 7 7 7 7 6 6 6 6
2 2 4 4 4 4 10 10 10 11 8 8 8 9 7 7 7 7 7 7 7 7 6 6 7 7 7 6 6 6 6 10 10 10 10 10 10 10 7 7 7 8 8 2 0 2 2 8 8 8 8 10 10 10 3 3 3 3 3 8 8 8 8 8 8 7 5 5 5 5 5 5 5 5 5 5 7 6 6 6 6 6 6 6 5 5 5 5 5 5 5 5 5 8 8 8 8 8 8 11 11 11 11 11 11 8 8 8 7 7 7 7 7 7 7 7 7 7 7 7 7 6 6 6 6
2 2 4 4 4 4 10 10 10 11 8 8 8 9 7 7 7 7 7 7 7 7 6 6 7 7 7 6 6 6 6 10 10 10 10 10 10 10 7 7 7 8 8 2 2 0 2 8 8 8 8 10 10 10 3 3 3 3 3 8 8 8 8 8 8 7 5 5 5 5 5 5 5 5 5 5 7 6 6 6 6 6 6 6 5 5 5 5 5 5 5 5 5 8 8 8 8 8 8 11 11 11 11 11 11 8 8 8 7 7 7 7 7 7 7 7 7 7 7 7 7 6 6 6 6
2 2 4 4 4 4 10 10 10 11 8 8 8 9 7 7 7 7 7 7 7 7 6 6 7 7 7 6 6 6 6 10 10 10 10 10 10 10 7 7 7 8 8 2 2 2 0 8 8 8 8 10 10 10 3 3 3 3 3 8 8 8 8 8 8 7 5 5 5 5 5 5 5 5 5 5 7 6 6 6 6 6 6 6 5 5 5 5 5 5 5 5 5 8 8 8 8 8 8 11 11 11 11 11 11 8 8 8 7 7 7 7 7 7 7 7 7 7 7 7 7 6 6 6 6
8 8 8 8 8 8 11 11 11 11 10 10 10 7 9 9 9 9 9 9 9 9 8 8 3 3 5 8 8 8 8 10 10 10 10 10 10 10 9 9 9 10 10 8 8 8 8 0 2 2 2 8 8 8 9 9 9 9 9 10 10 10 10 10 10 9 9 9 9 9 9 9 9 9 9 9 9 8 8 8 8 8 8 8 9 9 9 9 9 9 9 9 9 10 10 10 10 10 10 11 11 11 11 11 11 10 10 10 9 9 9 9 9 5 5 5 5 5 5 5 5 8 8 8 8
8 8 8 8 8 8 11 11 11 11 10 10 10 7 9 9 9 9 9 9 9 9 8 8 3 3 5 8 8 8 8 10 10 10 10 10 10 10 9 9 9 10 10 8 8 8 8 2 0 2 2 8 8 8 9 9 9 9 9 10 10 10 10 10 10 9 9 9 9 9 9 9 9 9 9 9 9 8 8 8 8 8 8 8 9 9 9 9 9 9 9 9 9 10 10 10 10 10 10 11 11 11 11 11 11 10 10 10 9 9 9 9 9 5 5 5 5 5 5 5 5 8 8 8 8
8 8 8 8 8 8 11 11 11 11 10 10 10 7 9 9 9 9 9 9 9 9 8 8 3 3 5 8 8 8 8 10 10 10 10 10 10 10 9 9 9 10 10 8 8 8 8 2 2 0 2 8 8 8 9 9 9 9 9 10 10 10 10 10 10 9 9 9 9 9 9 9 9 9 9 9 9 8 8 8 8 8 8 8 9 9 9 9 9 9 9 9 9 10 10 10 10 10 10 11 11 11 11 11 11 10 10 10 9 9 9 9 9 5 5 5 5 5 5 5 5 8 8 8 8
8 8 8 8 8 8 11 11 11 11 10 10 10 7 9 9 9 9 9 9 9 9 8 8 3 3 5 8 8 8 8 10 10 10 10 10 10 10 9 9 9 10 10 8 8 8 8 2 2 2 0 8 8 8 9 9 9 9 9 10 10 10 10 10 10 9 9 9 9 9 9 9 9 9 9 9 9 8 8 8 8 8 8 8 9 9 9 9 9 9 9 9 9 10 10 10 10 10 10 11 11 11 11 11 11 10 10 10 9 9 9 9 9 5 5 5 5 5 5 5 5 8 8 8 8
10 10 10 10 10 10 10 10 10 10 10 10 10 1 7 7 7 7 7 9 9 9 7 7 7 7 7 10 10 10 10 7 7 7 7 7 7 7 7 7 7 8 8 10 10 10 10 8 8 8 8 0 2 2 8 8 8 8 8 7 7 7 7 7 7 8 11 11 11 11 11 11 11 11 11 11 9 10 10 10 10 10 10 10 11 11 11 11 11 11 11 11 11 10 10 10 10 8 8 7 7 7 7 7 7 8 8 8 11 11 11 11 11 7 7 7 7 7 7 7 7 8 8 8 8
10 10 10 10 10 10 10 10 10 10 10 10 10 1 7 7 7 7 7 9 9 9 7 7 7 7 7 10 10 10 10 7 7 7 7 7 7 7 7 7 7 8 8 10 10 10 10 8 8 8 8 2 0 2 8 8 8 8 8 7 7 7 7 7 7 8 11 11 11 11 11 11 11 11 11 11 9 10 10 10 10 10 10 10 11 11 11 11 11 11 11 11 11 10 10 10 10 8 8 7 7 7 7 7 7 8 8 8 11 11 11 11 11 7 7 7 7 7 7 7 7 8 8 8 8
10 10 10 10 10 10 10 10 10 10 10 10 10 1 7 7 7 7 7 9 9 9 7 7 7 7 7 10 10 10 10 7 7 7 7 7 7 7 7 7 7 8 8 10 10 10 10 8 8 8 8 2 2 0 8 8 8 8 8 7 7 7 7 7 7 8 11 11 11 11 11 11 11 11 11 11 9 10 10 10 10 10 10 10 11 11 11 11 11 11 11 11 11 10 10 10 10 8 8 7 7 7 7 7 7 8 8 8 11 11 11 11 11 7 7 7 7 7 7 7 7 8 8 8 8
3 3 5 5 5 5 5 5 5 10 9 9 9 7 5 5 5 5 5 8 8 8 1 3 8 8 8 5 5 5 5 11 11 11 11 11 11 11 6 6 6 6 6 3 3 3 3 9 9 9 9 8 8 8 0 2 2 2 2 7 7 7 7 7 7 4 6 6 6 6 6 6 6 6 6 6 6 7 7 7 7 7 7 7 6 6 6 6 6 6 6 6 6 5 5 5 5 6 6 5 5 5 5 5 5 7 7 7 6 6 6 6 6 6 6 6 6 6 6 6 6 6 6 6 6
3 3 5 5 5 5 5 5 5 10 9 9 9 7 5 5 5 5 5 8 8 8 1 3 8 8 8 5 5 5 5 11 11 11 11 11 11 11 6 6 6 6 6 3 3 3 3 9 9 9 9 8 8 8 2 0 2 2 2 7 7 7 7 7 7 4 6 6 6 6 6 6 6 6 6 6 6 7 7 7 7 7 7 7 6 6 6 6 6 6 6 6 6 5 5 5 5 6 6 5 5 5 5 5 5 7 7 7 6 6 6 6 6 6 6 6 6 6 6 6 6 6 6 6 6
3 3 5 5 5 5 5 5 5 10 9 9 9 7 5 5 5 5 5 8 8 8 1 3 8 8 8 5 5 5 5 11 11 11 11 11 11 11 6 6 6 6 6 3 3 3 3 9 9 9 9 8 8 8 2 2 0 2 2 7 7 7 7 7 7 4 6 6 6 6 6 6 6 6 6 6 6 7 7 7 7 7 7 7 6 6 6 6 6 6 6 6 6 5 5 5 5 6 6 5 5 5 5 5 5 7 7 7 6 6 6 6 6 6 6 6 6 6 6 6 6 6 6 6 6
3 3 5 5 5 5 5 5 5 10 9 9 9 7 5 5 5 5 5 8 8 8 1 3 8 8 8 5 5 5 5 11 11 11 11 11 11 11 6 6 6 6 6 3 3 3 3 9 9 9 9 8 8 8 2 2 2 0 2 7 7 7 7 7 7 4 6 6 6 6 6 6 6 6 6 6 6 7 7 7 7 7 7 7 6 6 6 6 6 6 6 6 6 5 5 5 5 6 6 5 5 5 5 5 5 7 7 7 6 6 6 6 6 6 6 6 6 6 6 6 6 6 6 6 6
3 3 5 5 5 5 5 5 5 10 9 9 9 7 5 5 5 5 5 8 8 8 1 3 8 8 8 5 5 5 5 11 11 11 11 11 11 11 6 6 6 6 6 3 3 3 3 9 9 9 9 8 8 8 2 2 2 2 0 7 7 7 7 7 7 4 6 6 6 6 6 6 6 6 6 6 6 7 7 7 7 7 7 7 6 6 6 6 6 6 6 6 6 5 5 5 5 6 6 5 5 5 5 5 5 7 7 7 6 6 6 6 6 6 6 6 6 6 6 6 6 6 6 6 6
8 8 8 8 8 8 9 9 9 9 6 6 6 6 9 9 9 9 9 8 8 8 6 6 9 9 8 4 4 4 4 4 4 4 4 4 4 4 3 3 1 5 5 8 8 8 8 10 10 10 10 7 7 7 7 7 7 7 7 0 2 2 2 2 2 7 9 9 9 9 9 9 9 9 9 9 8 8 8 8 8 8 8 8 5 5 5 5 5 5 5 5 5 9 9 9 9 5 5 10 10 10 10 10 10 4 4 4 5 5 5 5 5 5 5 5 5 5 5 5 5 8 8 8 8
8 8 8 8 8 8 9 9 9 9 6 6 6 6 9 9 9 9 9 8 8 8 6 6 9 9 8 4 4 4 4 4 4 4 4 4 4 4 3 3 1 5 5 8 8 8 8 10 10 10 10 7 7 7 7 7 7 7 7 2 0 2 2 2 2 7 9 9 9 9 9 9 9 9 9 9 8 8 8 8 8 8 8 8 5 5 5 5 5 5 5 5 5 9 9 9 9 5 5 10 10 10 10 10 10 4 4 4 5 5 5 5 5 5 5 5 5 5 5 5 5 8 8 8 8
8 8 8 8 8 8 9 9 9 9 6 6 6 6 9 9 9 9 9 8 8 8 6 6 9 9 8 4 4 4 4 4 4 4 4 4 4 4 3 3 1 5 5 8 8 8 8 10 10 10 10 7 7 7 7 7 7 7 7 2 2 0 2 2 2 7 9 9 9 9 9 9 9 9 9 9 8 8 8 8 8 8 8 8 5 5 5 5 5 5 5 5 5 9 9 9 9 5 5 10 10 10 10 10 10 4 4 4 5 5 5 5 5 5 5 5 5 5 5 5 5 8 8 8 8
8 8 8 8 8 8 9 9 9 9 6 6 6 6 9 9 9 9 9 8 8 8 6 6 9 9 8 4 4 4 4 4 4 4 4 4 4 4 3 3 1 5 5 8 8 8 8 10 10 10 10 7 7 7 7 7 7 7 7 2 2 2 0 2 2 7 9 9 9 9 9 9 9 9 9 9 8 8 8 8 8 8 8 8 5 5 5 5 5 5 5 5 5 9 9 9 9 5 5 10 10 10 10 10 10 4 4 4 5 5 5 5 5 5 5 5 5 5 5 5 5 8 8 8 8
8 8 8 8 8 8 9 9 9 9 6 6 6 6 9 9 9 9 9 8 8 8 6 6 9 9 8 4 4 4 4 4 4 4 4 4 4 4 3 3 1 5 5 8 8 8 8 10 10 10 10 7 7 7 7 7 7 7 7 2 2 2 2 0 2 7 9 9 9 9 9 9 9 9 9 9 8 8 8 8 8 8 8 8 5 5 5 5 5 5 5 5 5 9 9 9 9 5 5 10 10 10 10 10 10 4 4 4 5 5 5 5 5 5 5 5 5 5 5 5 5 8 8 8 8
8 8 8 8 8 8 9 9 9 9 6 6 6 6 9 9 9 9 9 8 8 8 6 6 9 9 8 4 4 4 4 4 4 4 4 4 4 4 3 3 1 5 5 8 8 8 8 10 10 10 10 7 7 7 7 7 7 7 7 2 2 2 2 2 0 7 9 9 9 9 9 9 9 9 9 9 8 8 8 8 8 8 8 8 5 5 5 5 5 5 5 5 5 9 9 9 9 5 5 10 10 10 10 10 10 4 4 4 5 5 5 5 5 5 5 5 5 5 5 5 5 8 8 8 8
7 7 7 7 7 7 7 7 7 7 9 9 9 7 5 5 5 5 5 8 8 8 3 3 8 8 8 4 4 4 4 10 10 10 10 10 10 10 6 6 6 6 6 7 7 7 7 9 9 9 9 8 8 8 4 4 4 4 4 7 7 7 7 7 7 0 8 8 8 8 8 8 8 8 8 8 8 7 7 7 7 7 7 7 5 5 5 5 5 5 5 5 5 9 9 9 9 6 6 5 5 5 5 5 5 7 7 7 5 5 5 5 5 5 5 5 5 5 5 5 5 6 6 6 6
5 5 3 3 3 1 11 11 11 12 9 9 9 10 8 8 8 8 8 8 8 8 7 7 8 8 8 7 7 7 7 11 11 11 11 11 11 11 8 8 8 9 9 5 5 5 5 9 9 9 9 11 11 11 6 6 6 6 6 9 9 9 9 9 9 8 0 2 2 2 2 2 2 2 2 2 8 7 7 7 7 7 7 7 4 4 4 4 4 4 4 4 4 9 9 9 9 9 9 12 12 12 12 12 12 9 9 9 8 8 8 8 8 8 8 8 8 8 8 8 8 7 7 7 7
5 5 3 3 3 1 11 11 11 12 9 9 9 10 8 8 8 8 8 8 8 8 7 7 8 8 8 7 7 7 7 11 11 11 11 11 11 11 8 8 8 9 9 5 5 5 5 9 9 9 9 11 11 11 6 6 6 6 6 9 9 9 9 9 9 8 2 0 2 2 2 2 2 2 2 2 8 7 7 7 7 7 7 7 4 4 4 4 4 4 4 4 4 9 9 9 9 9 9 12 12 12 12 12 12 9 9 9 8 8 8 8 8 8 8 8 8 8 8 8 8 7 7 7 7
5 5 3 3 3 1 11 11 11 12 9 9 9 10 8 8 8 8 8 8 8 8 7 7 8 8 8 7 7 7 7 11 11 11 11 11 11 11 8 8 8 9 9 5 5 5 5 9 9 9 9 11 11 11 6 6 6 6 6 9 9 9 9 9 9 8 2 2 0 2 2 2 2 2 2 2 8 7 7 7 7 7 7 7 4 4 4 4 4 4 4 4 4 9 9 9 9 9 9 12 12 12 12 12 12 9 9 9 8 8 8 8 8 8 8 8 8 8 8 8 8 7 7 7 7
5 5 3 3 3 1 11 11 11 12 9 9 9 10 8 8 8 8 8 8 8 8 7 7 8 8 8 7 7 7 7 11 11 11 11 11 11 11 8 8 8 9 9 5 5 5 5 9 9 9 9 11 11 11 6 6 6 6 6 9 9 9 9 9 9 8 2 2 2 0 2 2 2 2 2 2 8 7 7 7 7 7 7 7 4 4 4 4 4 4 4 4 4 9 9 9 9 9 9 12 12 12 12 12 12 9 9 9 8 8 8 8 8 8 8 8 8 8 8 8 8 7 7 7 7
5 5 3 3 3 1 11 11 11 12 9 9 9 10 8 8 8 8 8 8 8 8 7 7 8 8 8 7 7 7 7 11 11 11 11 11 11 11 8 8 8 9 9 5 5 5 5 9 9 9 9 11 11 11 6 6 6 6 6 9 9 9 9 9 9 8 2 2 2 2 0 2 2 2 2 2 8 7 7 7 7 7 7 7 4 4 4 4 4 4 4 4 4 9 9 9 9 9 9 12 12 12 12 12 12 9 9 9 8 8 8 8 8 8 8 8 8 8 8 8 8 7 7 7 7
5 5 3 3 3 1 11 11 11 12 9 9 9 10 8 8 8 8 8 8 8 8 7 7 8 8 8 7 7 7 7 11 11 11 11 11 11 11 8 8 8 9 9 5 5 5 5 9 9 9 9 11 11 11 6 6 6 6 6 9 9 9 9 9 9 8 2 2 2 2 2 0 2 2 2 2 8 7 7 7 7 7 7 7 4 4 4 4 4 4 4 4 4 9 9 9 9 9 9 12 12 12 12 12 12 9 9 9 8 8 8 8 8 8 8 8 8 8 8 8 8 7 7 7 7
5 5 3 3 3 1 11 11 11 12 9 9 9 10 8 8 8 8 8 8 8 8 7 7 8 8 8 7 7 7 7 11 11 11 11 11 11 11 8 8 8 9 9 5 5 5 5 9 9 9 9 11 11 11 6 6 6 6 6 9 9 9 9 9 9 8 2 2 2 2 2 2 0 2 2 2 8 7 7 7 7 7 7 7 4 4 4 4 4 4 4 4 4 9 9 9 9 9 9 12 12 12 12 12 12 9 9 9 8 8 8 8 8 8 8 8 8 8 8 8 8 7 7 7 7
5 5 3 3 3 1 11 11 11 12 9 9 9 10 8 8 8 8 8 8 8 8 7 7 8 8 8 7 7 7 7 11 11 11 11 11 11 11 8 8 8 9 9 5 5 5 5 9 9 9 9 11 11 11 6 6 6 6 6 9 9 9 9 9 9 8 2 2 2 2 2 2 2 0 2 2 8 7 7 7 7 7 7 7 4 4 4 4 4 4 4 4 4 9 9 9 9 9 9 12 12 12 12 12 12 9 9 9 8 8 8 8 8 8 8 8 8 8 8 8 8 7 7 7 7
5 5 3 3 3 1 11 11 11 12 9 9 9 10 8 8 8 8 8 8 8 8 7 7 8 8 8 7 7 7 7 11 11 11 11 11 11 11 8 8 8 9 9 5 5 5 5 9 9 9 9 11 11 11 6 6 6 6 6 9 9 9 9 9 9 8 2 2 2 2 2 2 2 2 0 2 8 7 7 7 7 7 7 7 4 4 4 4 4 4 4 4 4 9 9 9 9 9 9 12 12 12 12 12 12 9 9 9 8 8 8 8 8 8 8 8 8 8 8 8 8 7 7 7 7
5 5 3 3 3 1 11 11 11 12 9 9 9 10 8 8 8 8 8 8 8 8 7 7 8 8 8 7 7 7 7 11 11 11 11 11 11 11 8 8 8 9 9 5 5 5 5 9 9 9 9 11 11 11 6 6 6 6 6 9 9 9 9 9 9 8 2 2 2 2 2 2 2 2 2 0 8 7 7 7 7 7 7 7 4 4 4 4 4 4 4 4 4 9 9 9 9 9 9 12 12 12 12 12 12 9 9 9 8 8 8 8 8 8 8 8 8 8 8 8 8 7 7 7 7
5 5 7 7 7 7 3 1 3 5 9 9 9 8 8 8 8 8 8 4 4 4 7 7 8 8 8 7 7 7 7 8 8 8 8 8 8 8 8 8 8 9 9 7 7 7 7 9 9 9 9 9 9 9 6 6 6 6 6 8 8 8 8 8 8 8 8 8 8 8 8 8 8 8 8 8 0 6 6 6 6 6 6 6 8 8 8 8 8 8 8 8 8 5 5 5 5 9 9 10 10 10 10 10 10 9 9 9 8 8 8 8 8 8 8 8 8 8 8 8 8 7 7 7 7
6 6 6 6 6 6 5 5 5 1 8 8 8 9 7 7 7 7 7 7 7 7 6 6 7 7 7 6 6 6 6 10 10 10 10 10 10 10 7 7 7 8 8 6 6 6 6 8 8 8 8 10 10 10 7 7 7 7 7 8 8 8 8 8 8 7 7 7 7 7 7 7 7 7 7 7 6 0 2 2 2 2 2 2 7 7 7 7 7 7 7 7 7 8 8 8 8 8 8 10 10 10 10 10 10 8 8 8 7 7 7 7 7 7 7 7 7 7 7 7 7 4 4 4 4
6 6 6 6 6 6 5 5 5 1 8 8 8 9 7 7 7 7 7 7 7 7 6 6 7 7 7 6 6 6 6 10 10 10 10 10 10 10 7 7 7 8 8 6 6 6 6 8 8 8 8 10 10 10 7 7 7 7 7 8 8 8 8 8 8 7 7 7 7 7 7 7 7 7 7 7 6 2 0 2 2 2 2 2 7 7 7 7 7 7 7 7 7 8 8 8 8 8 8 10 10 10 10 10 10 8 8 8 7 7 7 7 7 7 7 7 7 7 7 7 7 4 4 4 4
6 6 6 6 6 6 5 5 5 1 8 8 8 9 7 7 7 7 7 7 7 7 6 6 7 7 7 6 6 6 6 10 10 10 10 10 10 10 7 7 7 8 8 6 6 6 6 8 8 8 8 10 10 10 7 7 7 7 7 8 8 8 8 8 8 7 7 7 7 7 7 7 7 7 7 7 6 2 2 0 2 2 2 2 7 7 7 7 7 7 7 7 7 8 8 8 8 8 8 10 10 10 10 10 10 8 8 8 7 7 7 7 7 7 7 7 7 7 7 7 7 4 4 4 4
6 6 6 6 6 6 5 5 5 1 8 8 8 9 7 7 7 7 7 7 7 7 6 6 7 7 7 6 6 6 6 10 10 10 10 10 10 10 7 7 7 8 8 6 6 6 6 8 8 8 8 10 10 10 7 7 7 7 7 8 8 8 8 8 8 7 7 7 7 7 7 7 7 7 7 7 6 2 2 2 0 2 2 2 7 7 7 7 7 7 7 7 7 8 8 8 8 8 8 10 10 10 10 10 10 8 8 8 7 7 7 7 7 7 7 7 7 7 7 7 7 4 4 4 4
6 6 6 6 6 6 5 5 5 1 8 8 8 9 7 7 7 7 7 7 7 7 6 6 7 7 7 6 6 6 6 10 10 10 10 10 10 10 7 7 7 8 8 6 6 6 6 8 8 8 8 10 10 10 7 7 7 7 7 8 8 8 8 8 8 7 7 7 7 7 7 7 7 7 7 7 6 2 2 2 2 0 2 2 7 7 7 7 7 7 7 7 7 8 8 8 8 8 8 10 10 10 10 10 10 8 8 8 7 7 7 7 7 7 7 7 7 7 7 7 7 4 4 4 4
6 6 6 6 6 6 5 5 5 1 8 8 8 9 7 7 7 7 7 7 7 7 6 6 7 7 7 6 6 6 6 10 10 10 10 10 10 10 7 7 7 8 8 6 6 6 6 8 8 8 8 10 10 10 7 7 7 7 7 8 8 8 8 8 8 7 7 7 7 7 7 7 7 7 7 7 6 2 2 2 2 2 0 2 7 7 7 7 7 7 7 7 7 8 8 8 8 8 8 10 10 10 10 10 10 8 8 8 7 7 7 7 7 7 7 7 7 7 7 7 7 4 4 4 4
6 6 6 6 6 6 5 5 5 1 8 8 8 9 7 7 7 7 7 7 7 7 6 6 7 7 7 6 6 6 6 10 10 10 10 10 10 10 7 7 7 8 8 6 6 6 6 8 8 8 8 10 10 10 7 7 7 7 7 8 8 8 8 8 8 7 7 7 7 7 7 7 7 7 7 7 6 2 2 2 2 2 2 0 7 7 7 7 7 7 7 7 7 8 8 8 8 8 8 10 10 10 10 10 10 8 8 8 7 7 7 7 7 7 7 7 7 7 7 7 7 4 4 4 4
5 5 3 3 3 3 8 8 8 8 9 9 9 10 7 7 7 7 7 8 8 8 5 5 8 8 8 3 3 3 3 11 11 11 11 11 11 11 4 4 4 8 8 5 5 5 5 9 9 9 9 11 11 11 6 6 6 6 6 5 5 5 5 5 5 5 4 4 4 4 4 4 4 4 4 4 8 7 7 7 7 7 7 7 0 2 2 2 2 2 2 2 2 9 9 9 9 8 8 11 11 11 11 11 11 5 5 5 4 4 4 4 4 4 4 4 4 4 4 4 4 7 7 7 7
5 5 3 3 3 3 8 8 8 8 9 9 9 10 7 7 7 7 7 8 8 8 5 5 8 8 8 3 3 3 3 11 11 11 11 11 11 11 4 4 4 8 8 5 5 5 5 9 9 9 9 11 11 11 6 6 6 6 6 5 5 5 5 5 5 5 4 4 4 4 4 4 4 4 4 4 8 7 7 7 7 7 7 7 2 0 2 2 2 2 2 2 2 9 9 9 9 8 8 11 11 11 11 11 11 5 5 5 4 4 4 4 4 4 4 4 4 4 4 4 4 7 7 7 7
5 5 3 3 3 3 8 8 8 8 9 9 9 10 7 7 7 7 7 8 8 8 5 5 8 8 8 3 3 3 3 11 11 11 11 11 11 11 4 4 4 8 8 5 5 5 5 9 9 9 9 11 11 11 6 6 6 6 6 5 5 5 5 5 5 5 4 4 4 4 4 4 4 4 4 4 8 7 7 7 7 7 7 7 2 2 0 2 2 2 2 2 2 9 9 9 9 8 8 11 11 11 11 11 11 5 5 5 4 4 4 4 4 4 4 4 4 4 4 4 4 7 7 7 7
5 5 3 3 3 3 8 8 8 8 9 9 9 10 7 7 7 7 7 8 8 8 5 5 8 8 8 3 3 3 3 11 11 11 11 11 11 11 4 4 4 8 8 5 5 5 5 9 9 9 9 11 11 11 6 6 6 6 6 5 5 5 5 5 5 5 4 4 4 4 4 4 4 4 4 4 8 7 7 7 7 7 7 7 2 2 2 0 2 2 2 2 2 9 9 9 9 8 8 11 11 11 11 11 11 5 5 5 4 4 4 4 4 4 4 4 4 4 4 4 4 7 7 7 7
5 5 3 3 3 3 8 8 8 8 9 9 9 10 7 7 7 7 7 8 8 8 5 5 8 8 8 3 3 3 3 11 11 11 11 11 11 11 4 4 4 8 8 5 5 5 5 9 9 9 9 11 11 11 6 6 6 6 6 5 5 5 5 5 5 5 4 4 4 4 4 4 4 4 4 4 8 7 7 7 7 7 7 7 2 2 2 2 0 2 2 2 2 9 9 9 9 8 8 11 11 11 11 11 11 5 5 5 4 4 4 4 4 4 4 4 4 4 4 4 4 7 7 7 7
5 5 3 3 3 3 8 8 8 8 9 9 9 10 7 7 7 7 7 8 8 8 5 5 8 8 8 3 3 3 3 11 11 11 11 11 11 11 4 4 4 8 8 5 5 5 5 9 9 9 9 11 11 11 6 6 6 6 6 5 5 5 5 5 5 5 4 4 4 4 4 4 4 4 4 4 8 7 7 7 7 7 7 7 2 2 2 2 2 0 2 2 2 9 9 9 9 8 8 11 11 11 11 11 11 5 5 5 4 4 4 4 4 4 4 4 4 4 4 4 4 7 7 7 7
5 5 3 3 3 3 8 8 8 8 9 9 9 10 7 7 7 7 7 8 8 8 5 5 8 8 8 3 3 3 3 11 11 11 11 11 11 11 4 4 4 8 8 5 5 5 5 9 9 9 9 11 11 11 6 6 6 6 6 5 5 5 5 5 5 5 4 4 4 4 4 4 4 4 4 4 8 7 7 7 7 7 7 7 2 2 2 2 2 2 0 2 2 9 9 9 9 8 8 11 11 11 11 11 11 5 5 5 4 4 4 4 4 4 4 4 4 4 4 4 4 7 7 7 7
5 5 3 3 3 3 8 8 8 8 9 9 9 10 7 7 7 7 7 8 8 8 5 5 8 8 8 3 3 3 3 11 11 11 11 11 11 11 4 4 4 8 8 5 5 5 5 9 9 9 9 11 11 11 6 6 6 6 6 5 5 5 5 5 5 5 4 4 4 4 4 4 4 4 4 4 8 7 7 7 7 7 7 7 2 2 2 2 2 2 2 0 2 9 9 9 9 8 8 11 11 11 11 11 11 5 5 5 4 4 4 4 4 4 4 4 4 4 4 4 4 7 7 7 7
5 5 3 3 3 3 8 8 8 8 9 9 9 10 7 7 7 7 7 8 8 8 5 5 8 8 8 3 3 3 3 11 11 11 11 11 11 11 4 4 4 8 8 5 5 5 5 9 9 9 9 11 11 11 6 6 6 6 6 5 5 5 5 5 5 5 4 4 4 4 4 4 4 4 4 4 8 7 7 7 7 7 7 7 2 2 2 2 2 2 2 2 0 9 9 9 9 8 8 11 11 11 11 11 11 5 5 5 4 4 4 4 4 4 4 4 4 4 4 4 4 7 7 7 7
4 4 8 8 8 8 4 4 4 10 10 10 10 9 9 9 9 9 9 1 3 3 8 8 9 9 9 8 8 8 8 9 9 9 9 9 9 9 9 9 9 10 10 8 8 8 8 10 10 10 10 10 10 10 5 5 5 5 5 9 9 9 9 9 9 9 9 9 9 9 9 9 9 9 9 9 5 8 8 8 8 8 8 8 9 9 9 9 9 9 9 9 9 0 2 2 2 10 10 10 10 10 10 10 10 10 10 10 9 9 9 9 9 9 9 9 9 9 9 9 9 8 8 8 8
4 4 8 8 8 8 4 4 4 10 10 10 10 9 9 9 9 9 9 1 3 3 8 8 9 9 9 8 8 8 8 9 9 9 9 9 9 9 9 9 9 10 10 8 8 8 8 10 10 10 10 10 10 10 5 5 5 5 5 9 9 9 9 9 9 9 9 9 9 9 9 9 9 9 9 9 5 8 8 8 8 8 8 8 9 9 9 9 9 9 9 9 9 2 0 2 2 10 10 10 10 10 10 10 10 10 10 10 9 9 9 9 9 9 9 9 9 9 9 9 9 8 8 8 8
4 4 8 8 8 8 4 4 4 10 10 10 10 9 9 9 9 9 9 1 3 3 8 8 9 9 9 8 8 8 8 9 9 9 9 9 9 9 9 9 9 10 10 8 8 8 8 10 10 10 10 10 10 10 5 5 5 5 5 9 9 9 9 9 9 9 9 9 9 9 9 9 9 9 9 9 5 8 8 8 8 8 8 8 9 9 9 9 9 9 9 9 9 2 2 0 2 10 10 10 10 10 10 10 10 10 10 10 9 9 9 9 9 9 9 9 9 9 9 9 9 8 8 8 8
4 4 8 8 8 8 4 4 4 10 10 10 10 9 9 9 9 9 9 1 3 3 8 8 9 9 9 8 8 8 8 9 9 9 9 9 9 9 9 9 9 10 10 8 8 8 8 10 10 10 10 10 10 10 5 5 5 5 5 9 9 9 9 9 9 9 9 9 9 9 9 9 9 9 9 9 5 8 8 8 8 8 8 8 9 9 9 9 9 9 9 9 9 2 2 2 0 10 10 10 10 10 10 10 10 10 10 10 9 9 9 9 9 9 9 9 9 9 9 9 9 8 8 8 8
8 8 8 8 8 8 8 8 8 8 7 7 7 7 3 3 3 3 1 9 9 9 5 5 9 9 9 7 7 7 7 3 3 3 3 3 3 1 7 7 7 4 4 8 8 8 8 10 10 10 10 8 8 8 6 6 6 6 6 5 5 5 5 5 5 6 9 9 9 9 9 9 9 9 9 9 9 8 8 8 8 8 8 8 8 8 8 8 8 8 8 8 8 10 10 10 10 0 2 5 5 5 5 5 5 8 8 8 8 8 8 8 8 8 8 8 8 8 8 8 8 4 4 4 4
8 8 8 8 8 8 8 8 8 8 7 7 7 7 3 3 3 3 1 9 9 9 5 5 9 9 9 7 7 7 7 3 3 3 3 3 3 1 7 7 7 4 4 8 8 8 8 10 10 10 10 8 8 8 6 6 6 6 6 5 5 5 5 5 5 6 9 9 9 9 9 9 9 9 9 9 9 8 8 8 8 8 8 8 8 8 8 8 8 8 8 8 8 10 10 10 10 2 0 5 5 5 5 5 5 8 8 8 8 8 8 8 8 8 8 8 8 8 8 8 8 4 4 4 4
10 10 11 11 11 11 9 9 9 9 10 10 10 6 4 4 4 4 4 10 10 10 4 4 10 10 10 10 10 10 10 10 10 10 10 10 10 10 10 10 10 5 5 11 11 11 11 11 11 11 11 7 7 7 5 5 5 5 5 10 10 10 10 10 10 5 12 12 12 12 12 12 12 12 12 12 10 10 10 10 10 10 10 10 11 11 11 11 11 11 11 11 11 10 10 10 10 5 5 0 2 2 2 2 2 11 11 11 11 11 11 11 11 10 10 10 10 10 10 10 10 5 5 5 5
10 10 11 11 11 11 9 9 9 9 10 10 10 6 4 4 4 4 4 10 10 10 4 4 10 10 10 10 10 10 10 10 10 10 10 10 10 10 10 10 10 5 5 11 11 11 11 11 11 11 11 7 7 7 5 5 5 5 5 10 10 10 10 10 10 5 12 12 12 12 12 12 12 12 12 12 10 10 10 10 10 10 10 10 11 11 11 11 11 11 11 11 11 10 10 10 10 5 5 2 0 2 2 2 2 11 11 11 11 11 11 11 11 10 10 10 10 10 10 10 10 5 5 5 5
10 10 11 11 11 11 9 9 9 9 10 10 10 6 4 4 4 4 4 10 10 10 4 4 10 10 10 10 10 10 10 10 10 10 10 10 10 10 10 10 10 5 5 11 11 11 11 11 11 11 11 7 7 7 5 5 5 5 5 10 10 10 10 10 10 5 12 12 12 12 12 12 12 12 12 12 10 10 10 10 10 10 10 10 11 11 11 11 11 11 11 11 11 10 10 10 10 5 5 2 2 0 2 2 2 11 11 11 11 11 11 11 11 10 10 10 10 10 10 10 10 5 5 5 5
10 10 11 11 11 11 9 9 9 9 10 10 10 6 4 4 4 4 4 10 10 10 4 4 10 10 10 10 10 10 10 10 10 10 10 10 10 10 10 10 10 5 5 11 11 11 11 11 11 11 11 7 7 7 5 5 5 5 5 10 10 10 10 10 10 5 12 12 12 12 12 12 12 12 12 12 10 10 10 10 10 10 10 10 11 11 11 11 11 11 11 11 11 10 10 10 10 5 5 2 2 2 0 2 2 11 11 11 11 11 11 11 11 10 10 10 10 10 10 10 10 5 5 5 5
10 10 11 11 11 11 9 9 9 9 10 10 10 6 4 4 4 4 4 10 10 10 4 4 10 10 10 10 10 10 10 10 10 10 10 10 10 10 10 10 10 5 5 11 11 11 11 11 11 11 11 7 7 7 5 5 5 5 5 10 10 10 10 10 10 5 12 12 12 12 12 12 12 12 12 12 10 10 10 10 10 10 10 10 11 11 11 11 11 11 11 11 11 10 10 10 10 5 5 2 2 2 2 0 2 11 11 11 11 11 11 11 11 10 10 10 10 10 10 10 10 5 5 5 5
10 10 11 11 11 11 9 9 9 9 10 10 10 6 4 4 4 4 4 10 10 10 4 4 10 10 10 10 10 10 10 10 10 10 10 10 10 10 10 10 10 5 5 11 11 11 11 11 11 11 11 7 7 7 5 5 5 5 5 10 10 10 10 10 10 5 12 12 12 12 12 12 12 12 12 12 10 10 10 10 10 10 10 10 11 11 11 11 11 11 11 11 11 10 10 10 10 5 5 2 2 2 2 2 0 11 11 11 11 11 11 11 11 10 10 10 10 10 10 10 10 5 5 5 5
8 8 8 8 8 8 10 10 10 10 10 10 10 7 9 9 9 9 9 9 9 9 6 6 9 9 9 4 4 4 4 7 7 7 7 7 7 7 1 3 3 8 8 8 8 8 8 10 10 10 10 8 8 8 7 7 7 7 7 4 4 4 4 4 4 7 9 9 9 9 9 9 9 9 9 9 9 8 8 8 8 8 8 8 5 5 5 5 5 5 5 5 5 10 10 10 10 8 8 11 11 11 11 11 11 0 2 2 5 5 5 5 5 5 5 5 5 5 5 5 5 8 8 8 8
8 8 8 8 8 8 10 10 10 10 10 10 10 7 9 9 9 9 9 9 9 9 6 6 9 9 9 4 4 4 4 7 7 7 7 7 7 7 1 3 3 8 8 8 8 8 8 10 10 10 10 8 8 8 7 7 7 7 7 4 4 4 4 4 4 7 9 9 9 9 9 9 9 9 9 9 9 8 8 8 8 8 8 8 5 5 5 5 5 5 5 5 5 10 10 10 10 8 8 11 11 11 11 11 11 2 0 2 5 5 5 5 5 5 5 5 5 5 5 5 5 8 8 8 8
8 8 8 8 8 8 10 10 10 10 10 10 10 7 9 9 9 9 9 9 9 9 6 6 9 9 9 4 4 4 4 7 7 7 7 7 7 7 1 3 3 8 8 8 8 8 8 10 10 10 10 8 8 8 7 7 7 7 7 4 4 4 4 4 4 7 9 9 9 9 9 9 9 9 9 9 9 8 8 8 8 8 8 8 5 5 5 5 5 5 5 5 5 10 10 10 10 8 8 11 11 11 11 11 11 2 2 0 5 5 5 5 5 5 5 5 5 5 5 5 5 8 8 8 8
7 7 7 7 7 7 8 8 8 8 9 9 9 10 7 7 7 7 7 8 8 8 5 5 8 8 8 3 3 3 3 11 11 11 11 11 11 11 4 4 4 8 8 7 7 7 7 9 9 9 9 11 11 11 6 6 6 6 6 5 5 5 5 5 5 5 8 8 8 8 8 8 8 8 8 8 8 7 7 7 7 7 7 7 4 4 4 4 4 4 4 4 4 9 9 9 9 8 8 11 11 11 11 11 11 5 5 5 0 2 2 2 2 2 2 2 2 2 2 2 2 7 7 7 7
7 7 7 7 7 7 8 8 8 8 9 9 9 10 7 7 7 7 7 8 8 8 5 5 8 8 8 3 3 3 3 11 11 11 11 11 11 11 4 4 4 8 8 7 7 7 7 9 9 9 9 11 11 11 6 6 6 6 6 5 5 5 5 5 5 5 8 8 8 8 8 8 8 8 8 8 8 7 7 7 7 7 7 7 4 4 4 4 4 4 4 4 4 9 9 9 9 8 8 11 11 11 11 11 11 5 5 5 2 0 2 2 2 2 2 2 2 2 2 2 2 7 7 7 7
7 7 7 7 7 7 8 8 8 8 9 9 9 10 7 7 7 7 7 8 8 8 5 5 8 8 8 3 3 3 3 11 11 11 11 11 11 11 4 4 4 8 8 7 7 7 7 9 9 9 9 11 11 11 6 6 6 6 6 5 5 5 5 5 5 5 8 8 8 8 8 8 8 8 8 8 8 7 7 7 7 7 7 7 4 4 4 4 4 4 4 4 4 9 9 9 9 8 8 11 11 11 11 11 11 5 5 5 2 2 0 2 2 2 2 2 2 2 2 2 2 7 7 7 7
7 7 7 7 7 7 8 8 8 8 9 9 9 10 7 7 7 7 7 8 8 8 5 5 8 8 8 3 3 3 3 11 11 11 11 11 11 11 4 4 4 8 8 7 7 7 7 9 9 9 9 11 11 11 6 6 6 6 6 5 5 5 5 5 5 5 8 8 8 8 8 8 8 8 8 8 8 7 7 7 7 7 7 7 4 4 4 4 4 4 4 4 4 9 9 9 9 8 8 11 11 11 11 11 11 5 5 5 2 2 2 0 2 2 2 2 2 2 2 2 2 7 7 7 7
7 7 7 7 7 7 8 8 8 8 9 9 9 10 7 7 7 7 7 8 8 8 5 5 8 8 8 3 3 3 3 11 11 11 11 11 11 11 4 4 4 8 8 7 7 7 7 9 9 9 9 11 11 11 6 6 6 6 6 5 5 5 5 5 5 5 8 8 8 8 8 8 8 8 8 8 8 7 7 7 7 7 7 7 4 4 4 4 4 4 4 4 4 9 9 9 9 8 8 11 11 11 11 11 11 5 5 5 2 2 2 2 0 2 2 2 2 2 2 2 2 7 7 7 7
7 7 7 7 7 7 8 8 8 8 9 9 9 6 7 7 7 7 7 8 8 8 5 5 4 4 4 3 3 3 3 9 9 9 9 9 9 9 4 4 4 8 8 7 7 7 7 5 5 5 5 7 7 7 6 6 6 6 6 5 5 5 5 5 5 5 8 8 8 8 8 8 8 8 8 8 8 7 7 7 7 7 7 7 4 4 4 4 4 4 4 4 4 9 9 9 9 8 8 10 10 10 10 10 10 5 5 5 2 2 2 2 2 0 2 2 2 2 2 2 2 7 7 7 7
7 7 7 7 7 7 8 8 8 8 9 9 9 6 7 7 7 7 7 8 8 8 5 5 4 4 4 3 3 3 3 9 9 9 9 9 9 9 4 4 4 8 8 7 7 7 7 5 5 5 5 7 7 7 6 6 6 6 6 5 5 5 5 5 5 5 8 8 8 8 8 8 8 8 8 8 8 7 7 7 7 7 7 7 4 4 4 4 4 4 4 4 4 9 9 9 9 8 8 10 10 10 10 10 10 5 5 5 2 2 2 2 2 2 0 2 2 2 2 2 2 7 7 7 7
7 7 7 7 7 7 8 8 8 8 9 9 9 6 7 7 7 7 7 8 8 8 5 5 4 4 4 3 3 3 3 9 9 9 9 9 9 9 4 4 4 8 8 7 7 7 7 5 5 5 5 7 7 7 6 6 6 6 6 5 5 5 5 5 5 5 8 8 8 8 8 8 8 8 8 8 8 7 7 7 7 7 7 7 4 4 4 4 4 4 4 4 4 9 9 9 9 8 8 10 10 10 10 10 10 5 5 5 2 2 2 2 2 2 2 0 2 2 2 2 2 7 7 7 7
7 7 7 7 7 7 8 8 8 8 9 9 9 6 7 7 7 7 7 8 8 8 5 5 4 4 4 3 3 3 3 9 9 9 9 9 9 9 4 4 4 8 8 7 7 7 7 5 5 5 5 7 7 7 6 6 6 6 6 5 5 5 5 5 5 5 8 8 8 8 8 8 8 8 8 8 8 7 7 7 7 7 7 7 4 4 4 4 4 4 4 4 4 9 9 9 9 8 8 10 10 10 10 10 10 5 5 5 2 2 2 2 2 2 2 2 0 2 2 2 2 7 7 7 7
7 7 7 7 7 7 8 8 8 8 9 9 9 6 7 7 7 7 7 8 8 8 5 5 4 4 4 3 3 3 3 9 9 9 9 9 9 9 4 4 4 8 8 7 7 7 7 5 5 5 5 7 7 7 6 6 6 6 6 5 5 5 5 5 5 5 8 8 8 8 8 8 8 8 8 8 8 7 7 7 7 7 7 7 4 4 4 4 4 4 4 4 4 9 9 9 9 8 8 10 10 10 10 10 10 5 5 5 2 2 2 2 2 2 2 2 2 0 2 2 2 7 7 7 7
7 7 7 7 7 7 8 8 8 8 9 9 9 6 7 7 7 7 7 8 8 8 5 5 4 4 4 3 3 3 3 9 9 9 9 9 9 9 4 4 4 8 8 7 7 7 7 5 5 5 5 7 7 7 6 6 6 6 6 5 5 5 5 5 5 5 8 8 8 8 8 8 8 8 8 8 8 7 7 7 7 7 7 7 4 4 4 4 4 4 4 4 4 9 9 9 9 8 8 10 10 10 10 10 10 5 5 5 2 2 2 2 2 2 2 2 2 2 0 2 2 7 7 7 7
7 7 7 7 7 7 8 8 8 8 9 9 9 6 7 7 7 7 7 8 8 8 5 5 4 4 4 3 3 3 3 9 9 9 9 9 9 9 4 4 4 8 8 7 7 7 7 5 5 5 5 7 7 7 6 6 6 6 6 5 5 5 5 5 5 5 8 8 8 8 8 8 8 8 8 8 8 7 7 7 7 7 7 7 4 4 4 4 4 4 4 4 4 9 9 9 9 8 8 10 10 10 10 10 10 5 5 5 2 2 2 2 2 2 2 2 2 2 2 0 2 7 7 7 7
7 7 7 7 7 7 8 8 8 8 9 9 9 6 7 7 7 7 7 8 8 8 5 5 4 4 4 3 3 3 3 9 9 9 9 9 9 9 4 4 4 8 8 7 7 7 7 5 5 5 5 7 7 7 6 6 6 6 6 5 5 5 5 5 5 5 8 8 8 8 8 8 8 8 8 8 8 7 7 7 7 7 7 7 4 4 4 4 4 4 4 4 4 9 9 9 9 8 8 10 10 10 10 10 10 5 5 5 2 2 2 2 2 2 2 2 2 2 2 2 0 7 7 7 7
6 6 6 6 6 6 8 8 8 8 8 8 8 7 3 3 3 3 3 7 7 7 5 5 7 7 7 6 6 6 6 10 10 10 10 10 10 10 7 7 7 4 4 6 6 6 6 8 8 8 8 8 8 8 6 6 6 6 6 8 8 8 8 8 8 6 7 7 7 7 7 7 7 7 7 7 7 4 4 4 4 4 4 4 7 7 7 7 7 7 7 7 7 8 8 8 8 4 4 5 5 5 5 5 5 8 8 8 7 7 7 7 7 7 7 7 7 7 7 7 7 0 2 2 2
6 6 6 6 6 6 8 8 8 8 8 8 8 7 3 3 3 3 3 7 7 7 5 5 7 7 7 6 6 6 6 10 10 10 10 10 10 10 7 7 7 4 4 6 6 6 6 8 8 8 8 8 8 8 6 6 6 6 6 8 8 8 8 8 8 6 7 7 7 7 7 7 7 7 7 7 7 4 4 4 4 4 4 4 7 7 7 7 7 7 7 7 7 8 8 8 8 4 4 5 5 5 5 5 5 8 8 8 7 7 7 7 7 7 7 7 7 7 7 7 7 2 0 2 2
6 6 6 6 6 6 8 8 8 8 8 8 8 7 3 3 3 3 3 7 7 7 5 5 7 7 7 6 6 6 6 10 10 10 10 10 10 10 7 7 7 4 4 6 6 6 6 8 8 8 8 8 8 8 6 6 6 6 6 8 8 8 8 8 8 6 7 7 7 7 7 7 7 7 7 7 7 4 4 4 4 4 4 4 7 7 7 7 7 7 7 7 7 8 8 8 8 4 4 5 5 5 5 5 5 8 8 8 7 7 7 7 7 7 7 7 7 7 7 7 7 2 2 0 2
6 6 6 6 6 6 8 8 8 8 8 8 8 7 3 3 3 3 3 7 7 7 5 5 7 7 7 6 6 6 6 10 10 10 10 10 10 10 7 7 7 4 4 6 6 6 6 8 8 8 8 8 8 8 6 6 6 6 6 8 8 8 8 8 8 6 7 7 7 7 7 7 7 7 7 7 7 4 4 4 4 4 4 4 7 7 7 7 7 7 7 7 7 8 8 8 8 4 4 5 5 5 5 5 5 8 8 8 7 7 7 7 7 7 7 7 7 7 7 7 7 2 2 2 0
