0 9 9 8 8 10 10 6 4 4 4 6 6 6 6 8 8 8 8 4 4 4 9 9 9 9 10 5 4 9 9 5 5 5 5 10 10 6 5 5 5 5 5 9 9 9 9 9 9 9 6 6 6 6 10 10 9 5 6 6 6 9 9 9 9 9 9 9 9 5 5 5 5 5 5 5 5 5 5 5 5 5 6 6 6 6 6 6 4 4 4 4 4 4 4 7 7 7 7
9 0 2 5 5 10 10 4 7 7 7 6 6 6 6 6 6 4 4 7 7 7 4 4 7 7 10 4 4 7 7 6 6 6 6 1 1 7 4 4 4 4 4 7 7 7 7 7 7 7 6 6 6 6 3 3 2 8 5 5 5 6 6 4 4 4 4 4 4 5 5 5 5 5 5 5 4 4 8 8 8 8 6 6 6 6 6 6 7 7 7 7 7 7 7 5 5 5 5
9 2 0 5 5 10 10 4 7 7 7 6 6 6 6 6 6 4 4 7 7 7 4 4 7 7 10 4 4 7 7 6 6 6 6 3 3 7 4 4 4 4 4 7 7 7 7 7 7 7 6 6 6 6 1 1 2 8 5 5 5 6 6 4 4 4 4 4 4 5 5 5 5 5 5 5 4 4 8 8 8 8 6 6 6 6 6 6 7 7 7 7 7 7 7 5 5 5 5
8 5 5 0 2 2 2 5 7 7 7 5 5 5 5 6 6 5 5 7 7 7 5 5 4 4 4 7 5 5 5 1 1 1 1 3 3 6 5 5 5 5 5 4 4 4 4 4 4 4 5 5 5 5 6 6 5 8 6 6 6 5 5 5 5 5 5 5 5 6 6 6 6 6 6 6 5 5 8 8 8 8 5 5 5 5 5 5 7 7 7 7 7 7 7 4 3 3 3
8 5 5 2 0 2 2 5 7 7 7 5 5 5 5 6 6 5 5 7 7 7 5 5 4 4 4 7 5 5 5 3 3 3 3 3 3 6 5 5 5 5 5 4 4 4 4 4 4 4 5 5 5 5 6 6 5 8 6 6 6 5 5 5 5 5 5 5 5 6 6 6 6 6 6 6 5 5 8 8 8 8 5 5 5 5 5 5 7 7 7 7 7 7 7 4 3 3 3
10 10 10 2 2 0 2 10 10 10 10 10 10 10 10 9 9 7 7 10 10 10 10 10 4 4 4 9 7 5 5 3 3 3 3 3 3 9 7 7 7 7 7 4 4 4 4 4 4 4 10 10 10 10 11 11 5 11 8 8 8 9 9 10 10 10 10 10 10 8 8 8 8 8 8 8 7 10 11 11 11 11 10 10 10 10 10 10 10 10 10 10 10 10 10 4 1 1 1
10 10 10 2 2 2 0 10 10 10 10 10 10 10 10 9 9 7 7 10 10 10 10 10 4 4 4 9 7 5 5 3 3 3 3 3 3 9 7 7 7 7 7 4 4 4 4 4 4 4 10 10 10 10 11 11 5 11 8 8 8 9 9 10 10 10 10 10 10 8 8 8 8 8 8 8 7 10 11 11 11 11 10 10 10 10 10 10 10 10 10 10 10 10 10 4 3 3 3
6 4 4 5 5 10 10 0 6 6 6 4 4 4 4 6 6 6 6 6 6 6 5 5 7 7 10 4 6 7 7 6 6 6 6 5 5 6 6 6 6 6 6 7 7 7 7 7 7 7 2 2 2 2 5 5 4 7 5 5 5 6 6 6 6 6 6 6 6 7 7 7 7 7 7 7 6 6 7 7 7 7 4 4 4 4 4 4 6 6 6 6 6 6 6 3 1 1 1
4 7 7 7 7 10 10 6 0 2 2 6 6 6 6 5 5 7 7 4 4 4 6 6 6 6 10 5 4 7 7 5 5 5 5 8 8 6 5 5 5 5 5 6 6 6 6 6 6 6 6 6 6 6 8 8 7 3 6 6 6 6 6 8 8 8 8 8 8 5 5 5 5 5 5 5 1 3 5 5 5 5 6 6 6 6 6 6 4 4 4 4 4 4 4 7 7 7 7
4 7 7 7 7 10 10 6 2 0 2 6 6 6 6 5 5 7 7 4 4 4 6 6 6 6 10 5 4 7 7 5 5 5 5 8 8 6 5 5 5 5 5 6 6 6 6 6 6 6 6 6 6 6 8 8 7 3 6 6 6 6 6 8 8 8 8 8 8 5 5 5 5 5 5 5 3 3 5 5 5 5 6 6 6 6 6 6 4 4 4 4 4 4 4 7 7 7 7
4 7 7 7 7 10 10 6 2 2 0 6 6 6 6 5 5 7 7 4 4 4 6 6 6 6 10 5 4 7 7 5 5 5 5 8 8 6 5 5 5 5 5 6 6 6 6 6 6 6 6 6 6 6 8 8 7 3 6 6 6 6 6 8 8 8 8 8 8 5 5 5 5 5 5 5 3 1 5 5 5 5 6 6 6 6 6 6 4 4 4 4 4 4 4 7 7 7 7
6 6 6 5 5 10 10 4 6 6 6 0 2 2 2 6 6 6 6 6 6 6 5 5 7 7 10 5 6 7 7 6 6 6 6 7 7 6 6 6 6 6 6 7 7 7 7 7 7 7 4 4 4 4 7 7 6 7 6 6 6 6 6 6 6 6 6 6 6 7 7 7 7 7 7 7 6 6 7 7 7 7 4 4 4 4 4 4 6 6 6 6 6 6 6 5 5 5 5
6 6 6 5 5 10 10 4 6 6 6 2 0 2 2 6 6 6 6 6 6 6 5 5 7 7 10 5 6 7 7 6 6 6 6 7 7 6 6 6 6 6 6 7 7 7 7 7 7 7 4 4 4 4 7 7 6 7 6 6 6 6 6 6 6 6 6 6 6 7 7 7 7 7 7 7 6 6 7 7 7 7 4 4 4 4 4 4 6 6 6 6 6 6 6 5 5 5 5
6 6 6 5 5 10 10 4 6 6 6 2 2 0 2 6 6 6 6 6 6 6 5 5 7 7 10 5 6 7 7 6 6 6 6 7 7 6 6 6 6 6 6 7 7 7 7 7 7 7 4 4 4 4 7 7 6 7 6 6 6 6 6 6 6 6 6 6 6 7 7 7 7 7 7 7 6 6 7 7 7 7 4 4 4 4 4 4 6 6 6 6 6 6 6 5 5 5 5
6 6 6 5 5 10 10 4 6 6 6 2 2 2 0 6 6 6 6 6 6 6 5 5 7 7 10 5 6 7 7 6 6 6 6 7 7 6 6 6 6 6 6 7 7 7 7 7 7 7 4 4 4 4 7 7 6 7 6 6 6 6 6 6 6 6 6 6 6 7 7 7 7 7 7 7 6 6 7 7 7 7 4 4 4 4 4 4 6 6 6 6 6 6 6 5 5 5 5
8 6 6 6 6 9 9 6 5 5 5 6 6 6 6 0 2 6 6 5 5 5 5 5 5 5 9 6 5 6 6 6 6 6 6 7 7 6 6 6 6 6 6 3 3 3 3 3 3 3 7 7 7 7 7 7 6 6 6 6 6 5 5 7 7 7 7 7 7 6 6 6 6 6 6 6 6 6 6 6 6 6 7 7 7 7 7 7 5 5 5 5 5 5 5 7 7 7 7
8 6 6 6 6 9 9 6 5 5 5 6 6 6 6 2 0 6 6 5 5 5 5 5 5 5 9 6 5 6 6 6 6 6 6 7 7 6 6 6 6 6 6 3 3 3 3 3 3 3 7 7 7 7 7 7 6 6 6 6 6 5 5 7 7 7 7 7 7 6 6 6 6 6 6 6 6 6 6 6 6 6 7 7 7 7 7 7 5 5 5 5 5 5 5 7 7 7 7
8 4 4 5 5 7 7 6 7 7 7 6 6 6 6 6 6 0 2 7 7 7 4 4 5 5 7 7 4 7 7 6 6 6 6 5 5 4 4 4 4 4 4 7 7 7 7 7 7 7 6 6 6 6 5 5 7 8 5 5 5 6 6 4 4 4 4 4 4 3 3 3 3 3 3 3 4 4 8 8 8 8 6 6 6 6 6 6 7 7 7 7 7 7 7 7 7 7 7
8 4 4 5 5 7 7 6 7 7 7 6 6 6 6 6 6 2 0 7 7 7 4 4 5 5 7 7 4 7 7 6 6 6 6 5 5 4 4 4 4 4 4 7 7 7 7 7 7 7 6 6 6 6 5 5 7 8 5 5 5 6 6 4 4 4 4 4 4 1 1 1 1 1 1 1 4 4 8 8 8 8 6 6 6 6 6 6 7 7 7 7 7 7 7 7 7 7 7
4 7 7 7 7 10 10 6 4 4 4 6 6 6 6 5 5 7 7 0 2 2 6 6 6 6 10 5 2 7 7 3 3 3 3 8 8 6 1 1 1 1 1 6 6 6 6 6 6 6 6 6 6 6 8 8 7 5 6 6 6 6 6 8 8 8 8 8 8 3 3 3 3 3 3 3 5 5 3 3 3 3 6 6 6 6 6 6 2 2 2 2 2 2 2 7 7 7 7
4 7 7 7 7 10 10 6 4 4 4 6 6 6 6 5 5 7 7 2 0 2 6 6 6 6 10 5 2 7 7 1 1 1 1 8 8 6 3 3 3 3 3 6 6 6 6 6 6 6 6 6 6 6 8 8 7 5 6 6 6 6 6 8 8 8 8 8 8 3 3 3 3 3 3 3 5 5 3 3 3 3 6 6 6 6 6 6 2 2 2 2 2 2 2 7 7 7 7
4 7 7 7 7 10 10 6 4 4 4 6 6 6 6 5 5 7 7 2 2 0 6 6 6 6 10 5 2 7 7 3 3 3 3 8 8 6 3 3 3 3 3 6 6 6 6 6 6 6 6 6 6 6 8 8 7 5 6 6 6 6 6 8 8 8 8 8 8 3 3 3 3 3 3 3 5 5 3 3 3 3 6 6 6 6 6 6 2 2 2 2 2 2 2 7 7 7 7
9 4 4 5 5 10 10 5 6 6 6 5 5 5 5 5 5 4 4 6 6 6 0 2 6 6 10 5 4 7 7 6 6 6 6 5 5 7 4 4 4 4 4 6 6 6 6 6 6 6 6 6 6 6 5 5 5 7 5 5 5 6 6 2 2 2 2 2 2 5 5 5 5 5 5 5 4 2 7 7 7 7 6 6 6 6 6 6 6 6 6 6 6 6 6 6 6 6 6
9 4 4 5 5 10 10 5 6 6 6 5 5 5 5 5 5 4 4 6 6 6 2 0 6 6 10 5 4 7 7 6 6 6 6 5 5 7 4 4 4 4 4 6 6 6 6 6 6 6 6 6 6 6 5 5 5 7 5 5 5 6 6 2 2 2 2 2 2 5 5 5 5 5 5 5 4 2 7 7 7 7 6 6 6 6 6 6 6 6 6 6 6 6 6 6 6 6 6
9 7 7 4 4 4 4 7 6 6 6 7 7 7 7 5 5 5 5 6 6 6 6 6 0 2 4 7 6 5 5 5 5 5 5 5 5 5 7 7 7 7 7 4 4 4 4 4 4 4 8 8 8 8 8 8 5 7 5 5 5 6 6 8 8 8 8 8 8 6 6 6 6 6 6 6 7 7 7 7 7 7 8 8 8 8 8 8 6 6 6 6 6 6 6 4 5 5 5
9 7 7 4 4 4 4 7 6 6 6 7 7 7 7 5 5 5 5 6 6 6 6 6 2 0 4 7 6 5 5 5 5 5 5 5 5 5 7 7 7 7 7 4 4 4 4 4 4 4 8 8 8 8 8 8 5 7 5 5 5 6 6 8 8 8 8 8 8 6 6 6 6 6 6 6 7 7 7 7 7 7 8 8 8 8 8 8 6 6 6 6 6 6 6 4 5 5 5
10 10 10 4 4 4 4 10 10 10 10 10 10 10 10 9 9 7 7 10 10 10 10 10 4 4 0 9 7 5 5 5 5 5 5 5 5 9 7 7 7 7 7 4 4 4 4 4 4 4 10 10 10 10 11 11 5 11 8 8 8 9 9 10 10 10 10 10 10 8 8 8 8 8 8 8 7 10 11 11 11 11 10 10 10 10 10 10 10 10 10 10 10 10 10 4 5 5 5
5 4 4 7 7 9 9 4 5 5 5 5 5 5 5 6 6 7 7 5 5 5 5 5 7 7 9 0 5 8 8 6 6 6 6 5 5 5 6 6 6 6 6 7 7 7 7 7 7 7 5 5 5 5 5 5 4 6 1 1 1 7 7 8 8 8 8 8 8 6 6 6 6 6 6 6 6 6 6 6 6 6 5 5 5 5 5 5 5 5 5 5 5 5 5 5 5 5 5
4 4 4 5 5 7 7 6 4 4 4 6 6 6 6 5 5 4 4 2 2 2 4 4 6 6 7 5 0 7 7 3 3 3 3 5 5 6 3 3 3 3 3 6 6 6 6 6 6 6 6 6 6 6 5 5 7 5 5 5 5 6 6 4 4 4 4 4 4 3 3 3 3 3 3 3 4 4 3 3 3 3 6 6 6 6 6 6 2 2 2 2 2 2 2 7 7 7 7
9 7 7 5 5 5 5 7 7 7 7 7 7 7 7 6 6 7 7 7 7 7 7 7 5 5 5 8 7 0 2 6 6 6 6 6 6 8 7 7 7 7 7 5 5 5 5 5 5 5 7 7 7 7 8 8 2 8 8 8 8 7 7 7 7 7 7 7 7 8 8 8 8 8 8 8 7 7 8 8 8 8 7 7 7 7 7 7 7 7 7 7 7 7 7 3 6 6 6
9 7 7 5 5 5 5 7 7 7 7 7 7 7 7 6 6 7 7 7 7 7 7 7 5 5 5 8 7 2 0 6 6 6 6 6 6 8 7 7 7 7 7 5 5 5 5 5 5 5 7 7 7 7 8 8 2 8 8 8 8 7 7 7 7 7 7 7 7 8 8 8 8 8 8 8 7 7 8 8 8 8 7 7 7 7 7 7 7 7 7 7 7 7 7 3 6 6 6
5 6 6 1 3 3 3 6 5 5 5 6 6 6 6 6 6 6 6 3 1 3 6 6 5 5 5 6 3 6 6 0 2 2 2 4 4 7 4 4 4 4 4 5 5 5 5 5 5 5 6 6 6 6 7 7 6 6 7 7 7 6 6 6 6 6 6 6 6 4 4 4 4 4 4 4 6 6 4 4 4 4 6 6 6 6 6 6 3 3 3 3 3 3 3 5 4 4 4
5 6 6 1 3 3 3 6 5 5 5 6 6 6 6 6 6 6 6 3 1 3 6 6 5 5 5 6 3 6 6 2 0 2 2 4 4 7 4 4 4 4 4 5 5 5 5 5 5 5 6 6 6 6 7 7 6 6 7 7 7 6 6 6 6 6 6 6 6 4 4 4 4 4 4 4 6 6 4 4 4 4 6 6 6 6 6 6 3 3 3 3 3 3 3 5 4 4 4
5 6 6 1 3 3 3 6 5 5 5 6 6 6 6 6 6 6 6 3 1 3 6 6 5 5 5 6 3 6 6 2 2 0 2 4 4 7 4 4 4 4 4 5 5 5 5 5 5 5 6 6 6 6 7 7 6 6 7 7 7 6 6 6 6 6 6 6 6 4 4 4 4 4 4 4 6 6 4 4 4 4 6 6 6 6 6 6 3 3 3 3 3 3 3 5 4 4 4
5 6 6 1 3 3 3 6 5 5 5 6 6 6 6 6 6 6 6 3 1 3 6 6 5 5 5 6 3 6 6 2 2 2 0 4 4 7 4 4 4 4 4 5 5 5 5 5 5 5 6 6 6 6 7 7 6 6 7 7 7 6 6 6 6 6 6 6 6 4 4 4 4 4 4 4 6 6 4 4 4 4 6 6 6 6 6 6 3 3 3 3 3 3 3 5 4 4 4
10 1 3 3 3 3 3 5 8 8 8 7 7 7 7 7 7 5 5 8 8 8 5 5 5 5 5 5 5 6 6 4 4 4 4 0 2 8 5 5 5 5 5 5 5 5 5 5 5 5 7 7 7 7 4 4 3 9 6 6 6 7 7 5 5 5 5 5 5 6 6 6 6 6 6 6 5 5 9 9 9 9 7 7 7 7 7 7 8 8 8 8 8 8 8 5 4 4 4
10 1 3 3 3 3 3 5 8 8 8 7 7 7 7 7 7 5 5 8 8 8 5 5 5 5 5 5 5 6 6 4 4 4 4 2 0 8 5 5 5 5 5 5 5 5 5 5 5 5 7 7 7 7 4 4 3 9 6 6 6 7 7 5 5 5 5 5 5 6 6 6 6 6 6 6 5 5 9 9 9 9 7 7 7 7 7 7 8 8 8 8 8 8 8 5 4 4 4
6 7 7 6 6 9 9 6 6 6 6 6 6 6 6 6 6 4 4 6 6 6 7 7 5 5 9 5 6 8 8 7 7 7 7 8 8 0 7 7 7 7 7 7 7 7 7 7 7 7 6 6 6 6 8 8 8 7 6 6 6 7 7 7 7 7 7 7 7 5 5 5 5 5 5 5 7 7 7 7 7 7 6 6 6 6 6 6 6 6 6 6 6 6 6 7 7 7 7
5 4 4 5 5 7 7 6 5 5 5 6 6 6 6 6 6 4 4 1 3 3 4 4 7 7 7 6 3 7 7 4 4 4 4 5 5 7 0 2 2 2 2 7 7 7 7 7 7 7 6 6 6 6 5 5 7 6 5 5 5 6 6 4 4 4 4 4 4 4 4 4 4 4 4 4 4 4 4 4 4 4 6 6 6 6 6 6 3 3 3 3 3 3 3 7 7 7 7
5 4 4 5 5 7 7 6 5 5 5 6 6 6 6 6 6 4 4 1 3 3 4 4 7 7 7 6 3 7 7 4 4 4 4 5 5 7 2 0 2 2 2 7 7 7 7 7 7 7 6 6 6 6 5 5 7 6 5 5 5 6 6 4 4 4 4 4 4 4 4 4 4 4 4 4 4 4 4 4 4 4 6 6 6 6 6 6 3 3 3 3 3 3 3 7 7 7 7
5 4 4 5 5 7 7 6 5 5 5 6 6 6 6 6 6 4 4 1 3 3 4 4 7 7 7 6 3 7 7 4 4 4 4 5 5 7 2 2 0 2 2 7 7 7 7 7 7 7 6 6 6 6 5 5 7 6 5 5 5 6 6 4 4 4 4 4 4 4 4 4 4 4 4 4 4 4 4 4 4 4 6 6 6 6 6 6 3 3 3 3 3 3 3 7 7 7 7
5 4 4 5 5 7 7 6 5 5 5 6 6 6 6 6 6 4 4 1 3 3 4 4 7 7 7 6 3 7 7 4 4 4 4 5 5 7 2 2 2 0 2 7 7 7 7 7 7 7 6 6 6 6 5 5 7 6 5 5 5 6 6 4 4 4 4 4 4 4 4 4 4 4 4 4 4 4 4 4 4 4 6 6 6 6 6 6 3 3 3 3 3 3 3 7 7 7 7
5 4 4 5 5 7 7 6 5 5 5 6 6 6 6 6 6 4 4 1 3 3 4 4 7 7 7 6 3 7 7 4 4 4 4 5 5 7 2 2 2 2 0 7 7 7 7 7 7 7 6 6 6 6 5 5 7 6 5 5 5 6 6 4 4 4 4 4 4 4 4 4 4 4 4 4 4 4 4 4 4 4 6 6 6 6 6 6 3 3 3 3 3 3 3 7 7 7 7
9 7 7 4 4 4 4 7 6 6 6 7 7 7 7 3 3 7 7 6 6 6 6 6 4 4 4 7 6 5 5 5 5 5 5 5 5 7 7 7 7 7 7 0 2 2 2 2 2 2 8 8 8 8 8 8 5 7 7 7 7 6 6 8 8 8 8 8 8 7 7 7 7 7 7 7 7 7 7 7 7 7 8 8 8 8 8 8 6 6 6 6 6 6 6 4 5 5 5
9 7 7 4 4 4 4 7 6 6 6 7 7 7 7 3 3 7 7 6 6 6 6 6 4 4 4 7 6 5 5 5 5 5 5 5 5 7 7 7 7 7 7 2 0 2 2 2 2 2 8 8 8 8 8 8 5 7 7 7 7 6 6 8 8 8 8 8 8 7 7 7 7 7 7 7 7 7 7 7 7 7 8 8 8 8 8 8 6 6 6 6 6 6 6 4 5 5 5
9 7 7 4 4 4 4 7 6 6 6 7 7 7 7 3 3 7 7 6 6 6 6 6 4 4 4 7 6 5 5 5 5 5 5 5 5 7 7 7 7 7 7 2 2 0 2 2 2 2 8 8 8 8 8 8 5 7 7 7 7 6 6 8 8 8 8 8 8 7 7 7 7 7 7 7 7 7 7 7 7 7 8 8 8 8 8 8 6 6 6 6 6 6 6 4 5 5 5
9 7 7 4 4 4 4 7 6 6 6 7 7 7 7 3 3 7 7 6 6 6 6 6 4 4 4 7 6 5 5 5 5 5 5 5 5 7 7 7 7 7 7 2 2 2 0 2 2 2 8 8 8 8 8 8 5 7 7 7 7 6 6 8 8 8 8 8 8 7 7 7 7 7 7 7 7 7 7 7 7 7 8 8 8 8 8 8 6 6 6 6 6 6 6 4 5 5 5
9 7 7 4 4 4 4 7 6 6 6 7 7 7 7 3 3 7 7 6 6 6 6 6 4 4 4 7 6 5 5 5 5 5 5 5 5 7 7 7 7 7 7 2 2 2 2 0 2 2 8 8 8 8 8 8 5 7 7 7 7 6 6 8 8 8 8 8 8 7 7 7 7 7 7 7 7 7 7 7 7 7 8 8 8 8 8 8 6 6 6 6 6 6 6 4 5 5 5
9 7 7 4 4 4 4 7 6 6 6 7 7 7 7 3 3 7 7 6 6 6 6 6 4 4 4 7 6 5 5 5 5 5 5 5 5 7 7 7 7 7 7 2 2 2 2 2 0 2 8 8 8 8 8 8 5 7 7 7 7 6 6 8 8 8 8 8 8 7 7 7 7 7 7 7 7 7 7 7 7 7 8 8 8 8 8 8 6 6 6 6 6 6 6 4 5 5 5
9 7 7 4 4 4 4 7 6 6 6 7 7 7 7 3 3 7 7 6 6 6 6 6 4 4 4 7 6 5 5 5 5 5 5 5 5 7 7 7 7 7 7 2 2 2 2 2 2 0 8 8 8 8 8 8 5 7 7 7 7 6 6 8 8 8 8 8 8 7 7 7 7 7 7 7 7 7 7 7 7 7 8 8 8 8 8 8 6 6 6 6 6 6 6 4 5 5 5
6 6 6 5 5 10 10 2 6 6 6 4 4 4 4 7 7 6 6 6 6 6 6 6 8 8 10 5 6 7 7 6 6 6 6 7 7 6 6 6 6 6 6 8 8 8 8 8 8 8 0 2 2 2 7 7 7 7 6 6 6 6 6 6 6 6 6 6 6 7 7 7 7 7 7 7 6 6 7 7 7 7 4 4 4 4 4 4 6 6 6 6 6 6 6 3 3 3 3
6 6 6 5 5 10 10 2 6 6 6 4 4 4 4 7 7 6 6 6 6 6 6 6 8 8 10 5 6 7 7 6 6 6 6 7 7 6 6 6 6 6 6 8 8 8 8 8 8 8 2 0 2 2 7 7 7 7 6 6 6 6 6 6 6 6 6 6 6 7 7 7 7 7 7 7 6 6 7 7 7 7 4 4 4 4 4 4 6 6 6 6 6 6 6 3 3 3 3
6 6 6 5 5 10 10 2 6 6 6 4 4 4 4 7 7 6 6 6 6 6 6 6 8 8 10 5 6 7 7 6 6 6 6 7 7 6 6 6 6 6 6 8 8 8 8 8 8 8 2 2 0 2 7 7 7 7 6 6 6 6 6 6 6 6 6 6 6 7 7 7 7 7 7 7 6 6 7 7 7 7 4 4 4 4 4 4 6 6 6 6 6 6 6 3 3 3 3
6 6 6 5 5 10 10 2 6 6 6 4 4 4 4 7 7 6 6 6 6 6 6 6 8 8 10 5 6 7 7 6 6 6 6 7 7 6 6 6 6 6 6 8 8 8 8 8 8 8 2 2 2 0 7 7 7 7 6 6 6 6 6 6 6 6 6 6 6 7 7 7 7 7 7 7 6 6 7 7 7 7 4 4 4 4 4 4 6 6 6 6 6 6 6 3 3 3 3
10 3 1 6 6 11 11 5 8 8 8 7 7 7 7 7 7 5 5 8 8 8 5 5 8 8 11 5 5 8 8 7 7 7 7 4 4 8 5 5 5 5 5 8 8 8 8 8 8 8 7 7 7 7 0 2 3 9 6 6 6 7 7 5 5 5 5 5 5 6 6 6 6 6 6 6 5 5 9 9 9 9 7 7 7 7 7 7 8 8 8 8 8 8 8 6 6 6 6
10 3 1 6 6 11 11 5 8 8 8 7 7 7 7 7 7 5 5 8 8 8 5 5 8 8 11 5 5 8 8 7 7 7 7 4 4 8 5 5 5 5 5 8 8 8 8 8 8 8 7 7 7 7 2 0 3 9 6 6 6 7 7 5 5 5 5 5 5 6 6 6 6 6 6 6 5 5 9 9 9 9 7 7 7 7 7 7 8 8 8 8 8 8 8 6 6 6 6
9 2 2 5 5 5 5 4 7 7 7 6 6 6 6 6 6 7 7 7 7 7 5 5 5 5 5 4 7 2 2 6 6 6 6 3 3 8 7 7 7 7 7 5 5 5 5 5 5 5 7 7 7 7 3 3 0 8 5 5 5 7 7 7 7 7 7 7 7 8 8 8 8 8 8 8 7 7 8 8 8 8 7 7 7 7 7 7 7 7 7 7 7 7 7 3 5 5 5
5 8 8 8 8 11 11 7 3 3 3 7 7 7 7 6 6 8 8 5 5 5 7 7 7 7 11 6 5 8 8 6 6 6 6 9 9 7 6 6 6 6 6 7 7 7 7 7 7 7 7 7 7 7 9 9 8 0 7 7 7 7 7 9 9 9 9 9 9 6 6 6 6 6 6 6 4 4 6 6 6 6 7 7 7 7 7 7 5 5 5 5 5 5 5 8 8 8 8
6 5 5 6 6 8 8 5 6 6 6 6 6 6 6 6 6 5 5 6 6 6 5 5 5 5 8 1 5 8 8 7 7 7 7 6 6 6 5 5 5 5 5 7 7 7 7 7 7 7 6 6 6 6 6 6 5 7 0 2 2 7 7 5 5 5 5 5 5 6 6 6 6 6 6 6 5 5 7 7 7 7 6 6 6 6 6 6 6 6 6 6 6 6 6 6 6 6 6
6 5 5 6 6 8 8 5 6 6 6 6 6 6 6 6 6 5 5 6 6 6 5 5 5 5 8 1 5 8 8 7 7 7 7 6 6 6 5 5 5 5 5 7 7 7 7 7 7 7 6 6 6 6 6 6 5 7 2 0 2 7 7 5 5 5 5 5 5 6 6 6 6 6 6 6 5 5 7 7 7 7 6 6 6 6 6 6 6 6 6 6 6 6 6 6 6 6 6
6 5 5 6 6 8 8 5 6 6 6 6 6 6 6 6 6 5 5 6 6 6 5 5 5 5 8 1 5 8 8 7 7 7 7 6 6 6 5 5 5 5 5 7 7 7 7 7 7 7 6 6 6 6 6 6 5 7 2 2 0 7 7 5 5 5 5 5 5 6 6 6 6 6 6 6 5 5 7 7 7 7 6 6 6 6 6 6 6 6 6 6 6 6 6 6 6 6 6
9 6 6 5 5 9 9 6 6 6 6 6 6 6 6 5 5 6 6 6 6 6 6 6 6 6 9 7 6 7 7 6 6 6 6 7 7 7 6 6 6 6 6 6 6 6 6 6 6 6 6 6 6 6 7 7 7 7 7 7 7 0 2 6 6 6 6 6 6 7 7 7 7 7 7 7 6 6 7 7 7 7 6 6 6 6 6 6 6 6 6 6 6 6 6 7 7 7 7
9 6 6 5 5 9 9 6 6 6 6 6 6 6 6 5 5 6 6 6 6 6 6 6 6 6 9 7 6 7 7 6 6 6 6 7 7 7 6 6 6 6 6 6 6 6 6 6 6 6 6 6 6 6 7 7 7 7 7 7 7 2 0 6 6 6 6 6 6 7 7 7 7 7 7 7 6 6 7 7 7 7 6 6 6 6 6 6 6 6 6 6 6 6 6 7 7 7 7
9 4 4 5 5 10 10 6 8 8 8 6 6 6 6 7 7 4 4 8 8 8 2 2 8 8 10 8 4 7 7 6 6 6 6 5 5 7 4 4 4 4 4 8 8 8 8 8 8 8 6 6 6 6 5 5 7 9 5 5 5 6 6 0 2 2 2 2 2 5 5 5 5 5 5 5 4 2 9 9 9 9 6 6 6 6 6 6 8 8 8 8 8 8 8 7 7 7 7
9 4 4 5 5 10 10 6 8 8 8 6 6 6 6 7 7 4 4 8 8 8 2 2 8 8 10 8 4 7 7 6 6 6 6 5 5 7 4 4 4 4 4 8 8 8 8 8 8 8 6 6 6 6 5 5 7 9 5 5 5 6 6 2 0 2 2 2 2 5 5 5 5 5 5 5 4 2 9 9 9 9 6 6 6 6 6 6 8 8 8 8 8 8 8 7 7 7 7
9 4 4 5 5 10 10 6 8 8 8 6 6 6 6 7 7 4 4 8 8 8 2 2 8 8 10 8 4 7 7 6 6 6 6 5 5 7 4 4 4 4 4 8 8 8 8 8 8 8 6 6 6 6 5 5 7 9 5 5 5 6 6 2 2 0 2 2 2 5 5 5 5 5 5 5 4 2 9 9 9 9 6 6 6 6 6 6 8 8 8 8 8 8 8 7 7 7 7
9 4 4 5 5 10 10 6 8 8 8 6 6 6 6 7 7 4 4 8 8 8 2 2 8 8 10 8 4 7 7 6 6 6 6 5 5 7 4 4 4 4 4 8 8 8 8 8 8 8 6 6 6 6 5 5 7 9 5 5 5 6 6 2 2 2 0 2 2 5 5 5 5 5 5 5 4 2 9 9 9 9 6 6 6 6 6 6 8 8 8 8 8 8 8 7 7 7 7
9 4 4 5 5 10 10 6 8 8 8 6 6 6 6 7 7 4 4 8 8 8 2 2 8 8 10 8 4 7 7 6 6 6 6 5 5 7 4 4 4 4 4 8 8 8 8 8 8 8 6 6 6 6 5 5 7 9 5 5 5 6 6 2 2 2 2 0 2 5 5 5 5 5 5 5 4 2 9 9 9 9 6 6 6 6 6 6 8 8 8 8 8 8 8 7 7 7 7
9 4 4 5 5 10 10 6 8 8 8 6 6 6 6 7 7 4 4 8 8 8 2 2 8 8 10 8 4 7 7 6 6 6 6 5 5 7 4 4 4 4 4 8 8 8 8 8 8 8 6 6 6 6 5 5 7 9 5 5 5 6 6 2 2 2 2 2 0 5 5 5 5 5 5 5 4 2 9 9 9 9 6 6 6 6 6 6 8 8 8 8 8 8 8 7 7 7 7
5 5 5 6 6 8 8 7 5 5 5 7 7 7 7 6 6 3 1 3 3 3 5 5 6 6 8 6 3 8 8 4 4 4 4 6 6 5 4 4 4 4 4 7 7 7 7 7 7 7 7 7 7 7 6 6 8 6 6 6 6 7 7 5 5 5 5 5 5 0 2 2 2 2 2 2 5 5 2 2 2 2 7 7 7 7 7 7 3 3 3 3 3 3 3 8 8 8 8
5 5 5 6 6 8 8 7 5 5 5 7 7 7 7 6 6 3 1 3 3 3 5 5 6 6 8 6 3 8 8 4 4 4 4 6 6 5 4 4 4 4 4 7 7 7 7 7 7 7 7 7 7 7 6 6 8 6 6 6 6 7 7 5 5 5 5 5 5 2 0 2 2 2 2 2 5 5 2 2 2 2 7 7 7 7 7 7 3 3 3 3 3 3 3 8 8 8 8
5 5 5 6 6 8 8 7 5 5 5 7 7 7 7 6 6 3 1 3 3 3 5 5 6 6 8 6 3 8 8 4 4 4 4 6 6 5 4 4 4 4 4 7 7 7 7 7 7 7 7 7 7 7 6 6 8 6 6 6 6 7 7 5 5 5 5 5 5 2 2 0 2 2 2 2 5 5 2 2 2 2 7 7 7 7 7 7 3 3 3 3 3 3 3 8 8 8 8
5 5 5 6 6 8 8 7 5 5 5 7 7 7 7 6 6 3 1 3 3 3 5 5 6 6 8 6 3 8 8 4 4 4 4 6 6 5 4 4 4 4 4 7 7 7 7 7 7 7 7 7 7 7 6 6 8 6 6 6 6 7 7 5 5 5 5 5 5 2 2 2 0 2 2 2 5 5 2 2 2 2 7 7 7 7 7 7 3 3 3 3 3 3 3 8 8 8 8
5 5 5 6 6 8 8 7 5 5 5 7 7 7 7 6 6 3 1 3 3 3 5 5 6 6 8 6 3 8 8 4 4 4 4 6 6 5 4 4 4 4 4 7 7 7 7 7 7 7 7 7 7 7 6 6 8 6 6 6 6 7 7 5 5 5 5 5 5 2 2 2 2 0 2 2 5 5 2 2 2 2 7 7 7 7 7 7 3 3 3 3 3 3 3 8 8 8 8
5 5 5 6 6 8 8 7 5 5 5 7 7 7 7 6 6 3 1 3 3 3 5 5 6 6 8 6 3 8 8 4 4 4 4 6 6 5 4 4 4 4 4 7 7 7 7 7 7 7 7 7 7 7 6 6 8 6 6 6 6 7 7 5 5 5 5 5 5 2 2 2 2 2 0 2 5 5 2 2 2 2 7 7 7 7 7 7 3 3 3 3 3 3 3 8 8 8 8
5 5 5 6 6 8 8 7 5 5 5 7 7 7 7 6 6 3 1 3 3 3 5 5 6 6 8 6 3 8 8 4 4 4 4 6 6 5 4 4 4 4 4 7 7 7 7 7 7 7 7 7 7 7 6 6 8 6 6 6 6 7 7 5 5 5 5 5 5 2 2 2 2 2 2 0 5 5 2 2 2 2 7 7 7 7 7 7 3 3 3 3 3 3 3 8 8 8 8
5 4 4 5 5 7 7 6 1 3 3 6 6 6 6 6 6 4 4 5 5 5 4 4 7 7 7 6 4 7 7 6 6 6 6 5 5 7 4 4 4 4 4 7 7 7 7 7 7 7 6 6 6 6 5 5 7 4 5 5 5 6 6 4 4 4 4 4 4 5 5 5 5 5 5 5 0 4 6 6 6 6 6 6 6 6 6 6 5 5 5 5 5 5 5 7 7 7 7
5 4 4 5 5 10 10 6 3 3 1 6 6 6 6 6 6 4 4 5 5 5 2 2 7 7 10 6 4 7 7 6 6 6 6 5 5 7 4 4 4 4 4 7 7 7 7 7 7 7 6 6 6 6 5 5 7 4 5 5 5 6 6 2 2 2 2 2 2 5 5 5 5 5 5 5 4 0 6 6 6 6 6 6 6 6 6 6 5 5 5 5 5 5 5 7 7 7 7
5 8 8 8 8 11 11 7 5 5 5 7 7 7 7 6 6 8 8 3 3 3 7 7 7 7 11 6 3 8 8 4 4 4 4 9 9 7 4 4 4 4 4 7 7 7 7 7 7 7 7 7 7 7 9 9 8 6 7 7 7 7 7 9 9 9 9 9 9 2 2 2 2 2 2 2 6 6 0 2 2 2 7 7 7 7 7 7 3 3 3 3 3 3 3 8 8 8 8
5 8 8 8 8 11 11 7 5 5 5 7 7 7 7 6 6 8 8 3 3 3 7 7 7 7 11 6 3 8 8 4 4 4 4 9 9 7 4 4 4 4 4 7 7 7 7 7 7 7 7 7 7 7 9 9 8 6 7 7 7 7 7 9 9 9 9 9 9 2 2 2 2 2 2 2 6 6 2 0 2 2 7 7 7 7 7 7 3 3 3 3 3 3 3 8 8 8 8
5 8 8 8 8 11 11 7 5 5 5 7 7 7 7 6 6 8 8 3 3 3 7 7 7 7 11 6 3 8 8 4 4 4 4 9 9 7 4 4 4 4 4 7 7 7 7 7 7 7 7 7 7 7 9 9 8 6 7 7 7 7 7 9 9 9 9 9 9 2 2 2 2 2 2 2 6 6 2 2 0 2 7 7 7 7 7 7 3 3 3 3 3 3 3 8 8 8 8
5 8 8 8 8 11 11 7 5 5 5 7 7 7 7 6 6 8 8 3 3 3 7 7 7 7 11 6 3 8 8 4 4 4 4 9 9 7 4 4 4 4 4 7 7 7 7 7 7 7 7 7 7 7 9 9 8 6 7 7 7 7 7 9 9 9 9 9 9 2 2 2 2 2 2 2 6 6 2 2 2 0 7 7 7 7 7 7 3 3 3 3 3 3 3 8 8 8 8
6 6 6 5 5 10 10 4 6 6 6 4 4 4 4 7 7 6 6 6 6 6 6 6 8 8 10 5 6 7 7 6 6 6 6 7 7 6 6 6 6 6 6 8 8 8 8 8 8 8 4 4 4 4 7 7 7 7 6 6 6 6 6 6 6 6 6 6 6 7 7 7 7 7 7 7 6 6 7 7 7 7 0 2 2 2 2 2 6 6 6 6 6 6 6 5 5 5 5
6 6 6 5 5 10 10 4 6 6 6 4 4 4 4 7 7 6 6 6 6 6 6 6 8 8 10 5 6 7 7 6 6 6 6 7 7 6 6 6 6 6 6 8 8 8 8 8 8 8 4 4 4 4 7 7 7 7 6 6 6 6 6 6 6 6 6 6 6 7 7 7 7 7 7 7 6 6 7 7 7 7 2 0 2 2 2 2 6 6 6 6 6 6 6 5 5 5 5
6 6 6 5 5 10 10 4 6 6 6 4 4 4 4 7 7 6 6 6 6 6 6 6 8 8 10 5 6 7 7 6 6 6 6 7 7 6 6 6 6 6 6 8 8 8 8 8 8 8 4 4 4 4 7 7 7 7 6 6 6 6 6 6 6 6 6 6 6 7 7 7 7 7 7 7 6 6 7 7 7 7 2 2 0 2 2 2 6 6 6 6 6 6 6 5 5 5 5
6 6 6 5 5 10 10 4 6 6 6 4 4 4 4 7 7 6 6 6 6 6 6 6 8 8 10 5 6 7 7 6 6 6 6 7 7 6 6 6 6 6 6 8 8 8 8 8 8 8 4 4 4 4 7 7 7 7 6 6 6 6 6 6 6 6 6 6 6 7 7 7 7 7 7 7 6 6 7 7 7 7 2 2 2 0 2 2 6 6 6 6 6 6 6 5 5 5 5
6 6 6 5 5 10 10 4 6 6 6 4 4 4 4 7 7 6 6 6 6 6 6 6 8 8 10 5 6 7 7 6 6 6 6 7 7 6 6 6 6 6 6 8 8 8 8 8 8 8 4 4 4 4 7 7 7 7 6 6 6 6 6 6 6 6 6 6 6 7 7 7 7 7 7 7 6 6 7 7 7 7 2 2 2 2 0 2 6 6 6 6 6 6 6 5 5 5 5
6 6 6 5 5 10 10 4 6 6 6 4 4 4 4 7 7 6 6 6 6 6 6 6 8 8 10 5 6 7 7 6 6 6 6 7 7 6 6 6 6 6 6 8 8 8 8 8 8 8 4 4 4 4 7 7 7 7 6 6 6 6 6 6 6 6 6 6 6 7 7 7 7 7 7 7 6 6 7 7 7 7 2 2 2 2 2 0 6 6 6 6 6 6 6 5 5 5 5
4 7 7 7 7 10 10 6 4 4 4 6 6 6 6 5 5 7 7 2 2 2 6 6 6 6 10 5 2 7 7 3 3 3 3 8 8 6 3 3 3 3 3 6 6 6 6 6 6 6 6 6 6 6 8 8 7 5 6 6 6 6 6 8 8 8 8 8 8 3 3 3 3 3 3 3 5 5 3 3 3 3 6 6 6 6 6 6 0 2 2 2 2 2 2 7 7 7 7
4 7 7 7 7 10 10 6 4 4 4 6 6 6 6 5 5 7 7 2 2 2 6 6 6 6 10 5 2 7 7 3 3 3 3 8 8 6 3 3 3 3 3 6 6 6 6 6 6 6 6 6 6 6 8 8 7 5 6 6 6 6 6 8 8 8 8 8 8 3 3 3 3 3 3 3 5 5 3 3 3 3 6 6 6 6 6 6 2 0 2 2 2 2 2 7 7 7 7
4 7 7 7 7 10 10 6 4 4 4 6 6 6 6 5 5 7 7 2 2 2 6 6 6 6 10 5 2 7 7 3 3 3 3 8 8 6 3 3 3 3 3 6 6 6 6 6 6 6 6 6 6 6 8 8 7 5 6 6 6 6 6 8 8 8 8 8 8 3 3 3 3 3 3 3 5 5 3 3 3 3 6 6 6 6 6 6 2 2 0 2 2 2 2 7 7 7 7
4 7 7 7 7 10 10 6 4 4 4 6 6 6 6 5 5 7 7 2 2 2 6 6 6 6 10 5 2 7 7 3 3 3 3 8 8 6 3 3 3 3 3 6 6 6 6 6 6 6 6 6 6 6 8 8 7 5 6 6 6 6 6 8 8 8 8 8 8 3 3 3 3 3 3 3 5 5 3 3 3 3 6 6 6 6 6 6 2 2 2 0 2 2 2 7 7 7 7
4 7 7 7 7 10 10 6 4 4 4 6 6 6 6 5 5 7 7 2 2 2 6 6 6 6 10 5 2 7 7 3 3 3 3 8 8 6 3 3 3 3 3 6 6 6 6 6 6 6 6 6 6 6 8 8 7 5 6 6 6 6 6 8 8 8 8 8 8 3 3 3 3 3 3 3 5 5 3 3 3 3 6 6 6 6 6 6 2 2 2 2 0 2 2 7 7 7 7
4 7 7 7 7 10 10 6 4 4 4 6 6 6 6 5 5 7 7 2 2 2 6 6 6 6 10 5 2 7 7 3 3 3 3 8 8 6 3 3 3 3 3 6 6 6 6 6 6 6 6 6 6 6 8 8 7 5 6 6 6 6 6 8 8 8 8 8 8 3 3 3 3 3 3 3 5 5 3 3 3 3 6 6 6 6 6 6 2 2 2 2 2 0 2 7 7 7 7
4 7 7 7 7 10 10 6 4 4 4 6 6 6 6 5 5 7 7 2 2 2 6 6 6 6 10 5 2 7 7 3 3 3 3 8 8 6 3 3 3 3 3 6 6 6 6 6 6 6 6 6 6 6 8 8 7 5 6 6 6 6 6 8 8 8 8 8 8 3 3 3 3 3 3 3 5 5 3 3 3 3 6 6 6 6 6 6 2 2 2 2 2 2 0 7 7 7 7
7 5 5 4 4 4 4 3 7 7 7 5 5 5 5 7 7 7 7 7 7 7 6 6 4 4 4 5 7 3 3 5 5 5 5 5 5 7 7 7 7 7 7 4 4 4 4 4 4 4 3 3 3 3 6 6 3 8 6 6 6 7 7 7 7 7 7 7 7 8 8 8 8 8 8 8 7 7 8 8 8 8 5 5 5 5 5 5 7 7 7 7 7 7 7 0 4 4 4
7 5 5 3 3 1 3 1 7 7 7 5 5 5 5 7 7 7 7 7 7 7 6 6 5 5 5 5 7 6 6 4 4 4 4 4 4 7 7 7 7 7 7 5 5 5 5 5 5 5 3 3 3 3 6 6 5 8 6 6 6 7 7 7 7 7 7 7 7 8 8 8 8 8 8 8 7 7 8 8 8 8 5 5 5 5 5 5 7 7 7 7 7 7 7 4 0 2 2
7 5 5 3 3 1 3 1 7 7 7 5 5 5 5 7 7 7 7 7 7 7 6 6 5 5 5 5 7 6 6 4 4 4 4 4 4 7 7 7 7 7 7 5 5 5 5 5 5 5 3 3 3 3 6 6 5 8 6 6 6 7 7 7 7 7 7 7 7 8 8 8 8 8 8 8 7 7 8 8 8 8 5 5 5 5 5 5 7 7 7 7 7 7 7 4 2 0 2
7 5 5 3 3 1 3 1 7 7 7 5 5 5 5 7 7 7 7 7 7 7 6 6 5 5 5 5 7 6 6 4 4 4 4 4 4 7 7 7 7 7 7 5 5 5 5 5 5 5 3 3 3 3 6 6 5 8 6 6 6 7 7 7 7 7 7 7 7 8 8 8 8 8 8 8 7 7 8 8 8 8 5 5 5 5 5 5 7 7 7 7 7 7 7 4 2 2 0
