0 7 8 8 7 7 7 7 1 1 1 4 4 4 4 9 9 9 9 9 9 9 5 5
7 0 5 5 4 4 4 4 5 5 5 6 6 6 6 6 6 6 6 6 6 6 6 6
8 5 0 2 5 5 5 5 6 6 6 3 3 3 3 3 3 3 3 3 3 3 7 7
8 5 2 0 5 5 5 5 6 6 6 3 3 3 3 3 3 3 3 3 3 3 7 7
7 4 5 5 0 2 2 2 3 3 3 6 6 6 6 6 6 6 6 6 6 6 6 6
7 4 5 5 2 0 2 2 3 3 3 6 6 6 6 6 6 6 6 6 6 6 6 6
7 4 5 5 2 2 0 2 1 1 1 6 6 6 6 6 6 6 6 6 6 6 6 6
7 4 5 5 2 2 2 0 3 3 3 6 6 6 6 6 6 6 6 6 6 6 6 6
1 5 6 6 3 3 1 3 0 2 2 5 5 5 5 7 7 7 7 7 7 7 6 6
1 5 6 6 3 3 1 3 2 0 2 5 5 5 5 7 7 7 7 7 7 7 6 6
1 5 6 6 3 3 1 3 2 2 0 5 5 5 5 7 7 7 7 7 7 7 6 6
4 6 3 3 6 6 6 6 5 5 5 0 4 4 4 4 4 4 4 4 4 4 5 5
4 6 3 3 6 6 6 6 5 5 5 4 0 2 2 2 2 2 2 2 2 2 5 5
4 6 3 3 6 6 6 6 5 5 5 4 2 0 2 2 2 2 2 2 2 2 5 5
4 6 3 3 6 6 6 6 5 5 5 4 2 2 0 2 2 2 2 2 2 2 5 5
9 6 3 3 6 6 6 6 7 7 7 4 2 2 2 0 2 2 2 2 2 2 8 8
9 6 3 3 6 6 6 6 7 7 7 4 2 2 2 2 0 2 2 2 2 2 8 8
9 6 3 3 6 6 6 6 7 7 7 4 2 2 2 2 2 0 2 2 2 2 8 8
9 6 3 3 6 6 6 6 7 7 7 4 2 2 2 2 2 2 0 2 2 2 8 8
9 6 3 3 6 6 6 6 7 7 7 4 2 2 2 2 2 2 2 0 2 2 8 8
9 6 3 3 6 6 6 6 7 7 7 4 2 2 2 2 2 2 2 2 0 2 8 8
9 6 3 3 6 6 6 6 7 7 7 4 2 2 2 2 2 2 2 2 2 0 8 8
5 6 7 7 6 6 6 6 6 6 6 5 5 5 5 8 8 8 8 8 8 8 0 2
5 6 7 7 6 6 6 6 6 6 6 5 5 5 5 8 8 8 8 8 8 8 2 0
