0 4 2 2 2 5 3 3 3 3 3 3 3 3 4 4
4 0 4 4 4 5 4 4 4 4 4 4 4 4 4 4
2 4 0 2 2 5 3 3 3 3 3 3 3 3 4 4
2 4 2 0 2 5 3 3 3 3 3 3 3 3 4 4
2 4 2 2 0 5 3 3 3 3 3 3 3 3 4 4
5 5 5 5 5 0 5 5 5 5 5 5 5 5 2 2
3 4 3 3 3 5 0 2 2 2 2 2 2 2 4 4
3 4 3 3 3 5 2 0 2 2 2 2 2 2 4 4
3 4 3 3 3 5 2 2 0 2 2 2 2 2 4 4
3 4 3 3 3 5 2 2 2 0 2 2 2 2 4 4
3 4 3 3 3 5 2 2 2 2 0 2 2 2 4 4
3 4 3 3 3 5 2 2 2 2 2 0 2 2 4 4
3 4 3 3 3 5 2 2 2 2 2 2 0 2 4 4
3 4 3 3 3 5 2 2 2 2 2 2 2 0 4 4
4 4 4 4 4 2 4 4 4 4 4 4 4 4 0 2
4 4 4 4 4 2 4 4 4 4 4 4 4 4 2 0
