0 5 5 5 5 5 5 5 5 5 6 6 6 3 4 4 4 4 3 3 3 3 3 3 1
5 0 2 7 7 7 7 4 4 4 8 8 8 6 7 7 7 7 5 5 5 5 5 5 6
5 2 0 7 7 7 7 4 4 4 8 8 8 6 7 7 7 7 5 5 5 5 5 5 6
5 7 7 0 2 2 2 7 7 7 3 3 3 3 3 3 3 3 6 6 6 6 6 6 6
5 7 7 2 0 2 2 7 7 7 3 3 3 3 3 3 3 3 6 6 6 6 6 6 6
5 7 7 2 2 0 2 7 7 7 3 3 3 3 3 3 3 3 6 6 6 6 6 6 6
5 7 7 2 2 2 0 7 7 7 3 3 3 3 3 3 3 3 6 6 6 6 6 6 6
5 4 4 7 7 7 7 0 2 2 4 4 4 6 7 7 7 7 3 3 3 3 3 3 4
5 4 4 7 7 7 7 2 0 2 4 4 4 6 7 7 7 7 1 1 1 1 1 1 4
5 4 4 7 7 7 7 2 2 0 4 4 4 6 7 7 7 7 3 3 3 3 3 3 4
6 8 8 3 3 3 3 4 4 4 0 2 2 4 4 4 4 4 5 5 5 5 5 5 4
6 8 8 3 3 3 3 4 4 4 2 0 2 4 4 4 4 4 5 5 5 5 5 5 4
6 8 8 3 3 3 3 4 4 4 2 2 0 4 4 4 4 4 5 5 5 5 5 5 4
3 6 6 3 3 3 3 6 6 6 4 4 4 0 4 4 4 4 4 4 4 4 4 4 4
4 7 7 3 3 3 3 7 7 7 4 4 4 4 0 2 2 2 5 5 5 5 5 5 5
4 7 7 3 3 3 3 7 7 7 4 4 4 4 2 0 2 2 5 5 5 5 5 5 5
4 7 7 3 3 3 3 7 7 7 4 4 4 4 2 2 0 2 5 5 5 5 5 5 5
4 7 7 3 3 3 3 7 7 7 4 4 4 4 2 2 2 0 5 5 5 5 5 5 5
3 5 5 6 6 6 6 3 1 3 5 5 5 4 5 5 5 5 0 2 2 2 2 2 4
3 5 5 6 6 6 6 3 1 3 5 5 5 4 5 5 5 5 2 0 2 2 2 2 4
3 5 5 6 6 6 6 3 1 3 5 5 5 4 5 5 5 5 2 2 0 2 2 2 4
3 5 5 6 6 6 6 3 1 3 5 5 5 4 5 5 5 5 2 2 2 0 2 2 4
3 5 5 6 6 6 6 3 1 3 5 5 5 4 5 5 5 5 2 2 2 2 0 2 4
3 5 5 6 6 6 6 3 1 3 5 5 5 4 5 5 5 5 2 2 2 2 2 0 4
1 6 6 6 6 6 6 4 4 4 4 4 4 4 5 5 5 5 4 4 4 4 4 4 0
