0 2 9 6 9 4 9 9 9 9 10 10 10 10 10 10 10 10
2 0 9 6 9 4 9 9 9 9 10 10 10 10 10 10 10 10
9 9 0 9 5 9 6 6 6 6 7 7 7 7 7 7 7 7
6 6 9 0 10 8 9 9 9 9 10 10 10 10 10 10 10 10
9 9 5 10 0 9 7 7 7 7 8 8 8 8 8 8 8 8
4 4 9 8 9 0 8 8 8 8 9 9 9 9 9 9 9 9
9 9 6 9 7 8 0 2 4 4 1 1 1 1 1 1 1 1
9 9 6 9 7 8 2 0 4 4 3 3 3 3 3 3 3 3
9 9 6 9 7 8 4 4 0 2 1 1 1 1 1 1 1 1
9 9 6 9 7 8 4 4 2 0 3 3 3 3 3 3 3 3
10 10 7 10 8 9 1 3 1 3 0 2 2 2 2 2 2 2
10 10 7 10 8 9 1 3 1 3 2 0 2 2 2 2 2 2
10 10 7 10 8 9 1 3 1 3 2 2 0 2 2 2 2 2
10 10 7 10 8 9 1 3 1 3 2 2 2 0 2 2 2 2
10 10 7 10 8 9 1 3 1 3 2 2 2 2 0 2 2 2
10 10 7 10 8 9 1 3 1 3 2 2 2 2 2 0 2 2
10 10 7 10 8 9 1 3 1 3 2 2 2 2 2 2 0 2
10 10 7 10 8 9 1 3 1 3 2 2 2 2 2 2 2 0
