0 9 9 9 9 4 8 8 8 10 10 10 7 7 7 11 9 11 8 8 8 2 2 2 2 2 9 9 9 9 9 11 11 11 11 11 11 11 4 4 4 9 2 2 2 8 8 8 9 9 9 9 9 9 9 9 9 9 12 12 12
9 0 2 2 6 6 8 8 8 8 8 8 8 8 8 5 9 10 8 8 8 9 9 9 9 9 9 9 9 9 9 9 9 9 9 9 9 9 6 6 6 9 9 9 9 9 9 9 9 9 9 9 9 9 9 9 9 9 6 6 6
9 2 0 2 6 6 8 8 8 8 8 8 8 8 8 5 9 10 8 8 8 9 9 9 9 9 9 9 9 9 9 9 9 9 9 9 9 9 6 6 6 9 9 9 9 9 9 9 9 9 9 9 9 9 9 9 9 9 6 6 6
9 2 2 0 6 6 8 8 8 8 8 8 8 8 8 5 9 10 8 8 8 9 9 9 9 9 9 9 9 9 9 9 9 9 9 9 9 9 6 6 6 9 9 9 9 9 9 9 9 9 9 9 9 9 9 9 9 9 6 6 6
9 6 6 6 0 9 9 9 9 10 10 10 6 6 6 9 9 8 9 9 9 7 7 7 7 7 10 10 10 10 10 6 6 6 6 6 6 6 9 9 9 8 9 9 9 7 7 7 10 10 10 10 10 10 10 10 10 10 10 10 10
4 6 6 6 9 0 8 8 8 9 9 9 7 7 7 10 9 10 8 8 8 4 4 4 4 4 9 9 9 9 9 10 10 10 10 10 10 10 2 2 2 9 4 4 4 8 8 8 9 9 9 9 9 9 9 9 9 9 11 11 11
8 8 8 8 9 8 0 2 2 6 6 6 7 7 7 7 9 8 4 4 4 8 8 8 8 8 3 3 3 3 3 9 9 9 9 9 9 9 8 8 8 7 8 8 8 8 8 8 1 1 1 1 1 1 1 1 1 1 8 8 8
8 8 8 8 9 8 2 0 2 6 6 6 7 7 7 7 9 8 4 4 4 8 8 8 8 8 3 3 3 3 3 9 9 9 9 9 9 9 8 8 8 7 8 8 8 8 8 8 3 3 3 3 3 3 3 3 3 3 8 8 8
8 8 8 8 9 8 2 2 0 6 6 6 7 7 7 7 9 8 4 4 4 8 8 8 8 8 1 1 1 1 1 9 9 9 9 9 9 9 8 8 8 7 8 8 8 8 8 8 3 3 3 3 3 3 3 3 3 3 8 8 8
10 8 8 8 10 9 6 6 6 0 2 2 9 9 9 7 5 9 6 6 6 10 10 10 10 10 1 1 1 1 1 9 9 9 9 9 9 9 8 8 8 3 10 10 10 10 10 10 3 3 3 3 3 3 3 3 3 3 8 8 8
10 8 8 8 10 9 6 6 6 2 0 2 9 9 9 7 5 9 6 6 6 10 10 10 10 10 3 3 3 3 3 9 9 9 9 9 9 9 8 8 8 3 10 10 10 10 10 10 3 3 3 3 3 3 3 3 3 3 8 8 8
10 8 8 8 10 9 6 6 6 2 2 0 9 9 9 7 5 9 6 6 6 10 10 10 10 10 3 3 3 3 3 9 9 9 9 9 9 9 8 8 8 3 10 10 10 10 10 10 3 3 3 3 3 3 3 3 3 3 8 8 8
7 8 8 8 6 7 7 7 7 9 9 9 0 2 2 8 8 8 7 7 7 3 3 3 3 3 8 8 8 8 8 2 2 2 2 2 2 2 7 7 7 8 7 7 7 3 3 3 8 8 8 8 8 8 8 8 8 8 9 9 9
7 8 8 8 6 7 7 7 7 9 9 9 2 0 2 8 8 8 7 7 7 3 3 3 3 3 8 8 8 8 8 2 2 2 2 2 2 2 7 7 7 8 7 7 7 3 3 3 8 8 8 8 8 8 8 8 8 8 9 9 9
7 8 8 8 6 7 7 7 7 9 9 9 2 2 0 8 8 8 7 7 7 3 3 3 3 3 8 8 8 8 8 2 2 2 2 2 2 2 7 7 7 8 7 7 7 1 1 1 8 8 8 8 8 8 8 8 8 8 9 9 9
11 5 5 5 9 10 7 7 7 7 7 7 8 8 8 0 9 9 7 7 7 9 9 9 9 9 8 8 8 8 8 8 8 8 8 8 8 8 3 3 3 8 11 11 11 9 9 9 8 8 8 8 8 8 8 8 8 8 3 3 3
9 9 9 9 9 9 9 9 9 5 5 5 8 8 8 9 0 10 9 9 9 9 9 9 9 9 6 6 6 6 6 10 10 10 10 10 10 10 9 9 9 6 9 9 9 9 9 9 6 6 6 6 6 6 6 6 6 6 10 10 10
11 10 10 10 8 10 8 8 8 9 9 9 8 8 8 9 10 0 8 8 8 9 9 9 9 9 9 9 9 9 9 8 8 8 8 8 8 8 10 10 10 6 11 11 11 9 9 9 9 9 9 9 9 9 9 9 9 9 10 10 10
8 8 8 8 9 8 4 4 4 6 6 6 7 7 7 7 9 8 0 2 2 8 8 8 8 8 5 5 5 5 5 9 9 9 9 9 9 9 8 8 8 7 8 8 8 8 8 8 5 5 5 5 5 5 5 5 5 5 8 8 8
8 8 8 8 9 8 4 4 4 6 6 6 7 7 7 7 9 8 2 0 2 8 8 8 8 8 5 5 5 5 5 9 9 9 9 9 9 9 8 8 8 7 8 8 8 8 8 8 5 5 5 5 5 5 5 5 5 5 8 8 8
8 8 8 8 9 8 4 4 4 6 6 6 7 7 7 7 9 8 2 2 0 8 8 8 8 8 5 5 5 5 5 9 9 9 9 9 9 9 8 8 8 7 8 8 8 8 8 8 5 5 5 5 5 5 5 5 5 5 8 8 8
2 9 9 9 7 4 8 8 8 10 10 10 3 3 3 9 9 9 8 8 8 0 2 2 2 2 9 9 9 9 9 3 3 3 3 3 3 3 4 4 4 9 2 2 2 4 4 4 9 9 9 9 9 9 9 9 9 9 10 10 10
2 9 9 9 7 4 8 8 8 10 10 10 3 3 3 9 9 9 8 8 8 2 0 2 2 2 9 9 9 9 9 3 3 3 3 3 3 3 4 4 4 9 2 2 2 4 4 4 9 9 9 9 9 9 9 9 9 9 10 10 10
2 9 9 9 7 4 8 8 8 10 10 10 3 3 3 9 9 9 8 8 8 2 2 0 2 2 9 9 9 9 9 3 3 3 3 3 3 3 4 4 4 9 2 2 2 4 4 4 9 9 9 9 9 9 9 9 9 9 10 10 10
2 9 9 9 7 4 8 8 8 10 10 10 3 3 3 9 9 9 8 8 8 2 2 2 0 2 9 9 9 9 9 3 3 3 3 3 3 3 4 4 4 9 2 2 2 4 4 4 9 9 9 9 9 9 9 9 9 9 10 10 10
2 9 9 9 7 4 8 8 8 10 10 10 3 3 3 9 9 9 8 8 8 2 2 2 2 0 9 9 9 9 9 3 3 3 3 3 3 3 4 4 4 9 2 2 2 4 4 4 9 9 9 9 9 9 9 9 9 9 10 10 10
9 9 9 9 10 9 3 3 1 1 3 3 8 8 8 8 6 9 5 5 5 9 9 9 9 9 0 2 2 2 2 10 10 10 10 10 10 10 9 9 9 4 9 9 9 9 9 9 4 4 4 4 4 4 4 4 4 4 9 9 9
9 9 9 9 10 9 3 3 1 1 3 3 8 8 8 8 6 9 5 5 5 9 9 9 9 9 2 0 2 2 2 10 10 10 10 10 10 10 9 9 9 4 9 9 9 9 9 9 4 4 4 4 4 4 4 4 4 4 9 9 9
9 9 9 9 10 9 3 3 1 1 3 3 8 8 8 8 6 9 5 5 5 9 9 9 9 9 2 2 0 2 2 10 10 10 10 10 10 10 9 9 9 4 9 9 9 9 9 9 4 4 4 4 4 4 4 4 4 4 9 9 9
9 9 9 9 10 9 3 3 1 1 3 3 8 8 8 8 6 9 5 5 5 9 9 9 9 9 2 2 2 0 2 10 10 10 10 10 10 10 9 9 9 4 9 9 9 9 9 9 4 4 4 4 4 4 4 4 4 4 9 9 9
9 9 9 9 10 9 3 3 1 1 3 3 8 8 8 8 6 9 5 5 5 9 9 9 9 9 2 2 2 2 0 10 10 10 10 10 10 10 9 9 9 4 9 9 9 9 9 9 4 4 4 4 4 4 4 4 4 4 9 9 9
11 9 9 9 6 10 9 9 9 9 9 9 2 2 2 8 10 8 9 9 9 3 3 3 3 3 10 10 10 10 10 0 2 2 2 2 2 2 9 9 9 8 11 11 11 3 3 3 10 10 10 10 10 10 10 10 10 10 9 9 9
11 9 9 9 6 10 9 9 9 9 9 9 2 2 2 8 10 8 9 9 9 3 3 3 3 3 10 10 10 10 10 2 0 2 2 2 2 2 9 9 9 8 11 11 11 3 3 3 10 10 10 10 10 10 10 10 10 10 9 9 9
11 9 9 9 6 10 9 9 9 9 9 9 2 2 2 8 10 8 9 9 9 3 3 3 3 3 10 10 10 10 10 2 2 0 2 2 2 2 9 9 9 8 11 11 11 3 3 3 10 10 10 10 10 10 10 10 10 10 9 9 9
11 9 9 9 6 10 9 9 9 9 9 9 2 2 2 8 10 8 9 9 9 3 3 3 3 3 10 10 10 10 10 2 2 2 0 2 2 2 9 9 9 8 11 11 11 3 3 3 10 10 10 10 10 10 10 10 10 10 9 9 9
11 9 9 9 6 10 9 9 9 9 9 9 2 2 2 8 10 8 9 9 9 3 3 3 3 3 10 10 10 10 10 2 2 2 2 0 2 2 9 9 9 8 11 11 11 3 3 3 10 10 10 10 10 10 10 10 10 10 9 9 9
11 9 9 9 6 10 9 9 9 9 9 9 2 2 2 8 10 8 9 9 9 3 3 3 3 3 10 10 10 10 10 2 2 2 2 2 0 2 9 9 9 8 11 11 11 3 3 3 10 10 10 10 10 10 10 10 10 10 9 9 9
11 9 9 9 6 10 9 9 9 9 9 9 2 2 2 8 10 8 9 9 9 3 3 3 3 3 10 10 10 10 10 2 2 2 2 2 2 0 9 9 9 8 11 11 11 3 3 3 10 10 10 10 10 10 10 10 10 10 9 9 9
4 6 6 6 9 2 8 8 8 8 8 8 7 7 7 3 9 10 8 8 8 4 4 4 4 4 9 9 9 9 9 9 9 9 9 9 9 9 0 2 2 9 4 4 4 8 8 8 9 9 9 9 9 9 9 9 9 9 2 2 2
4 6 6 6 9 2 8 8 8 8 8 8 7 7 7 3 9 10 8 8 8 4 4 4 4 4 9 9 9 9 9 9 9 9 9 9 9 9 2 0 2 9 4 4 4 8 8 8 9 9 9 9 9 9 9 9 9 9 2 2 2
4 6 6 6 9 2 8 8 8 8 8 8 7 7 7 3 9 10 8 8 8 4 4 4 4 4 9 9 9 9 9 9 9 9 9 9 9 9 2 2 0 9 4 4 4 8 8 8 9 9 9 9 9 9 9 9 9 9 2 2 2
9 9 9 9 8 9 7 7 7 3 3 3 8 8 8 8 6 6 7 7 7 9 9 9 9 9 4 4 4 4 4 8 8 8 8 8 8 8 9 9 9 0 9 9 9 9 9 9 4 4 4 4 4 4 4 4 4 4 9 9 9
2 9 9 9 9 4 8 8 8 10 10 10 7 7 7 11 9 11 8 8 8 2 2 2 2 2 9 9 9 9 9 11 11 11 11 11 11 11 4 4 4 9 0 2 2 8 8 8 9 9 9 9 9 9 9 9 9 9 12 12 12
2 9 9 9 9 4 8 8 8 10 10 10 7 7 7 11 9 11 8 8 8 2 2 2 2 2 9 9 9 9 9 11 11 11 11 11 11 11 4 4 4 9 2 0 2 8 8 8 9 9 9 9 9 9 9 9 9 9 12 12 12
2 9 9 9 9 4 8 8 8 10 10 10 7 7 7 11 9 11 8 8 8 2 2 2 2 2 9 9 9 9 9 11 11 11 11 11 11 11 4 4 4 9 2 2 0 8 8 8 9 9 9 9 9 9 9 9 9 9 12 12 12
8 9 9 9 7 8 8 8 8 10 10 10 3 3 1 9 9 9 8 8 8 4 4 4 4 4 9 9 9 9 9 3 3 3 3 3 3 3 8 8 8 9 8 8 8 0 2 2 9 9 9 9 9 9 9 9 9 9 10 10 10
8 9 9 9 7 8 8 8 8 10 10 10 3 3 1 9 9 9 8 8 8 4 4 4 4 4 9 9 9 9 9 3 3 3 3 3 3 3 8 8 8 9 8 8 8 2 0 2 9 9 9 9 9 9 9 9 9 9 10 10 10
8 9 9 9 7 8 8 8 8 10 10 10 3 3 1 9 9 9 8 8 8 4 4 4 4 4 9 9 9 9 9 3 3 3 3 3 3 3 8 8 8 9 8 8 8 2 2 0 9 9 9 9 9 9 9 9 9 9 10 10 10
9 9 9 9 10 9 1 3 3 3 3 3 8 8 8 8 6 9 5 5 5 9 9 9 9 9 4 4 4 4 4 10 10 10 10 10 10 10 9 9 9 4 9 9 9 9 9 9 0 2 2 2 2 2 2 2 2 2 9 9 9
9 9 9 9 10 9 1 3 3 3 3 3 8 8 8 8 6 9 5 5 5 9 9 9 9 9 4 4 4 4 4 10 10 10 10 10 10 10 9 9 9 4 9 9 9 9 9 9 2 0 2 2 2 2 2 2 2 2 9 9 9
9 9 9 9 10 9 1 3 3 3 3 3 8 8 8 8 6 9 5 5 5 9 9 9 9 9 4 4 4 4 4 10 10 10 10 10 10 10 9 9 9 4 9 9 9 9 9 9 2 2 0 2 2 2 2 2 2 2 9 9 9
9 9 9 9 10 9 1 3 3 3 3 3 8 8 8 8 6 9 5 5 5 9 9 9 9 9 4 4 4 4 4 10 10 10 10 10 10 10 9 9 9 4 9 9 9 9 9 9 2 2 2 0 2 2 2 2 2 2 9 9 9
9 9 9 9 10 9 1 3 3 3 3 3 8 8 8 8 6 9 5 5 5 9 9 9 9 9 4 4 4 4 4 10 10 10 10 10 10 10 9 9 9 4 9 9 9 9 9 9 2 2 2 2 0 2 2 2 2 2 9 9 9
9 9 9 9 10 9 1 3 3 3 3 3 8 8 8 8 6 9 5 5 5 9 9 9 9 9 4 4 4 4 4 10 10 10 10 10 10 10 9 9 9 4 9 9 9 9 9 9 2 2 2 2 2 0 2 2 2 2 9 9 9
9 9 9 9 10 9 1 3 3 3 3 3 8 8 8 8 6 9 5 5 5 9 9 9 9 9 4 4 4 4 4 10 10 10 10 10 10 10 9 9 9 4 9 9 9 9 9 9 2 2 2 2 2 2 0 2 2 2 9 9 9
9 9 9 9 10 9 1 3 3 3 3 3 8 8 8 8 6 9 5 5 5 9 9 9 9 9 4 4 4 4 4 10 10 10 10 10 10 10 9 9 9 4 9 9 9 9 9 9 2 2 2 2 2 2 2 0 2 2 9 9 9
9 9 9 9 10 9 1 3 3 3 3 3 8 8 8 8 6 9 5 5 5 9 9 9 9 9 4 4 4 4 4 10 10 10 10 10 10 10 9 9 9 4 9 9 9 9 9 9 2 2 2 2 2 2 2 2 0 2 9 9 9
9 9 9 9 10 9 1 3 3 3 3 3 8 8 8 8 6 9 5 5 5 9 9 9 9 9 4 4 4 4 4 10 10 10 10 10 10 10 9 9 9 4 9 9 9 9 9 9 2 2 2 2 2 2 2 2 2 0 9 9 9
12 6 6 6 10 11 8 8 8 8 8 8 9 9 9 3 10 10 8 8 8 10 10 10 10 10 9 9 9 9 9 9 9 9 9 9 9 9 2 2 2 9 12 12 12 10 10 10 9 9 9 9 9 9 9 9 9 9 0 2 2
12 6 6 6 10 11 8 8 8 8 8 8 9 9 9 3 10 10 8 8 8 10 10 10 10 10 9 9 9 9 9 9 9 9 9 9 9 9 2 2 2 9 12 12 12 10 10 10 9 9 9 9 9 9 9 9 9 9 2 0 2
12 6 6 6 10 11 8 8 8 8 8 8 9 9 9 3 10 10 8 8 8 10 10 10 10 10 9 9 9 9 9 9 9 9 9 9 9 9 2 2 2 9 12 12 12 10 10 10 9 9 9 9 9 9 9 9 9 9 2 2 0
