0 2 2 4 4 4 6 4 4 5 5 5 5 5 4 4 4 4 5 5 5 5 5 5 5 5 5 5 5 5 5 5 5 5 5 5 5 5 5 9 6 6 6 6 6 6 6 6 5 5 5 4 4 4 4 4 4
2 0 2 4 4 4 6 4 4 5 5 5 5 5 4 4 4 4 5 5 5 5 5 5 5 5 5 5 5 5 5 5 5 5 5 5 5 5 5 9 6 6 6 6 6 6 6 6 5 5 5 4 4 4 4 4 4
2 2 0 4 4 4 6 4 4 5 5 5 5 5 4 4 4 4 5 5 5 5 5 5 5 5 5 5 5 5 5 5 5 5 5 5 5 5 5 9 6 6 6 6 6 6 6 6 5 5 5 4 4 4 4 4 4
4 4 4 0 5 5 5 4 4 4 4 4 4 5 4 4 4 4 5 5 5 5 5 5 5 5 5 5 5 5 5 5 5 5 5 5 5 5 5 4 6 6 6 6 6 6 6 6 1 1 1 4 4 4 4 4 4
4 4 4 5 0 2 8 3 3 5 5 5 5 4 4 4 4 4 4 6 6 5 5 5 5 5 5 5 5 5 5 4 4 4 4 4 4 4 4 7 5 5 5 5 5 5 5 5 5 5 5 5 5 5 5 5 5
4 4 4 5 2 0 8 3 3 5 5 5 5 4 4 4 4 4 4 6 6 5 5 5 5 5 5 5 5 5 5 4 4 4 4 4 4 4 4 7 5 5 5 5 5 5 5 5 5 5 5 5 5 5 5 5 5
6 6 6 5 8 8 0 8 8 5 5 5 5 8 5 5 5 5 8 8 8 6 6 6 6 6 6 6 6 6 6 8 8 8 8 8 8 8 8 5 8 8 8 8 8 8 8 8 6 6 6 6 6 6 6 6 6
4 4 4 4 3 3 8 0 2 5 5 5 5 3 4 4 4 4 3 5 5 5 5 5 5 5 5 5 5 5 5 3 3 3 3 3 3 3 3 9 6 6 6 6 6 6 6 6 3 3 3 4 4 4 4 4 4
4 4 4 4 3 3 8 2 0 5 5 5 5 3 4 4 4 4 3 5 5 5 5 5 5 5 5 5 5 5 5 3 3 3 3 3 3 3 3 9 6 6 6 6 6 6 6 6 3 3 3 4 4 4 4 4 4
5 5 5 4 5 5 5 5 5 0 2 2 2 6 4 4 4 4 5 7 7 5 5 5 5 4 4 4 4 4 4 7 7 7 7 7 7 7 7 4 8 8 8 8 8 8 8 8 5 5 5 5 5 5 5 5 5
5 5 5 4 5 5 5 5 5 2 0 2 2 6 4 4 4 4 5 7 7 5 5 5 5 4 4 4 4 4 4 7 7 7 7 7 7 7 7 4 8 8 8 8 8 8 8 8 5 5 5 5 5 5 5 5 5
5 5 5 4 5 5 5 5 5 2 2 0 2 6 4 4 4 4 5 7 7 5 5 5 5 4 4 4 4 4 4 7 7 7 7 7 7 7 7 4 8 8 8 8 8 8 8 8 5 5 5 5 5 5 5 5 5
5 5 5 4 5 5 5 5 5 2 2 2 0 6 4 4 4 4 5 7 7 5 5 5 5 4 4 4 4 4 4 7 7 7 7 7 7 7 7 4 8 8 8 8 8 8 8 8 5 5 5 5 5 5 5 5 5
5 5 5 5 4 4 8 3 3 6 6 6 6 0 5 5 5 5 4 6 6 6 6 6 6 6 6 6 6 6 6 4 4 4 4 4 4 4 4 6 5 5 5 5 5 5 5 5 4 4 4 5 5 5 5 5 5
4 4 4 4 4 4 5 4 4 4 4 4 4 5 0 2 2 2 7 6 6 3 3 3 3 3 3 3 3 3 3 7 7 7 7 7 7 7 7 2 8 8 8 8 8 8 8 8 5 5 5 1 1 1 1 1 1
4 4 4 4 4 4 5 4 4 4 4 4 4 5 2 0 2 2 7 6 6 3 3 3 3 3 3 3 3 3 3 7 7 7 7 7 7 7 7 2 8 8 8 8 8 8 8 8 5 5 5 3 3 3 3 3 3
4 4 4 4 4 4 5 4 4 4 4 4 4 5 2 2 0 2 7 6 6 3 3 3 3 3 3 3 3 3 3 7 7 7 7 7 7 7 7 2 8 8 8 8 8 8 8 8 5 5 5 3 3 3 3 3 3
4 4 4 4 4 4 5 4 4 4 4 4 4 5 2 2 2 0 7 6 6 3 3 3 3 1 1 1 1 1 1 7 7 7 7 7 7 7 7 2 8 8 8 8 8 8 8 8 5 5 5 3 3 3 3 3 3
5 5 5 5 4 4 8 3 3 5 5 5 5 4 7 7 7 7 0 6 6 8 8 8 8 5 5 5 5 5 5 4 4 4 4 4 4 4 4 7 5 5 5 5 5 5 5 5 6 6 6 5 5 5 5 5 5
5 5 5 5 6 6 8 5 5 7 7 7 7 6 6 6 6 6 6 0 2 7 7 7 7 7 7 7 7 7 7 6 6 6 6 6 6 6 6 10 7 7 7 7 7 7 7 7 6 6 6 3 3 3 3 3 3
5 5 5 5 6 6 8 5 5 7 7 7 7 6 6 6 6 6 6 2 0 7 7 7 7 7 7 7 7 7 7 6 6 6 6 6 6 6 6 10 7 7 7 7 7 7 7 7 6 6 6 3 3 3 3 3 3
5 5 5 5 5 5 6 5 5 5 5 5 5 6 3 3 3 3 8 7 7 0 2 2 2 4 4 4 4 4 4 8 8 8 8 8 8 8 8 3 9 9 9 9 9 9 9 9 6 6 6 4 4 4 4 4 4
5 5 5 5 5 5 6 5 5 5 5 5 5 6 3 3 3 3 8 7 7 2 0 2 2 4 4 4 4 4 4 8 8 8 8 8 8 8 8 3 9 9 9 9 9 9 9 9 6 6 6 4 4 4 4 4 4
5 5 5 5 5 5 6 5 5 5 5 5 5 6 3 3 3 3 8 7 7 2 2 0 2 4 4 4 4 4 4 8 8 8 8 8 8 8 8 3 9 9 9 9 9 9 9 9 6 6 6 4 4 4 4 4 4
5 5 5 5 5 5 6 5 5 5 5 5 5 6 3 3 3 3 8 7 7 2 2 2 0 4 4 4 4 4 4 8 8 8 8 8 8 8 8 3 9 9 9 9 9 9 9 9 6 6 6 4 4 4 4 4 4
5 5 5 5 5 5 6 5 5 4 4 4 4 6 3 3 3 1 5 7 7 4 4 4 4 0 2 2 2 2 2 6 6 6 6 6 6 6 6 3 7 7 7 7 7 7 7 7 6 6 6 4 4 4 4 4 4
5 5 5 5 5 5 6 5 5 4 4 4 4 6 3 3 3 1 5 7 7 4 4 4 4 2 0 2 2 2 2 6 6 6 6 6 6 6 6 3 7 7 7 7 7 7 7 7 6 6 6 4 4 4 4 4 4
5 5 5 5 5 5 6 5 5 4 4 4 4 6 3 3 3 1 5 7 7 4 4 4 4 2 2 0 2 2 2 6 6 6 6 6 6 6 6 3 7 7 7 7 7 7 7 7 6 6 6 4 4 4 4 4 4
5 5 5 5 5 5 6 5 5 4 4 4 4 6 3 3 3 1 5 7 7 4 4 4 4 2 2 2 0 2 2 6 6 6 6 6 6 6 6 3 7 7 7 7 7 7 7 7 6 6 6 4 4 4 4 4 4
5 5 5 5 5 5 6 5 5 4 4 4 4 6 3 3 3 1 5 7 7 4 4 4 4 2 2 2 2 0 2 6 6 6 6 6 6 6 6 3 7 7 7 7 7 7 7 7 6 6 6 4 4 4 4 4 4
5 5 5 5 5 5 6 5 5 4 4 4 4 6 3 3 3 1 5 7 7 4 4 4 4 2 2 2 2 2 0 6 6 6 6 6 6 6 6 3 7 7 7 7 7 7 7 7 6 6 6 4 4 4 4 4 4
5 5 5 5 4 4 8 3 3 7 7 7 7 4 7 7 7 7 4 6 6 8 8 8 8 6 6 6 6 6 6 0 2 2 2 2 2 2 2 7 5 5 5 5 5 5 5 5 6 6 6 5 5 5 5 5 5
5 5 5 5 4 4 8 3 3 7 7 7 7 4 7 7 7 7 4 6 6 8 8 8 8 6 6 6 6 6 6 2 0 2 2 2 2 2 2 7 5 5 5 5 5 5 5 5 6 6 6 5 5 5 5 5 5
5 5 5 5 4 4 8 3 3 7 7 7 7 4 7 7 7 7 4 6 6 8 8 8 8 6 6 6 6 6 6 2 2 0 2 2 2 2 2 7 5 5 5 5 5 5 5 5 6 6 6 5 5 5 5 5 5
5 5 5 5 4 4 8 3 3 7 7 7 7 4 7 7 7 7 4 6 6 8 8 8 8 6 6 6 6 6 6 2 2 2 0 2 2 2 2 7 5 5 5 5 5 5 5 5 6 6 6 5 5 5 5 5 5
5 5 5 5 4 4 8 3 3 7 7 7 7 4 7 7 7 7 4 6 6 8 8 8 8 6 6 6 6 6 6 2 2 2 2 0 2 2 2 7 5 5 5 5 5 5 5 5 6 6 6 5 5 5 5 5 5
5 5 5 5 4 4 8 3 3 7 7 7 7 4 7 7 7 7 4 6 6 8 8 8 8 6 6 6 6 6 6 2 2 2 2 2 0 2 2 7 5 5 5 5 5 5 5 5 6 6 6 5 5 5 5 5 5
5 5 5 5 4 4 8 3 3 7 7 7 7 4 7 7 7 7 4 6 6 8 8 8 8 6 6 6 6 6 6 2 2 2 2 2 2 0 2 7 5 5 5 5 5 5 5 5 6 6 6 5 5 5 5 5 5
5 5 5 5 4 4 8 3 3 7 7 7 7 4 7 7 7 7 4 6 6 8 8 8 8 6 6 6 6 6 6 2 2 2 2 2 2 2 0 7 5 5 5 5 5 5 5 5 6 6 6 5 5 5 5 5 5
9 9 9 4 7 7 5 9 9 4 4 4 4 6 2 2 2 2 7 10 10 3 3 3 3 3 3 3 3 3 3 7 7 7 7 7 7 7 7 0 8 8 8 8 8 8 8 8 5 5 5 3 3 3 3 3 3
6 6 6 6 5 5 8 6 6 8 8 8 8 5 8 8 8 8 5 7 7 9 9 9 9 7 7 7 7 7 7 5 5 5 5 5 5 5 5 8 0 2 2 2 2 2 2 2 7 7 7 6 6 6 6 6 6
6 6 6 6 5 5 8 6 6 8 8 8 8 5 8 8 8 8 5 7 7 9 9 9 9 7 7 7 7 7 7 5 5 5 5 5 5 5 5 8 2 0 2 2 2 2 2 2 7 7 7 6 6 6 6 6 6
6 6 6 6 5 5 8 6 6 8 8 8 8 5 8 8 8 8 5 7 7 9 9 9 9 7 7 7 7 7 7 5 5 5 5 5 5 5 5 8 2 2 0 2 2 2 2 2 7 7 7 6 6 6 6 6 6
6 6 6 6 5 5 8 6 6 8 8 8 8 5 8 8 8 8 5 7 7 9 9 9 9 7 7 7 7 7 7 5 5 5 5 5 5 5 5 8 2 2 2 0 2 2 2 2 7 7 7 6 6 6 6 6 6
6 6 6 6 5 5 8 6 6 8 8 8 8 5 8 8 8 8 5 7 7 9 9 9 9 7 7 7 7 7 7 5 5 5 5 5 5 5 5 8 2 2 2 2 0 2 2 2 7 7 7 6 6 6 6 6 6
6 6 6 6 5 5 8 6 6 8 8 8 8 5 8 8 8 8 5 7 7 9 9 9 9 7 7 7 7 7 7 5 5 5 5 5 5 5 5 8 2 2 2 2 2 0 2 2 7 7 7 6 6 6 6 6 6
6 6 6 6 5 5 8 6 6 8 8 8 8 5 8 8 8 8 5 7 7 9 9 9 9 7 7 7 7 7 7 5 5 5 5 5 5 5 5 8 2 2 2 2 2 2 0 2 7 7 7 6 6 6 6 6 6
6 6 6 6 5 5 8 6 6 8 8 8 8 5 8 8 8 8 5 7 7 9 9 9 9 7 7 7 7 7 7 5 5 5 5 5 5 5 5 8 2 2 2 2 2 2 2 0 7 7 7 6 6 6 6 6 6
5 5 5 1 5 5 6 3 3 5 5 5 5 4 5 5 5 5 6 6 6 6 6 6 6 6 6 6 6 6 6 6 6 6 6 6 6 6 6 5 7 7 7 7 7 7 7 7 0 2 2 5 5 5 5 5 5
5 5 5 1 5 5 6 3 3 5 5 5 5 4 5 5 5 5 6 6 6 6 6 6 6 6 6 6 6 6 6 6 6 6 6 6 6 6 6 5 7 7 7 7 7 7 7 7 2 0 2 5 5 5 5 5 5
5 5 5 1 5 5 6 3 3 5 5 5 5 4 5 5 5 5 6 6 6 6 6 6 6 6 6 6 6 6 6 6 6 6 6 6 6 6 6 5 7 7 7 7 7 7 7 7 2 2 0 5 5 5 5 5 5
4 4 4 4 5 5 6 4 4 5 5 5 5 5 1 3 3 3 5 3 3 4 4 4 4 4 4 4 4 4 4 5 5 5 5 5 5 5 5 3 6 6 6 6 6 6 6 6 5 5 5 0 2 2 2 2 2
4 4 4 4 5 5 6 4 4 5 5 5 5 5 1 3 3 3 5 3 3 4 4 4 4 4 4 4 4 4 4 5 5 5 5 5 5 5 5 3 6 6 6 6 6 6 6 6 5 5 5 2 0 2 2 2 2
4 4 4 4 5 5 6 4 4 5 5 5 5 5 1 3 3 3 5 3 3 4 4 4 4 4 4 4 4 4 4 5 5 5 5 5 5 5 5 3 6 6 6 6 6 6 6 6 5 5 5 2 2 0 2 2 2
4 4 4 4 5 5 6 4 4 5 5 5 5 5 1 3 3 3 5 3 3 4 4 4 4 4 4 4 4 4 4 5 5 5 5 5 5 5 5 3 6 6 6 6 6 6 6 6 5 5 5 2 2 2 0 2 2
4 4 4 4 5 5 6 4 4 5 5 5 5 5 1 3 3 3 5 3 3 4 4 4 4 4 4 4 4 4 4 5 5 5 5 5 5 5 5 3 6 6 6 6 6 6 6 6 5 5 5 2 2 2 2 0 2
4 4 4 4 5 5 6 4 4 5 5 5 5 5 1 3 3 3 5 3 3 4 4 4 4 4 4 4 4 4 4 5 5 5 5 5 5 5 5 3 6 6 6 6 6 6 6 6 5 5 5 2 2 2 2 2 0
