0 -1 -1 -1 7 -1 -1 -1 -1 -1 8 8 7 7 7 7 7 7 7 7 5 5 5 5
-1 0 2 2 5 3 3 2 2 5 3 3 3 3 3 4 4 4 4 4 3 3 3 3
-1 2 0 2 5 3 3 2 2 5 3 3 3 3 3 4 4 4 4 4 3 3 3 3
-1 2 2 0 5 3 3 2 2 5 3 3 1 1 1 4 4 4 4 4 3 3 3 3
7 5 5 5 0 6 6 5 5 2 3 3 2 2 2 7 7 7 7 7 6 6 6 6
-1 3 3 3 6 0 2 3 3 4 4 4 4 4 4 3 3 3 3 3 4 4 4 4
-1 3 3 3 6 2 0 3 3 4 4 4 4 4 4 1 1 1 1 1 4 4 4 4
-1 2 2 2 5 3 3 0 2 4 3 3 3 3 3 4 4 4 4 4 3 3 3 3
-1 2 2 2 5 3 3 2 0 4 3 3 3 3 3 4 4 4 4 4 3 3 3 3
-1 5 5 5 2 4 4 4 4 0 3 3 6 6 6 5 5 5 5 5 5 5 5 5
8 3 3 3 3 4 4 3 3 3 0 2 3 3 3 5 5 5 5 5 4 4 4 4
8 3 3 3 3 4 4 3 3 3 2 0 3 3 3 5 5 5 5 5 4 4 4 4
7 3 3 1 2 4 4 3 3 6 3 3 0 2 2 5 5 5 5 5 4 4 4 4
7 3 3 1 2 4 4 3 3 6 3 3 2 0 2 5 5 5 5 5 4 4 4 4
7 3 3 1 2 4 4 3 3 6 3 3 2 2 0 5 5 5 5 5 4 4 4 4
7 4 4 4 7 3 1 4 4 5 5 5 5 5 5 0 2 2 2 2 5 5 5 5
7 4 4 4 7 3 1 4 4 5 5 5 5 5 5 2 0 2 2 2 5 5 5 5
7 4 4 4 7 3 1 4 4 5 5 5 5 5 5 2 2 0 2 2 5 5 5 5
7 4 4 4 7 3 1 4 4 5 5 5 5 5 5 2 2 2 0 2 5 5 5 5
7 4 4 4 7 3 1 4 4 5 5 5 5 5 5 2 2 2 2 0 5 5 5 5
5 3 3 3 6 4 4 3 3 5 4 4 4 4 4 5 5 5 5 5 0 2 2 2
5 3 3 3 6 4 4 3 3 5 4 4 4 4 4 5 5 5 5 5 2 0 2 2
5 3 3 3 6 4 4 3 3 5 4 4 4 4 4 5 5 5 5 5 2 2 0 2
5 3 3 3 6 4 4 3 3 5 4 4 4 4 4 5 5 5 5 5 2 2 2 0
