0 9 9 9 6 10 10 10 10 4 4 4 6 7 7 7 8 8 8 8 8 10 10 7 7 9 9 9 9 7 7 7 10 10 9 9 9 9 9 6 6 10 10 10 10 8 8 8 8 8 8 10 10 5 10 8 8 8 8 9 9 9 7 7 7 7 7 9 9 9 9 6 6 6 6 6 5 5 10 10 10 10 10 10 10 10 10 10 7 7 7 7 10 10 11 11 11 11 10 10 10 10 11 11 11 11 5 5 5 7 7 7 7 5 5 5 5 8 8 8 8 8 8 10 10 10 10 10 10 11 11 11 11 11 11 9 9 9 10 10 10 10 10 10 10 10 10 10 6 6 6 6 6 6 6 6 7 7 7 7 7 7
9 0 2 2 7 9 9 9 9 7 7 7 7 6 6 6 8 8 8 8 10 2 2 7 7 9 9 9 9 9 9 9 9 9 4 4 4 4 4 8 8 9 9 8 8 5 5 5 5 5 5 9 9 8 4 6 6 6 6 9 9 9 7 7 7 7 7 6 6 6 6 7 7 7 7 7 8 8 9 9 9 3 3 3 3 3 3 3 8 8 8 8 9 9 10 10 10 10 4 4 4 4 9 9 9 9 7 7 7 8 8 8 8 7 7 7 7 7 7 7 7 7 7 9 9 9 9 9 9 10 10 10 10 10 10 9 9 9 10 10 10 10 10 10 10 10 10 10 9 9 9 9 9 9 9 9 9 9 9 9 9 9
9 2 0 2 7 9 9 9 9 7 7 7 7 6 6 6 8 8 8 8 10 2 2 7 7 9 9 9 9 9 9 9 9 9 4 4 4 4 4 8 8 9 9 8 8 5 5 5 5 5 5 9 9 8 4 6 6 6 6 9 9 9 7 7 7 7 7 6 6 6 6 7 7 7 7 7 8 8 9 9 9 3 3 3 3 3 3 3 8 8 8 8 9 9 10 10 10 10 4 4 4 4 9 9 9 9 7 7 7 8 8 8 8 7 7 7 7 7 7 7 7 7 7 9 9 9 9 9 9 10 10 10 10 10 10 9 9 9 10 10 10 10 10 10 10 10 10 10 9 9 9 9 9 9 9 9 9 9 9 9 9 9
9 2 2 0 7 9 9 9 9 7 7 7 7 6 6 6 8 8 8 8 10 2 2 7 7 9 9 9 9 9 9 9 9 9 4 4 4 4 4 8 8 9 9 8 8 5 5 5 5 5 5 9 9 8 4 6 6 6 6 9 9 9 7 7 7 7 7 6 6 6 6 7 7 7 7 7 8 8 9 9 9 3 3 3 3 3 3 3 8 8 8 8 9 9 10 10 10 10 4 4 4 4 9 9 9 9 7 7 7 8 8 8 8 7 7 7 7 7 7 7 7 7 7 9 9 9 9 9 9 10 10 10 10 10 10 9 9 9 10 10 10 10 10 10 10 10 10 10 9 9 9 9 9 9 9 9 9 9 9 9 9 9
6 7 7 7 0 10 10 10 10 6 6 6 6 7 7 7 4 4 4 4 9 7 7 5 5 3 3 3 3 7 7 7 10 10 5 5 5 5 5 6 6 10 10 9 9 6 6 6 6 6 6 10 10 7 8 6 6 6 6 5 5 5 7 7 7 7 7 9 9 9 9 6 6 6 6 6 7 7 9 9 9 8 8 8 8 8 8 8 7 7 7 7 10 10 11 11 11 11 7 7 7 7 10 10 10 10 7 7 7 3 3 3 3 5 5 5 5 6 6 6 6 6 6 10 10 10 10 10 10 11 11 11 11 11 11 5 5 5 4 4 4 4 4 4 4 4 4 4 6 6 6 6 6 6 6 6 4 4 4 4 4 4
10 9 9 9 10 0 2 2 2 10 10 10 10 9 9 9 10 10 10 10 12 11 11 10 10 10 10 10 10 10 10 10 4 4 9 9 9 9 9 11 11 10 10 11 11 10 10 10 10 10 10 10 10 11 5 11 11 11 11 11 11 11 10 10 10 10 10 3 3 3 3 10 10 10 10 10 10 10 5 5 5 10 10 10 10 10 10 10 11 11 11 11 4 4 11 11 11 11 11 11 11 11 12 12 12 12 11 11 11 11 11 11 11 11 11 11 11 10 10 10 10 10 10 2 2 2 2 2 2 3 3 3 3 3 3 11 11 11 3 3 3 3 3 3 3 3 3 3 1 1 1 1 1 1 1 1 10 10 10 10 10 10
10 9 9 9 10 2 0 2 2 10 10 10 10 9 9 9 10 10 10 10 12 11 11 10 10 10 10 10 10 10 10 10 4 4 9 9 9 9 9 11 11 10 10 11 11 10 10 10 10 10 10 10 10 11 5 11 11 11 11 11 11 11 10 10 10 10 10 3 3 3 3 10 10 10 10 10 10 10 5 5 5 10 10 10 10 10 10 10 11 11 11 11 4 4 11 11 11 11 11 11 11 11 12 12 12 12 11 11 11 11 11 11 11 11 11 11 11 10 10 10 10 10 10 2 2 2 2 2 2 3 3 3 3 3 3 11 11 11 3 3 3 3 3 3 3 3 3 3 3 3 3 3 3 3 3 3 10 10 10 10 10 10
10 9 9 9 10 2 2 0 2 10 10 10 10 9 9 9 10 10 10 10 12 11 11 10 10 10 10 10 10 10 10 10 4 4 9 9 9 9 9 11 11 10 10 11 11 10 10 10 10 10 10 10 10 11 5 11 11 11 11 11 11 11 10 10 10 10 10 3 3 3 3 10 10 10 10 10 10 10 5 5 5 10 10 10 10 10 10 10 11 11 11 11 4 4 11 11 11 11 11 11 11 11 12 12 12 12 11 11 11 11 11 11 11 11 11 11 11 10 10 10 10 10 10 2 2 2 2 2 2 3 3 3 3 3 3 11 11 11 3 3 3 3 3 3 3 3 3 3 3 3 3 3 3 3 3 3 10 10 10 10 10 10
10 9 9 9 10 2 2 2 0 10 10 10 10 9 9 9 10 10 10 10 12 11 11 10 10 10 10 10 10 10 10 10 4 4 9 9 9 9 9 11 11 10 10 11 11 10 10 10 10 10 10 10 10 11 5 11 11 11 11 11 11 11 10 10 10 10 10 3 3 3 3 10 10 10 10 10 10 10 5 5 5 10 10 10 10 10 10 10 11 11 11 11 4 4 11 11 11 11 11 11 11 11 12 12 12 12 11 11 11 11 11 11 11 11 11 11 11 10 10 10 10 10 10 2 2 2 2 2 2 3 3 3 3 3 3 11 11 11 1 1 1 1 1 1 1 1 1 1 3 3 3 3 3 3 3 3 10 10 10 10 10 10
4 7 7 7 6 10 10 10 10 0 2 2 4 5 5 5 8 8 8 8 8 7 7 6 6 9 9 9 9 7 7 7 10 10 7 7 7 7 7 4 4 10 10 10 10 6 6 6 6 6 6 10 10 3 7 8 8 8 8 9 9 9 5 5 5 5 5 9 9 9 9 4 4 4 4 4 3 3 10 10 10 8 8 8 8 8 8 8 5 5 5 5 10 10 11 11 11 11 7 7 7 7 11 11 11 11 5 5 5 7 7 7 7 5 5 5 5 6 6 6 6 6 6 10 10 10 10 10 10 11 11 11 11 11 11 9 9 9 10 10 10 10 10 10 10 10 10 10 6 6 6 6 6 6 6 6 7 7 7 7 7 7
4 7 7 7 6 10 10 10 10 2 0 2 4 5 5 5 8 8 8 8 8 7 7 6 6 9 9 9 9 7 7 7 10 10 7 7 7 7 7 4 4 10 10 10 10 6 6 6 6 6 6 10 10 3 7 8 8 8 8 9 9 9 5 5 5 5 5 9 9 9 9 4 4 4 4 4 3 3 10 10 10 8 8 8 8 8 8 8 5 5 5 5 10 10 11 11 11 11 7 7 7 7 11 11 11 11 5 5 5 7 7 7 7 5 5 5 5 6 6 6 6 6 6 10 10 10 10 10 10 11 11 11 11 11 11 9 9 9 10 10 10 10 10 10 10 10 10 10 6 6 6 6 6 6 6 6 7 7 7 7 7 7
4 7 7 7 6 10 10 10 10 2 2 0 4 5 5 5 8 8 8 8 8 7 7 6 6 9 9 9 9 7 7 7 10 10 7 7 7 7 7 4 4 10 10 10 10 6 6 6 6 6 6 10 10 3 7 8 8 8 8 9 9 9 5 5 5 5 5 9 9 9 9 4 4 4 4 4 1 1 10 10 10 8 8 8 8 8 8 8 5 5 5 5 10 10 11 11 11 11 7 7 7 7 11 11 11 11 5 5 5 7 7 7 7 5 5 5 5 6 6 6 6 6 6 10 10 10 10 10 10 11 11 11 11 11 11 9 9 9 10 10 10 10 10 10 10 10 10 10 6 6 6 6 6 6 6 6 7 7 7 7 7 7
6 7 7 7 6 10 10 10 10 4 4 4 0 5 5 5 8 8 8 8 9 7 7 4 4 4 4 4 4 7 7 7 10 10 7 7 7 7 7 4 4 10 10 4 4 6 6 6 6 6 6 10 10 5 7 8 8 8 8 9 9 9 5 5 5 5 5 9 9 9 9 4 4 4 4 4 5 5 10 10 10 2 2 2 2 2 2 2 3 3 3 3 10 10 11 11 11 11 7 7 7 7 5 5 5 5 9 9 9 7 7 7 7 9 9 9 9 5 5 5 5 5 5 10 10 10 10 10 10 11 11 11 11 11 11 9 9 9 5 5 5 5 5 5 5 5 5 5 6 6 6 6 6 6 6 6 5 5 5 5 5 5
7 6 6 6 7 9 9 9 9 5 5 5 5 0 2 2 7 7 7 7 10 6 6 5 5 8 8 8 8 9 9 9 9 9 6 6 6 6 6 9 9 9 9 10 10 3 3 3 3 3 3 9 9 6 6 8 8 8 8 8 8 8 5 5 5 5 5 8 8 8 8 5 5 5 5 5 6 6 10 10 10 7 7 7 7 7 7 7 6 6 6 6 9 9 10 10 10 10 6 6 6 6 11 11 11 11 8 8 8 8 8 8 8 8 8 8 8 3 3 3 3 3 3 9 9 9 9 9 9 10 10 10 10 10 10 8 8 8 9 9 9 9 9 9 9 9 9 9 9 9 9 9 9 9 9 9 9 9 9 9 9 9
7 6 6 6 7 9 9 9 9 5 5 5 5 2 0 2 7 7 7 7 10 6 6 5 5 8 8 8 8 9 9 9 9 9 6 6 6 6 6 9 9 9 9 10 10 3 3 3 3 3 3 9 9 6 6 8 8 8 8 8 8 8 5 5 5 5 5 8 8 8 8 5 5 5 5 5 6 6 10 10 10 7 7 7 7 7 7 7 6 6 6 6 9 9 10 10 10 10 6 6 6 6 11 11 11 11 8 8 8 8 8 8 8 8 8 8 8 3 3 3 3 3 3 9 9 9 9 9 9 10 10 10 10 10 10 8 8 8 9 9 9 9 9 9 9 9 9 9 9 9 9 9 9 9 9 9 9 9 9 9 9 9
7 6 6 6 7 9 9 9 9 5 5 5 5 2 2 0 7 7 7 7 10 6 6 5 5 8 8 8 8 9 9 9 9 9 6 6 6 6 6 9 9 9 9 10 10 1 1 1 1 1 1 9 9 6 6 8 8 8 8 8 8 8 5 5 5 5 5 8 8 8 8 5 5 5 5 5 6 6 10 10 10 7 7 7 7 7 7 7 6 6 6 6 9 9 10 10 10 10 6 6 6 6 11 11 11 11 8 8 8 8 8 8 8 8 8 8 8 3 3 3 3 3 3 9 9 9 9 9 9 10 10 10 10 10 10 8 8 8 9 9 9 9 9 9 9 9 9 9 9 9 9 9 9 9 9 9 9 9 9 9 9 9
8 8 8 8 4 10 10 10 10 8 8 8 8 7 7 7 0 2 2 2 11 8 8 8 8 5 5 5 5 10 10 10 10 10 8 8 8 8 8 10 10 10 10 10 10 8 8 8 8 8 8 10 10 9 8 6 6 6 6 3 3 3 8 8 8 8 8 11 11 11 11 8 8 8 8 8 9 9 9 9 9 9 9 9 9 9 9 9 9 9 9 9 10 10 11 11 11 11 8 8 8 8 11 11 11 11 7 7 7 5 5 5 5 3 3 3 3 8 8 8 8 8 8 10 10 10 10 10 10 11 11 11 11 11 11 3 3 3 6 6 6 6 6 6 6 6 6 6 10 10 10 10 10 10 10 10 6 6 6 6 6 6
8 8 8 8 4 10 10 10 10 8 8 8 8 7 7 7 2 0 2 2 11 8 8 8 8 5 5 5 5 10 10 10 10 10 8 8 8 8 8 10 10 10 10 10 10 8 8 8 8 8 8 10 10 9 8 6 6 6 6 3 3 3 8 8 8 8 8 11 11 11 11 8 8 8 8 8 9 9 9 9 9 9 9 9 9 9 9 9 9 9 9 9 10 10 11 11 11 11 8 8 8 8 11 11 11 11 7 7 7 5 5 5 5 3 3 3 3 8 8 8 8 8 8 10 10 10 10 10 10 11 11 11 11 11 11 3 3 3 6 6 6 6 6 6 6 6 6 6 10 10 10 10 10 10 10 10 6 6 6 6 6 6
8 8 8 8 4 10 10 10 10 8 8 8 8 7 7 7 2 2 0 2 11 8 8 8 8 5 5 5 5 10 10 10 10 10 8 8 8 8 8 10 10 10 10 10 10 8 8 8 8 8 8 10 10 9 8 6 6 6 6 3 3 3 8 8 8 8 8 11 11 11 11 8 8 8 8 8 9 9 9 9 9 9 9 9 9 9 9 9 9 9 9 9 10 10 11 11 11 11 8 8 8 8 11 11 11 11 7 7 7 5 5 5 5 3 3 3 3 8 8 8 8 8 8 10 10 10 10 10 10 11 11 11 11 11 11 1 1 1 6 6 6 6 6 6 6 6 6 6 10 10 10 10 10 10 10 10 6 6 6 6 6 6
8 8 8 8 4 10 10 10 10 8 8 8 8 7 7 7 2 2 2 0 11 8 8 8 8 5 5 5 5 10 10 10 10 10 8 8 8 8 8 10 10 10 10 10 10 8 8 8 8 8 8 10 10 9 8 6 6 6 6 3 3 3 8 8 8 8 8 11 11 11 11 8 8 8 8 8 9 9 9 9 9 9 9 9 9 9 9 9 9 9 9 9 10 10 11 11 11 11 8 8 8 8 11 11 11 11 7 7 7 5 5 5 5 3 3 3 3 8 8 8 8 8 8 10 10 10 10 10 10 11 11 11 11 11 11 3 3 3 6 6 6 6 6 6 6 6 6 6 10 10 10 10 10 10 10 10 6 6 6 6 6 6
8 10 10 10 9 12 12 12 12 8 8 8 9 10 10 10 11 11 11 11 0 10 10 10 10 12 12 12 12 10 10 10 12 12 10 10 10 10 10 9 9 16 16 11 11 11 11 11 11 11 11 16 16 9 10 11 11 11 11 12 12 12 10 10 10 10 10 10 10 10 10 9 9 9 9 9 9 9 11 11 11 11 11 11 11 11 11 11 10 10 10 10 12 12 17 17 17 17 10 10 10 10 12 12 12 12 9 9 9 10 10 10 10 9 9 9 9 11 11 11 11 11 11 12 12 12 12 12 12 13 13 13 13 13 13 12 12 12 13 13 13 13 13 13 13 13 13 13 9 9 9 9 9 9 9 9 10 10 10 10 10 10
10 2 2 2 7 11 11 11 11 7 7 7 7 6 6 6 8 8 8 8 10 0 2 7 7 9 9 9 9 11 11 11 11 11 4 4 4 4 4 8 8 15 15 8 8 5 5 5 5 5 5 15 15 8 4 8 8 8 8 9 9 9 7 7 7 7 7 8 8 8 8 7 7 7 7 7 8 8 9 9 9 3 3 3 3 3 3 3 8 8 8 8 11 11 16 16 16 16 4 4 4 4 9 9 9 9 7 7 7 8 8 8 8 7 7 7 7 7 7 7 7 7 7 11 11 11 11 11 11 12 12 12 12 12 12 9 9 9 10 10 10 10 10 10 10 10 10 10 10 10 10 10 10 10 10 10 10 10 10 10 10 10
10 2 2 2 7 11 11 11 11 7 7 7 7 6 6 6 8 8 8 8 10 2 0 7 7 9 9 9 9 11 11 11 11 11 4 4 4 4 4 8 8 15 15 8 8 5 5 5 5 5 5 15 15 8 4 8 8 8 8 9 9 9 7 7 7 7 7 8 8 8 8 7 7 7 7 7 8 8 9 9 9 3 3 3 3 3 3 3 8 8 8 8 11 11 16 16 16 16 4 4 4 4 9 9 9 9 7 7 7 8 8 8 8 7 7 7 7 7 7 7 7 7 7 11 11 11 11 11 11 12 12 12 12 12 12 9 9 9 10 10 10 10 10 10 10 10 10 10 10 10 10 10 10 10 10 10 10 10 10 10 10 10
7 7 7 7 5 10 10 10 10 6 6 6 4 5 5 5 8 8 8 8 10 7 7 0 2 4 4 4 4 8 8 8 10 10 7 7 7 7 7 7 7 10 10 4 4 6 6 6 6 6 6 10 10 7 7 9 9 9 9 9 9 9 6 6 6 6 6 9 9 9 9 6 6 6 6 6 7 7 9 9 9 4 4 4 4 4 4 4 5 5 5 5 10 10 11 11 11 11 7 7 7 7 5 5 5 5 7 7 7 6 6 6 6 7 7 7 7 1 1 1 1 1 1 10 10 10 10 10 10 11 11 11 11 11 11 9 9 9 5 5 5 5 5 5 5 5 5 5 7 7 7 7 7 7 7 7 5 5 5 5 5 5
7 7 7 7 5 10 10 10 10 6 6 6 4 5 5 5 8 8 8 8 10 7 7 2 0 4 4 4 4 8 8 8 10 10 7 7 7 7 7 7 7 10 10 4 4 6 6 6 6 6 6 10 10 7 7 9 9 9 9 9 9 9 6 6 6 6 6 9 9 9 9 6 6 6 6 6 7 7 9 9 9 4 4 4 4 4 4 4 5 5 5 5 10 10 11 11 11 11 7 7 7 7 5 5 5 5 7 7 7 6 6 6 6 7 7 7 7 3 3 3 3 3 3 10 10 10 10 10 10 11 11 11 11 11 11 9 9 9 5 5 5 5 5 5 5 5 5 5 7 7 7 7 7 7 7 7 5 5 5 5 5 5
9 9 9 9 3 10 10 10 10 9 9 9 4 8 8 8 5 5 5 5 12 9 9 4 4 0 2 2 2 10 10 10 10 10 9 9 9 9 9 10 10 2 2 4 4 9 9 9 9 9 9 4 4 3 5 7 7 7 7 6 6 6 6 6 6 6 6 11 11 11 11 9 9 9 9 9 4 4 7 7 7 4 4 4 4 4 4 4 5 5 5 5 3 3 3 3 3 3 9 9 9 9 5 5 5 5 8 8 8 4 4 4 4 6 6 6 6 5 5 5 5 5 5 10 10 10 10 10 10 11 11 11 11 11 11 6 6 6 3 3 3 3 3 3 3 3 3 3 11 11 11 11 11 11 11 11 3 3 3 3 3 3
9 9 9 9 3 10 10 10 10 9 9 9 4 8 8 8 5 5 5 5 12 9 9 4 4 2 0 2 2 10 10 10 10 10 9 9 9 9 9 10 10 2 2 4 4 9 9 9 9 9 9 4 4 3 5 7 7 7 7 6 6 6 6 6 6 6 6 11 11 11 11 9 9 9 9 9 4 4 7 7 7 4 4 4 4 4 4 4 5 5 5 5 3 3 3 3 3 3 9 9 9 9 5 5 5 5 8 8 8 4 4 4 4 6 6 6 6 5 5 5 5 5 5 10 10 10 10 10 10 11 11 11 11 11 11 6 6 6 1 1 1 1 1 1 1 1 1 1 11 11 11 11 11 11 11 11 3 3 3 3 3 3
9 9 9 9 3 10 10 10 10 9 9 9 4 8 8 8 5 5 5 5 12 9 9 4 4 2 2 0 2 10 10 10 10 10 9 9 9 9 9 10 10 2 2 4 4 9 9 9 9 9 9 4 4 3 5 7 7 7 7 6 6 6 6 6 6 6 6 11 11 11 11 9 9 9 9 9 4 4 7 7 7 4 4 4 4 4 4 4 5 5 5 5 3 3 3 3 3 3 9 9 9 9 5 5 5 5 8 8 8 4 4 4 4 6 6 6 6 5 5 5 5 5 5 10 10 10 10 10 10 11 11 11 11 11 11 6 6 6 3 3 3 3 3 3 3 3 3 3 11 11 11 11 11 11 11 11 3 3 3 3 3 3
9 9 9 9 3 10 10 10 10 9 9 9 4 8 8 8 5 5 5 5 12 9 9 4 4 2 2 2 0 10 10 10 10 10 9 9 9 9 9 10 10 2 2 4 4 9 9 9 9 9 9 4 4 3 5 7 7 7 7 6 6 6 6 6 6 6 6 11 11 11 11 9 9 9 9 9 4 4 7 7 7 4 4 4 4 4 4 4 5 5 5 5 3 3 3 3 3 3 9 9 9 9 5 5 5 5 8 8 8 4 4 4 4 6 6 6 6 5 5 5 5 5 5 10 10 10 10 10 10 11 11 11 11 11 11 6 6 6 3 3 3 3 3 3 3 3 3 3 11 11 11 11 11 11 11 11 1 1 1 1 1 1
7 9 9 9 7 10 10 10 10 7 7 7 7 9 9 9 10 10 10 10 10 11 11 8 8 10 10 10 10 0 2 2 10 10 7 7 7 7 7 7 7 10 10 11 11 8 8 8 8 8 8 10 10 8 11 5 5 5 5 11 11 11 8 8 8 8 8 10 10 10 10 7 7 7 7 7 8 8 11 11 11 10 10 10 10 10 10 10 8 8 8 8 10 10 11 11 11 11 11 11 11 11 12 12 12 12 11 11 11 8 8 8 8 11 11 11 11 9 9 9 9 9 9 10 10 10 10 10 10 11 11 11 11 11 11 11 11 11 11 11 11 11 11 11 11 11 11 11 7 7 7 7 7 7 7 7 2 2 2 2 2 2
7 9 9 9 7 10 10 10 10 7 7 7 7 9 9 9 10 10 10 10 10 11 11 8 8 10 10 10 10 2 0 2 10 10 7 7 7 7 7 7 7 10 10 11 11 8 8 8 8 8 8 10 10 8 11 5 5 5 5 11 11 11 8 8 8 8 8 10 10 10 10 7 7 7 7 7 8 8 11 11 11 10 10 10 10 10 10 10 8 8 8 8 10 10 11 11 11 11 11 11 11 11 12 12 12 12 11 11 11 8 8 8 8 11 11 11 11 9 9 9 9 9 9 10 10 10 10 10 10 11 11 11 11 11 11 11 11 11 11 11 11 11 11 11 11 11 11 11 7 7 7 7 7 7 7 7 2 2 2 2 2 2
7 9 9 9 7 10 10 10 10 7 7 7 7 9 9 9 10 10 10 10 10 11 11 8 8 10 10 10 10 2 2 0 10 10 7 7 7 7 7 7 7 10 10 11 11 8 8 8 8 8 8 10 10 8 11 5 5 5 5 11 11 11 8 8 8 8 8 10 10 10 10 7 7 7 7 7 8 8 11 11 11 10 10 10 10 10 10 10 8 8 8 8 10 10 11 11 11 11 11 11 11 11 12 12 12 12 11 11 11 8 8 8 8 11 11 11 11 9 9 9 9 9 9 10 10 10 10 10 10 11 11 11 11 11 11 11 11 11 11 11 11 11 11 11 11 11 11 11 7 7 7 7 7 7 7 7 2 2 2 2 2 2
10 9 9 9 10 4 4 4 4 10 10 10 10 9 9 9 10 10 10 10 12 11 11 10 10 10 10 10 10 10 10 10 0 2 9 9 9 9 9 11 11 10 10 11 11 10 10 10 10 10 10 10 10 11 1 11 11 11 11 11 11 11 10 10 10 10 10 5 5 5 5 10 10 10 10 10 10 10 3 3 3 10 10 10 10 10 10 10 11 11 11 11 4 4 11 11 11 11 11 11 11 11 12 12 12 12 11 11 11 11 11 11 11 11 11 11 11 10 10 10 10 10 10 4 4 4 4 4 4 5 5 5 5 5 5 11 11 11 5 5 5 5 5 5 5 5 5 5 5 5 5 5 5 5 5 5 10 10 10 10 10 10
10 9 9 9 10 4 4 4 4 10 10 10 10 9 9 9 10 10 10 10 12 11 11 10 10 10 10 10 10 10 10 10 2 0 9 9 9 9 9 11 11 10 10 11 11 10 10 10 10 10 10 10 10 11 3 11 11 11 11 11 11 11 10 10 10 10 10 5 5 5 5 10 10 10 10 10 10 10 1 1 1 10 10 10 10 10 10 10 11 11 11 11 4 4 11 11 11 11 11 11 11 11 12 12 12 12 11 11 11 11 11 11 11 11 11 11 11 10 10 10 10 10 10 4 4 4 4 4 4 5 5 5 5 5 5 11 11 11 5 5 5 5 5 5 5 5 5 5 5 5 5 5 5 5 5 5 10 10 10 10 10 10
9 4 4 4 5 9 9 9 9 7 7 7 7 6 6 6 8 8 8 8 10 4 4 7 7 9 9 9 9 7 7 7 9 9 0 2 2 2 2 8 8 9 9 8 8 3 3 3 3 3 3 9 9 8 4 8 8 8 8 9 9 9 7 7 7 7 7 8 8 8 8 7 7 7 7 7 8 8 9 9 9 5 5 5 5 5 5 5 8 8 8 8 9 9 10 10 10 10 2 2 2 2 9 9 9 9 7 7 7 6 6 6 6 7 7 7 7 7 7 7 7 7 7 9 9 9 9 9 9 10 10 10 10 10 10 9 9 9 10 10 10 10 10 10 10 10 10 10 10 10 10 10 10 10 10 10 7 7 7 7 7 7
9 4 4 4 5 9 9 9 9 7 7 7 7 6 6 6 8 8 8 8 10 4 4 7 7 9 9 9 9 7 7 7 9 9 2 0 2 2 2 8 8 9 9 8 8 3 3 3 3 3 3 9 9 8 4 8 8 8 8 9 9 9 7 7 7 7 7 8 8 8 8 7 7 7 7 7 8 8 9 9 9 5 5 5 5 5 5 5 8 8 8 8 9 9 10 10 10 10 2 2 2 2 9 9 9 9 7 7 7 6 6 6 6 7 7 7 7 7 7 7 7 7 7 9 9 9 9 9 9 10 10 10 10 10 10 9 9 9 10 10 10 10 10 10 10 10 10 10 10 10 10 10 10 10 10 10 7 7 7 7 7 7
9 4 4 4 5 9 9 9 9 7 7 7 7 6 6 6 8 8 8 8 10 4 4 7 7 9 9 9 9 7 7 7 9 9 2 2 0 2 2 8 8 9 9 8 8 3 3 3 3 3 3 9 9 8 4 8 8 8 8 9 9 9 7 7 7 7 7 8 8 8 8 7 7 7 7 7 8 8 9 9 9 5 5 5 5 5 5 5 8 8 8 8 9 9 10 10 10 10 2 2 2 2 9 9 9 9 7 7 7 6 6 6 6 7 7 7 7 7 7 7 7 7 7 9 9 9 9 9 9 10 10 10 10 10 10 9 9 9 10 10 10 10 10 10 10 10 10 10 10 10 10 10 10 10 10 10 7 7 7 7 7 7
9 4 4 4 5 9 9 9 9 7 7 7 7 6 6 6 8 8 8 8 10 4 4 7 7 9 9 9 9 7 7 7 9 9 2 2 2 0 2 8 8 9 9 8 8 3 3 3 3 3 3 9 9 8 4 8 8 8 8 9 9 9 7 7 7 7 7 8 8 8 8 7 7 7 7 7 8 8 9 9 9 5 5 5 5 5 5 5 8 8 8 8 9 9 10 10 10 10 2 2 2 2 9 9 9 9 7 7 7 6 6 6 6 7 7 7 7 7 7 7 7 7 7 9 9 9 9 9 9 10 10 10 10 10 10 9 9 9 10 10 10 10 10 10 10 10 10 10 10 10 10 10 10 10 10 10 7 7 7 7 7 7
9 4 4 4 5 9 9 9 9 7 7 7 7 6 6 6 8 8 8 8 10 4 4 7 7 9 9 9 9 7 7 7 9 9 2 2 2 2 0 8 8 9 9 8 8 3 3 3 3 3 3 9 9 8 4 8 8 8 8 9 9 9 7 7 7 7 7 8 8 8 8 7 7 7 7 7 8 8 9 9 9 5 5 5 5 5 5 5 8 8 8 8 9 9 10 10 10 10 2 2 2 2 9 9 9 9 7 7 7 6 6 6 6 7 7 7 7 7 7 7 7 7 7 9 9 9 9 9 9 10 10 10 10 10 10 9 9 9 10 10 10 10 10 10 10 10 10 10 10 10 10 10 10 10 10 10 7 7 7 7 7 7
6 8 8 8 6 11 11 11 11 4 4 4 4 9 9 9 10 10 10 10 9 8 8 7 7 10 10 10 10 7 7 7 11 11 8 8 8 8 8 0 2 15 15 8 8 9 9 9 9 9 9 15 15 5 10 8 8 8 8 11 11 11 3 3 3 3 3 9 9 9 9 4 4 4 4 4 5 5 10 10 10 9 9 9 9 9 9 9 5 5 5 5 11 11 16 16 16 16 8 8 8 8 9 9 9 9 9 9 9 7 7 7 7 9 9 9 9 8 8 8 8 8 8 11 11 11 11 11 11 12 12 12 12 12 12 11 11 11 11 11 11 11 11 11 11 11 11 11 6 6 6 6 6 6 6 6 7 7 7 7 7 7
6 8 8 8 6 11 11 11 11 4 4 4 4 9 9 9 10 10 10 10 9 8 8 7 7 10 10 10 10 7 7 7 11 11 8 8 8 8 8 2 0 15 15 8 8 9 9 9 9 9 9 15 15 5 10 8 8 8 8 11 11 11 3 3 3 3 3 9 9 9 9 4 4 4 4 4 5 5 10 10 10 9 9 9 9 9 9 9 5 5 5 5 11 11 16 16 16 16 8 8 8 8 9 9 9 9 9 9 9 7 7 7 7 9 9 9 9 8 8 8 8 8 8 11 11 11 11 11 11 12 12 12 12 12 12 11 11 11 11 11 11 11 11 11 11 11 11 11 6 6 6 6 6 6 6 6 7 7 7 7 7 7
10 9 9 9 10 10 10 10 10 10 10 10 10 9 9 9 10 10 10 10 16 15 15 10 10 2 2 2 2 10 10 10 10 10 9 9 9 9 9 15 15 0 2 15 15 10 10 10 10 10 10 4 4 3 5 11 11 11 11 11 11 11 6 6 6 6 6 11 11 11 11 10 10 10 10 10 4 4 7 7 7 10 10 10 10 10 10 10 7 7 7 7 3 3 3 3 3 3 15 15 15 15 16 16 16 16 11 11 11 11 11 11 11 11 11 11 11 10 10 10 10 10 10 10 10 10 10 10 10 11 11 11 11 11 11 11 11 11 3 3 3 3 3 3 3 3 3 3 11 11 11 11 11 11 11 11 3 3 3 3 3 3
10 9 9 9 10 10 10 10 10 10 10 10 10 9 9 9 10 10 10 10 16 15 15 10 10 2 2 2 2 10 10 10 10 10 9 9 9 9 9 15 15 2 0 15 15 10 10 10 10 10 10 4 4 1 5 11 11 11 11 11 11 11 6 6 6 6 6 11 11 11 11 10 10 10 10 10 4 4 7 7 7 10 10 10 10 10 10 10 7 7 7 7 3 3 3 3 3 3 15 15 15 15 16 16 16 16 11 11 11 11 11 11 11 11 11 11 11 10 10 10 10 10 10 10 10 10 10 10 10 11 11 11 11 11 11 11 11 11 3 3 3 3 3 3 3 3 3 3 11 11 11 11 11 11 11 11 3 3 3 3 3 3
10 8 8 8 9 11 11 11 11 10 10 10 4 10 10 10 10 10 10 10 11 8 8 4 4 4 4 4 4 11 11 11 11 11 8 8 8 8 8 8 8 15 15 0 2 9 9 9 9 9 9 15 15 11 10 12 12 12 12 11 11 11 9 9 9 9 9 11 11 11 11 10 10 10 10 10 11 11 11 11 11 4 4 4 4 4 4 4 5 5 5 5 11 11 16 16 16 16 8 8 8 8 3 3 3 3 9 9 9 10 10 10 10 9 9 9 9 5 5 5 5 5 5 11 11 11 11 11 11 12 12 12 12 12 12 11 11 11 5 5 5 5 5 5 5 5 5 5 10 10 10 10 10 10 10 10 5 5 5 5 5 5
10 8 8 8 9 11 11 11 11 10 10 10 4 10 10 10 10 10 10 10 11 8 8 4 4 4 4 4 4 11 11 11 11 11 8 8 8 8 8 8 8 15 15 2 0 9 9 9 9 9 9 15 15 11 10 12 12 12 12 11 11 11 9 9 9 9 9 11 11 11 11 10 10 10 10 10 11 11 11 11 11 4 4 4 4 4 4 4 5 5 5 5 11 11 16 16 16 16 8 8 8 8 1 1 1 1 9 9 9 10 10 10 10 9 9 9 9 5 5 5 5 5 5 11 11 11 11 11 11 12 12 12 12 12 12 11 11 11 5 5 5 5 5 5 5 5 5 5 10 10 10 10 10 10 10 10 5 5 5 5 5 5
8 5 5 5 6 10 10 10 10 6 6 6 6 3 3 1 8 8 8 8 11 5 5 6 6 9 9 9 9 8 8 8 10 10 3 3 3 3 3 9 9 10 10 9 9 0 2 2 2 2 2 10 10 7 5 9 9 9 9 9 9 9 6 6 6 6 6 9 9 9 9 6 6 6 6 6 7 7 10 10 10 6 6 6 6 6 6 6 7 7 7 7 10 10 11 11 11 11 3 3 3 3 10 10 10 10 8 8 8 7 7 7 7 8 8 8 8 4 4 4 4 4 4 10 10 10 10 10 10 11 11 11 11 11 11 9 9 9 10 10 10 10 10 10 10 10 10 10 10 10 10 10 10 10 10 10 8 8 8 8 8 8
8 5 5 5 6 10 10 10 10 6 6 6 6 3 3 1 8 8 8 8 11 5 5 6 6 9 9 9 9 8 8 8 10 10 3 3 3 3 3 9 9 10 10 9 9 2 0 2 2 2 2 10 10 7 5 9 9 9 9 9 9 9 6 6 6 6 6 9 9 9 9 6 6 6 6 6 7 7 10 10 10 6 6 6 6 6 6 6 7 7 7 7 10 10 11 11 11 11 3 3 3 3 10 10 10 10 8 8 8 7 7 7 7 8 8 8 8 4 4 4 4 4 4 10 10 10 10 10 10 11 11 11 11 11 11 9 9 9 10 10 10 10 10 10 10 10 10 10 10 10 10 10 10 10 10 10 8 8 8 8 8 8
8 5 5 5 6 10 10 10 10 6 6 6 6 3 3 1 8 8 8 8 11 5 5 6 6 9 9 9 9 8 8 8 10 10 3 3 3 3 3 9 9 10 10 9 9 2 2 0 2 2 2 10 10 7 5 9 9 9 9 9 9 9 6 6 6 6 6 9 9 9 9 6 6 6 6 6 7 7 10 10 10 6 6 6 6 6 6 6 7 7 7 7 10 10 11 11 11 11 3 3 3 3 10 10 10 10 8 8 8 7 7 7 7 8 8 8 8 4 4 4 4 4 4 10 10 10 10 10 10 11 11 11 11 11 11 9 9 9 10 10 10 10 10 10 10 10 10 10 10 10 10 10 10 10 10 10 8 8 8 8 8 8
8 5 5 5 6 10 10 10 10 6 6 6 6 3 3 1 8 8 8 8 11 5 5 6 6 9 9 9 9 8 8 8 10 10 3 3 3 3 3 9 9 10 10 9 9 2 2 2 0 2 2 10 10 7 5 9 9 9 9 9 9 9 6 6 6 6 6 9 9 9 9 6 6 6 6 6 7 7 10 10 10 6 6 6 6 6 6 6 7 7 7 7 10 10 11 11 11 11 3 3 3 3 10 10 10 10 8 8 8 7 7 7 7 8 8 8 8 4 4 4 4 4 4 10 10 10 10 10 10 11 11 11 11 11 11 9 9 9 10 10 10 10 10 10 10 10 10 10 10 10 10 10 10 10 10 10 8 8 8 8 8 8
8 5 5 5 6 10 10 10 10 6 6 6 6 3 3 1 8 8 8 8 11 5 5 6 6 9 9 9 9 8 8 8 10 10 3 3 3 3 3 9 9 10 10 9 9 2 2 2 2 0 2 10 10 7 5 9 9 9 9 9 9 9 6 6 6 6 6 9 9 9 9 6 6 6 6 6 7 7 10 10 10 6 6 6 6 6 6 6 7 7 7 7 10 10 11 11 11 11 3 3 3 3 10 10 10 10 8 8 8 7 7 7 7 8 8 8 8 4 4 4 4 4 4 10 10 10 10 10 10 11 11 11 11 11 11 9 9 9 10 10 10 10 10 10 10 10 10 10 10 10 10 10 10 10 10 10 8 8 8 8 8 8
8 5 5 5 6 10 10 10 10 6 6 6 6 3 3 1 8 8 8 8 11 5 5 6 6 9 9 9 9 8 8 8 10 10 3 3 3 3 3 9 9 10 10 9 9 2 2 2 2 2 0 10 10 7 5 9 9 9 9 9 9 9 6 6 6 6 6 9 9 9 9 6 6 6 6 6 7 7 10 10 10 6 6 6 6 6 6 6 7 7 7 7 10 10 11 11 11 11 3 3 3 3 10 10 10 10 8 8 8 7 7 7 7 8 8 8 8 4 4 4 4 4 4 10 10 10 10 10 10 11 11 11 11 11 11 9 9 9 10 10 10 10 10 10 10 10 10 10 10 10 10 10 10 10 10 10 8 8 8 8 8 8
10 9 9 9 10 10 10 10 10 10 10 10 10 9 9 9 10 10 10 10 16 15 15 10 10 4 4 4 4 10 10 10 10 10 9 9 9 9 9 15 15 4 4 15 15 10 10 10 10 10 10 0 2 5 5 11 11 11 11 11 11 11 6 6 6 6 6 11 11 11 11 10 10 10 10 10 4 4 7 7 7 10 10 10 10 10 10 10 7 7 7 7 5 5 5 5 5 5 15 15 15 15 16 16 16 16 11 11 11 11 11 11 11 11 11 11 11 10 10 10 10 10 10 10 10 10 10 10 10 11 11 11 11 11 11 11 11 11 5 5 5 5 5 5 5 5 5 5 11 11 11 11 11 11 11 11 5 5 5 5 5 5
10 9 9 9 10 10 10 10 10 10 10 10 10 9 9 9 10 10 10 10 16 15 15 10 10 4 4 4 4 10 10 10 10 10 9 9 9 9 9 15 15 4 4 15 15 10 10 10 10 10 10 2 0 5 5 11 11 11 11 11 11 11 6 6 6 6 6 11 11 11 11 10 10 10 10 10 4 4 7 7 7 10 10 10 10 10 10 10 7 7 7 7 5 5 5 5 5 5 15 15 15 15 16 16 16 16 11 11 11 11 11 11 11 11 11 11 11 10 10 10 10 10 10 10 10 10 10 10 10 11 11 11 11 11 11 11 11 11 5 5 5 5 5 5 5 5 5 5 11 11 11 11 11 11 11 11 5 5 5 5 5 5
5 8 8 8 7 11 11 11 11 3 3 3 5 6 6 6 9 9 9 9 9 8 8 7 7 3 3 3 3 8 8 8 11 11 8 8 8 8 8 5 5 3 1 11 11 7 7 7 7 7 7 5 5 0 6 9 9 9 9 10 10 10 6 6 6 6 6 10 10 10 10 5 5 5 5 5 4 4 8 8 8 9 9 9 9 9 9 9 6 6 6 6 4 4 4 4 4 4 8 8 8 8 12 12 12 12 6 6 6 8 8 8 8 6 6 6 6 7 7 7 7 7 7 11 11 11 11 11 11 12 12 12 12 12 12 10 10 10 4 4 4 4 4 4 4 4 4 4 7 7 7 7 7 7 7 7 4 4 4 4 4 4
10 4 4 4 8 5 5 5 5 7 7 7 7 6 6 6 8 8 8 8 10 4 4 7 7 5 5 5 5 11 11 11 1 3 4 4 4 4 4 10 10 5 5 10 10 5 5 5 5 5 5 5 5 6 0 8 8 8 8 9 9 9 7 7 7 7 7 6 6 6 6 7 7 7 7 7 5 5 4 4 4 5 5 5 5 5 5 5 8 8 8 8 5 5 6 6 6 6 4 4 4 4 11 11 11 11 7 7 7 9 9 9 9 7 7 7 7 7 7 7 7 7 7 5 5 5 5 5 5 6 6 6 6 6 6 9 9 9 6 6 6 6 6 6 6 6 6 6 6 6 6 6 6 6 6 6 6 6 6 6 6 6
8 6 6 6 6 11 11 11 11 8 8 8 8 8 8 8 6 6 6 6 11 8 8 9 9 7 7 7 7 5 5 5 11 11 8 8 8 8 8 8 8 11 11 12 12 9 9 9 9 9 9 11 11 9 8 0 2 2 2 7 7 7 9 9 9 9 9 8 8 8 8 8 8 8 8 8 9 9 11 11 11 7 7 7 7 7 7 7 9 9 9 9 11 11 12 12 12 12 8 8 8 8 13 13 13 13 9 9 9 7 7 7 7 7 7 7 7 9 9 9 9 9 9 11 11 11 11 11 11 12 12 12 12 12 12 7 7 7 8 8 8 8 8 8 8 8 8 8 8 8 8 8 8 8 8 8 5 5 5 5 5 5
8 6 6 6 6 11 11 11 11 8 8 8 8 8 8 8 6 6 6 6 11 8 8 9 9 7 7 7 7 5 5 5 11 11 8 8 8 8 8 8 8 11 11 12 12 9 9 9 9 9 9 11 11 9 8 2 0 2 2 7 7 7 9 9 9 9 9 8 8 8 8 8 8 8 8 8 9 9 11 11 11 7 7 7 7 7 7 7 9 9 9 9 11 11 12 12 12 12 8 8 8 8 13 13 13 13 9 9 9 7 7 7 7 7 7 7 7 9 9 9 9 9 9 11 11 11 11 11 11 12 12 12 12 12 12 7 7 7 8 8 8 8 8 8 8 8 8 8 8 8 8 8 8 8 8 8 5 5 5 5 5 5
8 6 6 6 6 11 11 11 11 8 8 8 8 8 8 8 6 6 6 6 11 8 8 9 9 7 7 7 7 5 5 5 11 11 8 8 8 8 8 8 8 11 11 12 12 9 9 9 9 9 9 11 11 9 8 2 2 0 2 7 7 7 9 9 9 9 9 8 8 8 8 8 8 8 8 8 9 9 11 11 11 7 7 7 7 7 7 7 9 9 9 9 11 11 12 12 12 12 8 8 8 8 13 13 13 13 9 9 9 7 7 7 7 7 7 7 7 9 9 9 9 9 9 11 11 11 11 11 11 12 12 12 12 12 12 7 7 7 8 8 8 8 8 8 8 8 8 8 8 8 8 8 8 8 8 8 5 5 5 5 5 5
8 6 6 6 6 11 11 11 11 8 8 8 8 8 8 8 6 6 6 6 11 8 8 9 9 7 7 7 7 5 5 5 11 11 8 8 8 8 8 8 8 11 11 12 12 9 9 9 9 9 9 11 11 9 8 2 2 2 0 7 7 7 9 9 9 9 9 8 8 8 8 8 8 8 8 8 9 9 11 11 11 7 7 7 7 7 7 7 9 9 9 9 11 11 12 12 12 12 8 8 8 8 13 13 13 13 9 9 9 7 7 7 7 7 7 7 7 9 9 9 9 9 9 11 11 11 11 11 11 12 12 12 12 12 12 7 7 7 8 8 8 8 8 8 8 8 8 8 8 8 8 8 8 8 8 8 5 5 5 5 5 5
9 9 9 9 5 11 11 11 11 9 9 9 9 8 8 8 3 3 3 3 12 9 9 9 9 6 6 6 6 11 11 11 11 11 9 9 9 9 9 11 11 11 11 11 11 9 9 9 9 9 9 11 11 10 9 7 7 7 7 0 2 2 9 9 9 9 9 12 12 12 12 9 9 9 9 9 10 10 10 10 10 10 10 10 10 10 10 10 10 10 10 10 11 11 12 12 12 12 9 9 9 9 12 12 12 12 8 8 8 6 6 6 6 4 4 4 4 9 9 9 9 9 9 11 11 11 11 11 11 12 12 12 12 12 12 4 4 4 7 7 7 7 7 7 7 7 7 7 11 11 11 11 11 11 11 11 7 7 7 7 7 7
9 9 9 9 5 11 11 11 11 9 9 9 9 8 8 8 3 3 3 3 12 9 9 9 9 6 6 6 6 11 11 11 11 11 9 9 9 9 9 11 11 11 11 11 11 9 9 9 9 9 9 11 11 10 9 7 7 7 7 2 0 2 9 9 9 9 9 12 12 12 12 9 9 9 9 9 10 10 10 10 10 10 10 10 10 10 10 10 10 10 10 10 11 11 12 12 12 12 9 9 9 9 12 12 12 12 8 8 8 6 6 6 6 4 4 4 4 9 9 9 9 9 9 11 11 11 11 11 11 12 12 12 12 12 12 4 4 4 7 7 7 7 7 7 7 7 7 7 11 11 11 11 11 11 11 11 7 7 7 7 7 7
9 9 9 9 5 11 11 11 11 9 9 9 9 8 8 8 3 3 3 3 12 9 9 9 9 6 6 6 6 11 11 11 11 11 9 9 9 9 9 11 11 11 11 11 11 9 9 9 9 9 9 11 11 10 9 7 7 7 7 2 2 0 9 9 9 9 9 12 12 12 12 9 9 9 9 9 10 10 10 10 10 10 10 10 10 10 10 10 10 10 10 10 11 11 12 12 12 12 9 9 9 9 12 12 12 12 8 8 8 6 6 6 6 4 4 4 4 9 9 9 9 9 9 11 11 11 11 11 11 12 12 12 12 12 12 4 4 4 7 7 7 7 7 7 7 7 7 7 11 11 11 11 11 11 11 11 7 7 7 7 7 7
7 7 7 7 7 10 10 10 10 5 5 5 5 5 5 5 8 8 8 8 10 7 7 6 6 6 6 6 6 8 8 8 10 10 7 7 7 7 7 3 3 6 6 9 9 6 6 6 6 6 6 6 6 6 7 9 9 9 9 9 9 9 0 2 2 2 2 9 9 9 9 5 5 5 5 5 6 6 7 7 7 8 8 8 8 8 8 8 6 6 6 6 7 7 7 7 7 7 7 7 7 7 10 10 10 10 9 9 9 8 8 8 8 9 9 9 9 6 6 6 6 6 6 10 10 10 10 10 10 11 11 11 11 11 11 9 9 9 7 7 7 7 7 7 7 7 7 7 7 7 7 7 7 7 7 7 7 7 7 7 7 7
7 7 7 7 7 10 10 10 10 5 5 5 5 5 5 5 8 8 8 8 10 7 7 6 6 6 6 6 6 8 8 8 10 10 7 7 7 7 7 3 3 6 6 9 9 6 6 6 6 6 6 6 6 6 7 9 9 9 9 9 9 9 2 0 2 2 2 9 9 9 9 5 5 5 5 5 6 6 7 7 7 8 8 8 8 8 8 8 6 6 6 6 7 7 7 7 7 7 7 7 7 7 10 10 10 10 9 9 9 8 8 8 8 9 9 9 9 6 6 6 6 6 6 10 10 10 10 10 10 11 11 11 11 11 11 9 9 9 7 7 7 7 7 7 7 7 7 7 7 7 7 7 7 7 7 7 7 7 7 7 7 7
7 7 7 7 7 10 10 10 10 5 5 5 5 5 5 5 8 8 8 8 10 7 7 6 6 6 6 6 6 8 8 8 10 10 7 7 7 7 7 3 3 6 6 9 9 6 6 6 6 6 6 6 6 6 7 9 9 9 9 9 9 9 2 2 0 2 2 9 9 9 9 5 5 5 5 5 6 6 7 7 7 8 8 8 8 8 8 8 6 6 6 6 7 7 7 7 7 7 7 7 7 7 10 10 10 10 9 9 9 8 8 8 8 9 9 9 9 6 6 6 6 6 6 10 10 10 10 10 10 11 11 11 11 11 11 9 9 9 7 7 7 7 7 7 7 7 7 7 7 7 7 7 7 7 7 7 7 7 7 7 7 7
7 7 7 7 7 10 10 10 10 5 5 5 5 5 5 5 8 8 8 8 10 7 7 6 6 6 6 6 6 8 8 8 10 10 7 7 7 7 7 3 3 6 6 9 9 6 6 6 6 6 6 6 6 6 7 9 9 9 9 9 9 9 2 2 2 0 2 9 9 9 9 5 5 5 5 5 6 6 7 7 7 8 8 8 8 8 8 8 6 6 6 6 7 7 7 7 7 7 7 7 7 7 10 10 10 10 9 9 9 8 8 8 8 9 9 9 9 6 6 6 6 6 6 10 10 10 10 10 10 11 11 11 11 11 11 9 9 9 7 7 7 7 7 7 7 7 7 7 7 7 7 7 7 7 7 7 7 7 7 7 7 7
7 7 7 7 7 10 10 10 10 5 5 5 5 5 5 5 8 8 8 8 10 7 7 6 6 6 6 6 6 8 8 8 10 10 7 7 7 7 7 3 3 6 6 9 9 6 6 6 6 6 6 6 6 6 7 9 9 9 9 9 9 9 2 2 2 2 0 9 9 9 9 5 5 5 5 5 6 6 7 7 7 8 8 8 8 8 8 8 6 6 6 6 7 7 7 7 7 7 7 7 7 7 10 10 10 10 9 9 9 8 8 8 8 9 9 9 9 6 6 6 6 6 6 10 10 10 10 10 10 11 11 11 11 11 11 9 9 9 7 7 7 7 7 7 7 7 7 7 7 7 7 7 7 7 7 7 7 7 7 7 7 7
9 6 6 6 9 3 3 3 3 9 9 9 9 8 8 8 11 11 11 11 10 8 8 9 9 11 11 11 11 10 10 10 5 5 8 8 8 8 8 9 9 11 11 11 11 9 9 9 9 9 9 11 11 10 6 8 8 8 8 12 12 12 9 9 9 9 9 0 2 2 2 9 9 9 9 9 10 10 6 6 6 7 7 7 7 7 7 7 10 10 10 10 5 5 12 12 12 12 8 8 8 8 12 12 12 12 10 10 10 10 10 10 10 10 10 10 10 9 9 9 9 9 9 3 3 3 3 3 3 4 4 4 4 4 4 12 12 12 4 4 4 4 4 4 4 4 4 4 4 4 4 4 4 4 4 4 10 10 10 10 10 10
9 6 6 6 9 3 3 3 3 9 9 9 9 8 8 8 11 11 11 11 10 8 8 9 9 11 11 11 11 10 10 10 5 5 8 8 8 8 8 9 9 11 11 11 11 9 9 9 9 9 9 11 11 10 6 8 8 8 8 12 12 12 9 9 9 9 9 2 0 2 2 9 9 9 9 9 10 10 6 6 6 7 7 7 7 7 7 7 10 10 10 10 5 5 12 12 12 12 8 8 8 8 12 12 12 12 10 10 10 10 10 10 10 10 10 10 10 9 9 9 9 9 9 3 3 3 3 3 3 4 4 4 4 4 4 12 12 12 4 4 4 4 4 4 4 4 4 4 4 4 4 4 4 4 4 4 10 10 10 10 10 10
9 6 6 6 9 3 3 3 3 9 9 9 9 8 8 8 11 11 11 11 10 8 8 9 9 11 11 11 11 10 10 10 5 5 8 8 8 8 8 9 9 11 11 11 11 9 9 9 9 9 9 11 11 10 6 8 8 8 8 12 12 12 9 9 9 9 9 2 2 0 2 9 9 9 9 9 10 10 6 6 6 7 7 7 7 7 7 7 10 10 10 10 5 5 12 12 12 12 8 8 8 8 12 12 12 12 10 10 10 10 10 10 10 10 10 10 10 9 9 9 9 9 9 3 3 3 3 3 3 4 4 4 4 4 4 12 12 12 4 4 4 4 4 4 4 4 4 4 4 4 4 4 4 4 4 4 10 10 10 10 10 10
9 6 6 6 9 3 3 3 3 9 9 9 9 8 8 8 11 11 11 11 10 8 8 9 9 11 11 11 11 10 10 10 5 5 8 8 8 8 8 9 9 11 11 11 11 9 9 9 9 9 9 11 11 10 6 8 8 8 8 12 12 12 9 9 9 9 9 2 2 2 0 9 9 9 9 9 10 10 6 6 6 7 7 7 7 7 7 7 10 10 10 10 5 5 12 12 12 12 8 8 8 8 12 12 12 12 10 10 10 10 10 10 10 10 10 10 10 9 9 9 9 9 9 3 3 3 3 3 3 4 4 4 4 4 4 12 12 12 4 4 4 4 4 4 4 4 4 4 4 4 4 4 4 4 4 4 10 10 10 10 10 10
6 7 7 7 6 10 10 10 10 4 4 4 4 5 5 5 8 8 8 8 9 7 7 6 6 9 9 9 9 7 7 7 10 10 7 7 7 7 7 4 4 10 10 10 10 6 6 6 6 6 6 10 10 5 7 8 8 8 8 9 9 9 5 5 5 5 5 9 9 9 9 0 2 2 2 2 5 5 10 10 10 8 8 8 8 8 8 8 5 5 5 5 10 10 11 11 11 11 7 7 7 7 11 11 11 11 9 9 9 7 7 7 7 9 9 9 9 6 6 6 6 6 6 10 10 10 10 10 10 11 11 11 11 11 11 9 9 9 10 10 10 10 10 10 10 10 10 10 6 6 6 6 6 6 6 6 7 7 7 7 7 7
6 7 7 7 6 10 10 10 10 4 4 4 4 5 5 5 8 8 8 8 9 7 7 6 6 9 9 9 9 7 7 7 10 10 7 7 7 7 7 4 4 10 10 10 10 6 6 6 6 6 6 10 10 5 7 8 8 8 8 9 9 9 5 5 5 5 5 9 9 9 9 2 0 2 2 2 5 5 10 10 10 8 8 8 8 8 8 8 5 5 5 5 10 10 11 11 11 11 7 7 7 7 11 11 11 11 9 9 9 7 7 7 7 9 9 9 9 6 6 6 6 6 6 10 10 10 10 10 10 11 11 11 11 11 11 9 9 9 10 10 10 10 10 10 10 10 10 10 6 6 6 6 6 6 6 6 7 7 7 7 7 7
6 7 7 7 6 10 10 10 10 4 4 4 4 5 5 5 8 8 8 8 9 7 7 6 6 9 9 9 9 7 7 7 10 10 7 7 7 7 7 4 4 10 10 10 10 6 6 6 6 6 6 10 10 5 7 8 8 8 8 9 9 9 5 5 5 5 5 9 9 9 9 2 2 0 2 2 5 5 10 10 10 8 8 8 8 8 8 8 5 5 5 5 10 10 11 11 11 11 7 7 7 7 11 11 11 11 9 9 9 7 7 7 7 9 9 9 9 6 6 6 6 6 6 10 10 10 10 10 10 11 11 11 11 11 11 9 9 9 10 10 10 10 10 10 10 10 10 10 6 6 6 6 6 6 6 6 7 7 7 7 7 7
6 7 7 7 6 10 10 10 10 4 4 4 4 5 5 5 8 8 8 8 9 7 7 6 6 9 9 9 9 7 7 7 10 10 7 7 7 7 7 4 4 10 10 10 10 6 6 6 6 6 6 10 10 5 7 8 8 8 8 9 9 9 5 5 5 5 5 9 9 9 9 2 2 2 0 2 5 5 10 10 10 8 8 8 8 8 8 8 5 5 5 5 10 10 11 11 11 11 7 7 7 7 11 11 11 11 9 9 9 7 7 7 7 9 9 9 9 6 6 6 6 6 6 10 10 10 10 10 10 11 11 11 11 11 11 9 9 9 10 10 10 10 10 10 10 10 10 10 6 6 6 6 6 6 6 6 7 7 7 7 7 7
6 7 7 7 6 10 10 10 10 4 4 4 4 5 5 5 8 8 8 8 9 7 7 6 6 9 9 9 9 7 7 7 10 10 7 7 7 7 7 4 4 10 10 10 10 6 6 6 6 6 6 10 10 5 7 8 8 8 8 9 9 9 5 5 5 5 5 9 9 9 9 2 2 2 2 0 5 5 10 10 10 8 8 8 8 8 8 8 5 5 5 5 10 10 11 11 11 11 7 7 7 7 11 11 11 11 9 9 9 7 7 7 7 9 9 9 9 6 6 6 6 6 6 10 10 10 10 10 10 11 11 11 11 11 11 9 9 9 10 10 10 10 10 10 10 10 10 10 6 6 6 6 6 6 6 6 7 7 7 7 7 7
5 8 8 8 7 10 10 10 10 3 3 1 5 6 6 6 9 9 9 9 9 8 8 7 7 4 4 4 4 8 8 8 10 10 8 8 8 8 8 5 5 4 4 11 11 7 7 7 7 7 7 4 4 4 5 9 9 9 9 10 10 10 6 6 6 6 6 10 10 10 10 5 5 5 5 5 0 2 7 7 7 9 9 9 9 9 9 9 6 6 6 6 5 5 5 5 5 5 8 8 8 8 12 12 12 12 6 6 6 8 8 8 8 6 6 6 6 7 7 7 7 7 7 10 10 10 10 10 10 11 11 11 11 11 11 10 10 10 5 5 5 5 5 5 5 5 5 5 7 7 7 7 7 7 7 7 5 5 5 5 5 5
5 8 8 8 7 10 10 10 10 3 3 1 5 6 6 6 9 9 9 9 9 8 8 7 7 4 4 4 4 8 8 8 10 10 8 8 8 8 8 5 5 4 4 11 11 7 7 7 7 7 7 4 4 4 5 9 9 9 9 10 10 10 6 6 6 6 6 10 10 10 10 5 5 5 5 5 2 0 7 7 7 9 9 9 9 9 9 9 6 6 6 6 5 5 5 5 5 5 8 8 8 8 12 12 12 12 6 6 6 8 8 8 8 6 6 6 6 7 7 7 7 7 7 10 10 10 10 10 10 11 11 11 11 11 11 10 10 10 5 5 5 5 5 5 5 5 5 5 7 7 7 7 7 7 7 7 5 5 5 5 5 5
10 9 9 9 9 5 5 5 5 10 10 10 10 10 10 10 9 9 9 9 11 9 9 9 9 7 7 7 7 11 11 11 3 1 9 9 9 9 9 10 10 7 7 11 11 10 10 10 10 10 10 7 7 8 4 11 11 11 11 10 10 10 7 7 7 7 7 6 6 6 6 10 10 10 10 10 7 7 0 2 2 10 10 10 10 10 10 10 4 4 4 4 5 5 8 8 8 8 9 9 9 9 12 12 12 12 8 8 8 10 10 10 10 8 8 8 8 10 10 10 10 10 10 5 5 5 5 5 5 6 6 6 6 6 6 10 10 10 6 6 6 6 6 6 6 6 6 6 6 6 6 6 6 6 6 6 8 8 8 8 8 8
10 9 9 9 9 5 5 5 5 10 10 10 10 10 10 10 9 9 9 9 11 9 9 9 9 7 7 7 7 11 11 11 3 1 9 9 9 9 9 10 10 7 7 11 11 10 10 10 10 10 10 7 7 8 4 11 11 11 11 10 10 10 7 7 7 7 7 6 6 6 6 10 10 10 10 10 7 7 2 0 2 10 10 10 10 10 10 10 4 4 4 4 5 5 8 8 8 8 9 9 9 9 12 12 12 12 8 8 8 10 10 10 10 8 8 8 8 10 10 10 10 10 10 5 5 5 5 5 5 6 6 6 6 6 6 10 10 10 6 6 6 6 6 6 6 6 6 6 6 6 6 6 6 6 6 6 8 8 8 8 8 8
10 9 9 9 9 5 5 5 5 10 10 10 10 10 10 10 9 9 9 9 11 9 9 9 9 7 7 7 7 11 11 11 3 1 9 9 9 9 9 10 10 7 7 11 11 10 10 10 10 10 10 7 7 8 4 11 11 11 11 10 10 10 7 7 7 7 7 6 6 6 6 10 10 10 10 10 7 7 2 2 0 10 10 10 10 10 10 10 4 4 4 4 5 5 8 8 8 8 9 9 9 9 12 12 12 12 8 8 8 10 10 10 10 8 8 8 8 10 10 10 10 10 10 5 5 5 5 5 5 6 6 6 6 6 6 10 10 10 6 6 6 6 6 6 6 6 6 6 6 6 6 6 6 6 6 6 8 8 8 8 8 8
10 3 3 3 8 10 10 10 10 8 8 8 2 7 7 7 9 9 9 9 11 3 3 4 4 4 4 4 4 10 10 10 10 10 5 5 5 5 5 9 9 10 10 4 4 6 6 6 6 6 6 10 10 9 5 7 7 7 7 10 10 10 8 8 8 8 8 7 7 7 7 8 8 8 8 8 9 9 10 10 10 0 2 2 2 2 2 2 3 3 3 3 10 10 11 11 11 11 5 5 5 5 5 5 5 5 8 8 8 9 9 9 9 8 8 8 8 5 5 5 5 5 5 10 10 10 10 10 10 11 11 11 11 11 11 10 10 10 5 5 5 5 5 5 5 5 5 5 10 10 10 10 10 10 10 10 5 5 5 5 5 5
10 3 3 3 8 10 10 10 10 8 8 8 2 7 7 7 9 9 9 9 11 3 3 4 4 4 4 4 4 10 10 10 10 10 5 5 5 5 5 9 9 10 10 4 4 6 6 6 6 6 6 10 10 9 5 7 7 7 7 10 10 10 8 8 8 8 8 7 7 7 7 8 8 8 8 8 9 9 10 10 10 2 0 2 2 2 2 2 3 3 3 3 10 10 11 11 11 11 5 5 5 5 5 5 5 5 8 8 8 9 9 9 9 8 8 8 8 5 5 5 5 5 5 10 10 10 10 10 10 11 11 11 11 11 11 10 10 10 5 5 5 5 5 5 5 5 5 5 10 10 10 10 10 10 10 10 5 5 5 5 5 5
10 3 3 3 8 10 10 10 10 8 8 8 2 7 7 7 9 9 9 9 11 3 3 4 4 4 4 4 4 10 10 10 10 10 5 5 5 5 5 9 9 10 10 4 4 6 6 6 6 6 6 10 10 9 5 7 7 7 7 10 10 10 8 8 8 8 8 7 7 7 7 8 8 8 8 8 9 9 10 10 10 2 2 0 2 2 2 2 3 3 3 3 10 10 11 11 11 11 5 5 5 5 5 5 5 5 8 8 8 9 9 9 9 8 8 8 8 5 5 5 5 5 5 10 10 10 10 10 10 11 11 11 11 11 11 10 10 10 5 5 5 5 5 5 5 5 5 5 10 10 10 10 10 10 10 10 5 5 5 5 5 5
10 3 3 3 8 10 10 10 10 8 8 8 2 7 7 7 9 9 9 9 11 3 3 4 4 4 4 4 4 10 10 10 10 10 5 5 5 5 5 9 9 10 10 4 4 6 6 6 6 6 6 10 10 9 5 7 7 7 7 10 10 10 8 8 8 8 8 7 7 7 7 8 8 8 8 8 9 9 10 10 10 2 2 2 0 2 2 2 3 3 3 3 10 10 11 11 11 11 5 5 5 5 5 5 5 5 8 8 8 9 9 9 9 8 8 8 8 5 5 5 5 5 5 10 10 10 10 10 10 11 11 11 11 11 11 10 10 10 5 5 5 5 5 5 5 5 5 5 10 10 10 10 10 10 10 10 5 5 5 5 5 5
10 3 3 3 8 10 10 10 10 8 8 8 2 7 7 7 9 9 9 9 11 3 3 4 4 4 4 4 4 10 10 10 10 10 5 5 5 5 5 9 9 10 10 4 4 6 6 6 6 6 6 10 10 9 5 7 7 7 7 10 10 10 8 8 8 8 8 7 7 7 7 8 8 8 8 8 9 9 10 10 10 2 2 2 2 0 2 2 3 3 3 3 10 10 11 11 11 11 5 5 5 5 5 5 5 5 8 8 8 9 9 9 9 8 8 8 8 5 5 5 5 5 5 10 10 10 10 10 10 11 11 11 11 11 11 10 10 10 5 5 5 5 5 5 5 5 5 5 10 10 10 10 10 10 10 10 5 5 5 5 5 5
10 3 3 3 8 10 10 10 10 8 8 8 2 7 7 7 9 9 9 9 11 3 3 4 4 4 4 4 4 10 10 10 10 10 5 5 5 5 5 9 9 10 10 4 4 6 6 6 6 6 6 10 10 9 5 7 7 7 7 10 10 10 8 8 8 8 8 7 7 7 7 8 8 8 8 8 9 9 10 10 10 2 2 2 2 2 0 2 3 3 3 3 10 10 11 11 11 11 5 5 5 5 5 5 5 5 8 8 8 9 9 9 9 8 8 8 8 5 5 5 5 5 5 10 10 10 10 10 10 11 11 11 11 11 11 10 10 10 5 5 5 5 5 5 5 5 5 5 10 10 10 10 10 10 10 10 5 5 5 5 5 5
10 3 3 3 8 10 10 10 10 8 8 8 2 7 7 7 9 9 9 9 11 3 3 4 4 4 4 4 4 10 10 10 10 10 5 5 5 5 5 9 9 10 10 4 4 6 6 6 6 6 6 10 10 9 5 7 7 7 7 10 10 10 8 8 8 8 8 7 7 7 7 8 8 8 8 8 9 9 10 10 10 2 2 2 2 2 2 0 3 3 3 3 10 10 11 11 11 11 5 5 5 5 5 5 5 5 8 8 8 9 9 9 9 8 8 8 8 5 5 5 5 5 5 10 10 10 10 10 10 11 11 11 11 11 11 10 10 10 5 5 5 5 5 5 5 5 5 5 10 10 10 10 10 10 10 10 5 5 5 5 5 5
7 8 8 8 7 11 11 11 11 5 5 5 3 6 6 6 9 9 9 9 10 8 8 5 5 5 5 5 5 8 8 8 11 11 8 8 8 8 8 5 5 7 7 5 5 7 7 7 7 7 7 7 7 6 8 9 9 9 9 10 10 10 6 6 6 6 6 10 10 10 10 5 5 5 5 5 6 6 4 4 4 3 3 3 3 3 3 3 0 2 2 2 8 8 8 8 8 8 8 8 8 8 6 6 6 6 8 8 8 8 8 8 8 8 8 8 8 6 6 6 6 6 6 11 11 11 11 11 11 12 12 12 12 12 12 10 10 10 6 6 6 6 6 6 6 6 6 6 7 7 7 7 7 7 7 7 6 6 6 6 6 6
7 8 8 8 7 11 11 11 11 5 5 5 3 6 6 6 9 9 9 9 10 8 8 5 5 5 5 5 5 8 8 8 11 11 8 8 8 8 8 5 5 7 7 5 5 7 7 7 7 7 7 7 7 6 8 9 9 9 9 10 10 10 6 6 6 6 6 10 10 10 10 5 5 5 5 5 6 6 4 4 4 3 3 3 3 3 3 3 2 0 2 2 8 8 8 8 8 8 8 8 8 8 6 6 6 6 8 8 8 8 8 8 8 8 8 8 8 6 6 6 6 6 6 11 11 11 11 11 11 12 12 12 12 12 12 10 10 10 6 6 6 6 6 6 6 6 6 6 7 7 7 7 7 7 7 7 6 6 6 6 6 6
7 8 8 8 7 11 11 11 11 5 5 5 3 6 6 6 9 9 9 9 10 8 8 5 5 5 5 5 5 8 8 8 11 11 8 8 8 8 8 5 5 7 7 5 5 7 7 7 7 7 7 7 7 6 8 9 9 9 9 10 10 10 6 6 6 6 6 10 10 10 10 5 5 5 5 5 6 6 4 4 4 3 3 3 3 3 3 3 2 2 0 2 8 8 8 8 8 8 8 8 8 8 6 6 6 6 8 8 8 8 8 8 8 8 8 8 8 6 6 6 6 6 6 11 11 11 11 11 11 12 12 12 12 12 12 10 10 10 6 6 6 6 6 6 6 6 6 6 7 7 7 7 7 7 7 7 6 6 6 6 6 6
7 8 8 8 7 11 11 11 11 5 5 5 3 6 6 6 9 9 9 9 10 8 8 5 5 5 5 5 5 8 8 8 11 11 8 8 8 8 8 5 5 7 7 5 5 7 7 7 7 7 7 7 7 6 8 9 9 9 9 10 10 10 6 6 6 6 6 10 10 10 10 5 5 5 5 5 6 6 4 4 4 3 3 3 3 3 3 3 2 2 2 0 8 8 8 8 8 8 8 8 8 8 6 6 6 6 8 8 8 8 8 8 8 8 8 8 8 6 6 6 6 6 6 11 11 11 11 11 11 12 12 12 12 12 12 10 10 10 6 6 6 6 6 6 6 6 6 6 7 7 7 7 7 7 7 7 6 6 6 6 6 6
10 9 9 9 10 4 4 4 4 10 10 10 10 9 9 9 10 10 10 10 12 11 11 10 10 3 3 3 3 10 10 10 4 4 9 9 9 9 9 11 11 3 3 11 11 10 10 10 10 10 10 5 5 4 5 11 11 11 11 11 11 11 7 7 7 7 7 5 5 5 5 10 10 10 10 10 5 5 5 5 5 10 10 10 10 10 10 10 8 8 8 8 0 2 4 4 4 4 11 11 11 11 12 12 12 12 11 11 11 11 11 11 11 11 11 11 11 10 10 10 10 10 10 4 4 4 4 4 4 5 5 5 5 5 5 11 11 11 4 4 4 4 4 4 4 4 4 4 5 5 5 5 5 5 5 5 4 4 4 4 4 4
10 9 9 9 10 4 4 4 4 10 10 10 10 9 9 9 10 10 10 10 12 11 11 10 10 3 3 3 3 10 10 10 4 4 9 9 9 9 9 11 11 3 3 11 11 10 10 10 10 10 10 5 5 4 5 11 11 11 11 11 11 11 7 7 7 7 7 5 5 5 5 10 10 10 10 10 5 5 5 5 5 10 10 10 10 10 10 10 8 8 8 8 2 0 4 4 4 4 11 11 11 11 12 12 12 12 11 11 11 11 11 11 11 11 11 11 11 10 10 10 10 10 10 4 4 4 4 4 4 5 5 5 5 5 5 11 11 11 4 4 4 4 4 4 4 4 4 4 5 5 5 5 5 5 5 5 4 4 4 4 4 4
11 10 10 10 11 11 11 11 11 11 11 11 11 10 10 10 11 11 11 11 17 16 16 11 11 3 3 3 3 11 11 11 11 11 10 10 10 10 10 16 16 3 3 16 16 11 11 11 11 11 11 5 5 4 6 12 12 12 12 12 12 12 7 7 7 7 7 12 12 12 12 11 11 11 11 11 5 5 8 8 8 11 11 11 11 11 11 11 8 8 8 8 4 4 0 2 2 2 16 16 16 16 17 17 17 17 12 12 12 12 12 12 12 12 12 12 12 11 11 11 11 11 11 11 11 11 11 11 11 12 12 12 12 12 12 12 12 12 4 4 4 4 4 4 4 4 4 4 12 12 12 12 12 12 12 12 4 4 4 4 4 4
11 10 10 10 11 11 11 11 11 11 11 11 11 10 10 10 11 11 11 11 17 16 16 11 11 3 3 3 3 11 11 11 11 11 10 10 10 10 10 16 16 3 3 16 16 11 11 11 11 11 11 5 5 4 6 12 12 12 12 12 12 12 7 7 7 7 7 12 12 12 12 11 11 11 11 11 5 5 8 8 8 11 11 11 11 11 11 11 8 8 8 8 4 4 2 0 2 2 16 16 16 16 17 17 17 17 12 12 12 12 12 12 12 12 12 12 12 11 11 11 11 11 11 11 11 11 11 11 11 12 12 12 12 12 12 12 12 12 4 4 4 4 4 4 4 4 4 4 12 12 12 12 12 12 12 12 4 4 4 4 4 4
11 10 10 10 11 11 11 11 11 11 11 11 11 10 10 10 11 11 11 11 17 16 16 11 11 3 3 3 3 11 11 11 11 11 10 10 10 10 10 16 16 3 3 16 16 11 11 11 11 11 11 5 5 4 6 12 12 12 12 12 12 12 7 7 7 7 7 12 12 12 12 11 11 11 11 11 5 5 8 8 8 11 11 11 11 11 11 11 8 8 8 8 4 4 2 2 0 2 16 16 16 16 17 17 17 17 12 12 12 12 12 12 12 12 12 12 12 11 11 11 11 11 11 11 11 11 11 11 11 12 12 12 12 12 12 12 12 12 4 4 4 4 4 4 4 4 4 4 12 12 12 12 12 12 12 12 4 4 4 4 4 4
11 10 10 10 11 11 11 11 11 11 11 11 11 10 10 10 11 11 11 11 17 16 16 11 11 3 3 3 3 11 11 11 11 11 10 10 10 10 10 16 16 3 3 16 16 11 11 11 11 11 11 5 5 4 6 12 12 12 12 12 12 12 7 7 7 7 7 12 12 12 12 11 11 11 11 11 5 5 8 8 8 11 11 11 11 11 11 11 8 8 8 8 4 4 2 2 2 0 16 16 16 16 17 17 17 17 12 12 12 12 12 12 12 12 12 12 12 11 11 11 11 11 11 11 11 11 11 11 11 12 12 12 12 12 12 12 12 12 4 4 4 4 4 4 4 4 4 4 12 12 12 12 12 12 12 12 4 4 4 4 4 4
10 4 4 4 7 11 11 11 11 7 7 7 7 6 6 6 8 8 8 8 10 4 4 7 7 9 9 9 9 11 11 11 11 11 2 2 2 2 2 8 8 15 15 8 8 3 3 3 3 3 3 15 15 8 4 8 8 8 8 9 9 9 7 7 7 7 7 8 8 8 8 7 7 7 7 7 8 8 9 9 9 5 5 5 5 5 5 5 8 8 8 8 11 11 16 16 16 16 0 2 2 2 9 9 9 9 7 7 7 8 8 8 8 7 7 7 7 7 7 7 7 7 7 11 11 11 11 11 11 12 12 12 12 12 12 9 9 9 10 10 10 10 10 10 10 10 10 10 10 10 10 10 10 10 10 10 10 10 10 10 10 10
10 4 4 4 7 11 11 11 11 7 7 7 7 6 6 6 8 8 8 8 10 4 4 7 7 9 9 9 9 11 11 11 11 11 2 2 2 2 2 8 8 15 15 8 8 3 3 3 3 3 3 15 15 8 4 8 8 8 8 9 9 9 7 7 7 7 7 8 8 8 8 7 7 7 7 7 8 8 9 9 9 5 5 5 5 5 5 5 8 8 8 8 11 11 16 16 16 16 2 0 2 2 9 9 9 9 7 7 7 8 8 8 8 7 7 7 7 7 7 7 7 7 7 11 11 11 11 11 11 12 12 12 12 12 12 9 9 9 10 10 10 10 10 10 10 10 10 10 10 10 10 10 10 10 10 10 10 10 10 10 10 10
10 4 4 4 7 11 11 11 11 7 7 7 7 6 6 6 8 8 8 8 10 4 4 7 7 9 9 9 9 11 11 11 11 11 2 2 2 2 2 8 8 15 15 8 8 3 3 3 3 3 3 15 15 8 4 8 8 8 8 9 9 9 7 7 7 7 7 8 8 8 8 7 7 7 7 7 8 8 9 9 9 5 5 5 5 5 5 5 8 8 8 8 11 11 16 16 16 16 2 2 0 2 9 9 9 9 7 7 7 8 8 8 8 7 7 7 7 7 7 7 7 7 7 11 11 11 11 11 11 12 12 12 12 12 12 9 9 9 10 10 10 10 10 10 10 10 10 10 10 10 10 10 10 10 10 10 10 10 10 10 10 10
10 4 4 4 7 11 11 11 11 7 7 7 7 6 6 6 8 8 8 8 10 4 4 7 7 9 9 9 9 11 11 11 11 11 2 2 2 2 2 8 8 15 15 8 8 3 3 3 3 3 3 15 15 8 4 8 8 8 8 9 9 9 7 7 7 7 7 8 8 8 8 7 7 7 7 7 8 8 9 9 9 5 5 5 5 5 5 5 8 8 8 8 11 11 16 16 16 16 2 2 2 0 9 9 9 9 7 7 7 8 8 8 8 7 7 7 7 7 7 7 7 7 7 11 11 11 11 11 11 12 12 12 12 12 12 9 9 9 10 10 10 10 10 10 10 10 10 10 10 10 10 10 10 10 10 10 10 10 10 10 10 10
11 9 9 9 10 12 12 12 12 11 11 11 5 11 11 11 11 11 11 11 12 9 9 5 5 5 5 5 5 12 12 12 12 12 9 9 9 9 9 9 9 16 16 3 1 10 10 10 10 10 10 16 16 12 11 13 13 13 13 12 12 12 10 10 10 10 10 12 12 12 12 11 11 11 11 11 12 12 12 12 12 5 5 5 5 5 5 5 6 6 6 6 12 12 17 17 17 17 9 9 9 9 0 2 2 2 10 10 10 11 11 11 11 10 10 10 10 6 6 6 6 6 6 12 12 12 12 12 12 13 13 13 13 13 13 12 12 12 6 6 6 6 6 6 6 6 6 6 11 11 11 11 11 11 11 11 6 6 6 6 6 6
11 9 9 9 10 12 12 12 12 11 11 11 5 11 11 11 11 11 11 11 12 9 9 5 5 5 5 5 5 12 12 12 12 12 9 9 9 9 9 9 9 16 16 3 1 10 10 10 10 10 10 16 16 12 11 13 13 13 13 12 12 12 10 10 10 10 10 12 12 12 12 11 11 11 11 11 12 12 12 12 12 5 5 5 5 5 5 5 6 6 6 6 12 12 17 17 17 17 9 9 9 9 2 0 2 2 10 10 10 11 11 11 11 10 10 10 10 6 6 6 6 6 6 12 12 12 12 12 12 13 13 13 13 13 13 12 12 12 6 6 6 6 6 6 6 6 6 6 11 11 11 11 11 11 11 11 6 6 6 6 6 6
11 9 9 9 10 12 12 12 12 11 11 11 5 11 11 11 11 11 11 11 12 9 9 5 5 5 5 5 5 12 12 12 12 12 9 9 9 9 9 9 9 16 16 3 1 10 10 10 10 10 10 16 16 12 11 13 13 13 13 12 12 12 10 10 10 10 10 12 12 12 12 11 11 11 11 11 12 12 12 12 12 5 5 5 5 5 5 5 6 6 6 6 12 12 17 17 17 17 9 9 9 9 2 2 0 2 10 10 10 11 11 11 11 10 10 10 10 6 6 6 6 6 6 12 12 12 12 12 12 13 13 13 13 13 13 12 12 12 6 6 6 6 6 6 6 6 6 6 11 11 11 11 11 11 11 11 6 6 6 6 6 6
11 9 9 9 10 12 12 12 12 11 11 11 5 11 11 11 11 11 11 11 12 9 9 5 5 5 5 5 5 12 12 12 12 12 9 9 9 9 9 9 9 16 16 3 1 10 10 10 10 10 10 16 16 12 11 13 13 13 13 12 12 12 10 10 10 10 10 12 12 12 12 11 11 11 11 11 12 12 12 12 12 5 5 5 5 5 5 5 6 6 6 6 12 12 17 17 17 17 9 9 9 9 2 2 2 0 10 10 10 11 11 11 11 10 10 10 10 6 6 6 6 6 6 12 12 12 12 12 12 13 13 13 13 13 13 12 12 12 6 6 6 6 6 6 6 6 6 6 11 11 11 11 11 11 11 11 6 6 6 6 6 6
5 7 7 7 7 11 11 11 11 5 5 5 9 8 8 8 7 7 7 7 9 7 7 7 7 8 8 8 8 11 11 11 11 11 7 7 7 7 7 9 9 11 11 9 9 8 8 8 8 8 8 11 11 6 7 9 9 9 9 8 8 8 9 9 9 9 9 10 10 10 10 9 9 9 9 9 6 6 8 8 8 8 8 8 8 8 8 8 8 8 8 8 11 11 12 12 12 12 7 7 7 7 10 10 10 10 0 2 2 8 8 8 8 4 4 4 4 8 8 8 8 8 8 11 11 11 11 11 11 12 12 12 12 12 12 8 8 8 9 9 9 9 9 9 9 9 9 9 10 10 10 10 10 10 10 10 9 9 9 9 9 9
5 7 7 7 7 11 11 11 11 5 5 5 9 8 8 8 7 7 7 7 9 7 7 7 7 8 8 8 8 11 11 11 11 11 7 7 7 7 7 9 9 11 11 9 9 8 8 8 8 8 8 11 11 6 7 9 9 9 9 8 8 8 9 9 9 9 9 10 10 10 10 9 9 9 9 9 6 6 8 8 8 8 8 8 8 8 8 8 8 8 8 8 11 11 12 12 12 12 7 7 7 7 10 10 10 10 2 0 2 8 8 8 8 4 4 4 4 8 8 8 8 8 8 11 11 11 11 11 11 12 12 12 12 12 12 8 8 8 9 9 9 9 9 9 9 9 9 9 10 10 10 10 10 10 10 10 9 9 9 9 9 9
5 7 7 7 7 11 11 11 11 5 5 5 9 8 8 8 7 7 7 7 9 7 7 7 7 8 8 8 8 11 11 11 11 11 7 7 7 7 7 9 9 11 11 9 9 8 8 8 8 8 8 11 11 6 7 9 9 9 9 8 8 8 9 9 9 9 9 10 10 10 10 9 9 9 9 9 6 6 8 8 8 8 8 8 8 8 8 8 8 8 8 8 11 11 12 12 12 12 7 7 7 7 10 10 10 10 2 2 0 8 8 8 8 4 4 4 4 8 8 8 8 8 8 11 11 11 11 11 11 12 12 12 12 12 12 8 8 8 9 9 9 9 9 9 9 9 9 9 10 10 10 10 10 10 10 10 9 9 9 9 9 9
7 8 8 8 3 11 11 11 11 7 7 7 7 8 8 8 5 5 5 5 10 8 8 6 6 4 4 4 4 8 8 8 11 11 6 6 6 6 6 7 7 11 11 10 10 7 7 7 7 7 7 11 11 8 9 7 7 7 7 6 6 6 8 8 8 8 8 10 10 10 10 7 7 7 7 7 8 8 10 10 10 9 9 9 9 9 9 9 8 8 8 8 11 11 12 12 12 12 8 8 8 8 11 11 11 11 8 8 8 0 2 2 2 6 6 6 6 7 7 7 7 7 7 11 11 11 11 11 11 12 12 12 12 12 12 6 6 6 5 5 5 5 5 5 5 5 5 5 7 7 7 7 7 7 7 7 5 5 5 5 5 5
7 8 8 8 3 11 11 11 11 7 7 7 7 8 8 8 5 5 5 5 10 8 8 6 6 4 4 4 4 8 8 8 11 11 6 6 6 6 6 7 7 11 11 10 10 7 7 7 7 7 7 11 11 8 9 7 7 7 7 6 6 6 8 8 8 8 8 10 10 10 10 7 7 7 7 7 8 8 10 10 10 9 9 9 9 9 9 9 8 8 8 8 11 11 12 12 12 12 8 8 8 8 11 11 11 11 8 8 8 2 0 2 2 6 6 6 6 7 7 7 7 7 7 11 11 11 11 11 11 12 12 12 12 12 12 6 6 6 5 5 5 5 5 5 5 5 5 5 7 7 7 7 7 7 7 7 5 5 5 5 5 5
7 8 8 8 3 11 11 11 11 7 7 7 7 8 8 8 5 5 5 5 10 8 8 6 6 4 4 4 4 8 8 8 11 11 6 6 6 6 6 7 7 11 11 10 10 7 7 7 7 7 7 11 11 8 9 7 7 7 7 6 6 6 8 8 8 8 8 10 10 10 10 7 7 7 7 7 8 8 10 10 10 9 9 9 9 9 9 9 8 8 8 8 11 11 12 12 12 12 8 8 8 8 11 11 11 11 8 8 8 2 2 0 2 6 6 6 6 7 7 7 7 7 7 11 11 11 11 11 11 12 12 12 12 12 12 6 6 6 5 5 5 5 5 5 5 5 5 5 7 7 7 7 7 7 7 7 5 5 5 5 5 5
7 8 8 8 3 11 11 11 11 7 7 7 7 8 8 8 5 5 5 5 10 8 8 6 6 4 4 4 4 8 8 8 11 11 6 6 6 6 6 7 7 11 11 10 10 7 7 7 7 7 7 11 11 8 9 7 7 7 7 6 6 6 8 8 8 8 8 10 10 10 10 7 7 7 7 7 8 8 10 10 10 9 9 9 9 9 9 9 8 8 8 8 11 11 12 12 12 12 8 8 8 8 11 11 11 11 8 8 8 2 2 2 0 6 6 6 6 7 7 7 7 7 7 11 11 11 11 11 11 12 12 12 12 12 12 6 6 6 5 5 5 5 5 5 5 5 5 5 7 7 7 7 7 7 7 7 5 5 5 5 5 5
5 7 7 7 5 11 11 11 11 5 5 5 9 8 8 8 3 3 3 3 9 7 7 7 7 6 6 6 6 11 11 11 11 11 7 7 7 7 7 9 9 11 11 9 9 8 8 8 8 8 8 11 11 6 7 7 7 7 7 4 4 4 9 9 9 9 9 10 10 10 10 9 9 9 9 9 6 6 8 8 8 8 8 8 8 8 8 8 8 8 8 8 11 11 12 12 12 12 7 7 7 7 10 10 10 10 4 4 4 6 6 6 6 0 2 2 2 8 8 8 8 8 8 11 11 11 11 11 11 12 12 12 12 12 12 4 4 4 7 7 7 7 7 7 7 7 7 7 10 10 10 10 10 10 10 10 7 7 7 7 7 7
5 7 7 7 5 11 11 11 11 5 5 5 9 8 8 8 3 3 3 3 9 7 7 7 7 6 6 6 6 11 11 11 11 11 7 7 7 7 7 9 9 11 11 9 9 8 8 8 8 8 8 11 11 6 7 7 7 7 7 4 4 4 9 9 9 9 9 10 10 10 10 9 9 9 9 9 6 6 8 8 8 8 8 8 8 8 8 8 8 8 8 8 11 11 12 12 12 12 7 7 7 7 10 10 10 10 4 4 4 6 6 6 6 2 0 2 2 8 8 8 8 8 8 11 11 11 11 11 11 12 12 12 12 12 12 4 4 4 7 7 7 7 7 7 7 7 7 7 10 10 10 10 10 10 10 10 7 7 7 7 7 7
5 7 7 7 5 11 11 11 11 5 5 5 9 8 8 8 3 3 3 3 9 7 7 7 7 6 6 6 6 11 11 11 11 11 7 7 7 7 7 9 9 11 11 9 9 8 8 8 8 8 8 11 11 6 7 7 7 7 7 4 4 4 9 9 9 9 9 10 10 10 10 9 9 9 9 9 6 6 8 8 8 8 8 8 8 8 8 8 8 8 8 8 11 11 12 12 12 12 7 7 7 7 10 10 10 10 4 4 4 6 6 6 6 2 2 0 2 8 8 8 8 8 8 11 11 11 11 11 11 12 12 12 12 12 12 4 4 4 7 7 7 7 7 7 7 7 7 7 10 10 10 10 10 10 10 10 7 7 7 7 7 7
5 7 7 7 5 11 11 11 11 5 5 5 9 8 8 8 3 3 3 3 9 7 7 7 7 6 6 6 6 11 11 11 11 11 7 7 7 7 7 9 9 11 11 9 9 8 8 8 8 8 8 11 11 6 7 7 7 7 7 4 4 4 9 9 9 9 9 10 10 10 10 9 9 9 9 9 6 6 8 8 8 8 8 8 8 8 8 8 8 8 8 8 11 11 12 12 12 12 7 7 7 7 10 10 10 10 4 4 4 6 6 6 6 2 2 2 0 8 8 8 8 8 8 11 11 11 11 11 11 12 12 12 12 12 12 4 4 4 7 7 7 7 7 7 7 7 7 7 10 10 10 10 10 10 10 10 7 7 7 7 7 7
8 7 7 7 6 10 10 10 10 6 6 6 5 3 3 3 8 8 8 8 11 7 7 1 3 5 5 5 5 9 9 9 10 10 7 7 7 7 7 8 8 10 10 5 5 4 4 4 4 4 4 10 10 7 7 9 9 9 9 9 9 9 6 6 6 6 6 9 9 9 9 6 6 6 6 6 7 7 10 10 10 5 5 5 5 5 5 5 6 6 6 6 10 10 11 11 11 11 7 7 7 7 6 6 6 6 8 8 8 7 7 7 7 8 8 8 8 0 2 2 2 2 2 10 10 10 10 10 10 11 11 11 11 11 11 9 9 9 6 6 6 6 6 6 6 6 6 6 8 8 8 8 8 8 8 8 6 6 6 6 6 6
8 7 7 7 6 10 10 10 10 6 6 6 5 3 3 3 8 8 8 8 11 7 7 1 3 5 5 5 5 9 9 9 10 10 7 7 7 7 7 8 8 10 10 5 5 4 4 4 4 4 4 10 10 7 7 9 9 9 9 9 9 9 6 6 6 6 6 9 9 9 9 6 6 6 6 6 7 7 10 10 10 5 5 5 5 5 5 5 6 6 6 6 10 10 11 11 11 11 7 7 7 7 6 6 6 6 8 8 8 7 7 7 7 8 8 8 8 2 0 2 2 2 2 10 10 10 10 10 10 11 11 11 11 11 11 9 9 9 6 6 6 6 6 6 6 6 6 6 8 8 8 8 8 8 8 8 6 6 6 6 6 6
8 7 7 7 6 10 10 10 10 6 6 6 5 3 3 3 8 8 8 8 11 7 7 1 3 5 5 5 5 9 9 9 10 10 7 7 7 7 7 8 8 10 10 5 5 4 4 4 4 4 4 10 10 7 7 9 9 9 9 9 9 9 6 6 6 6 6 9 9 9 9 6 6 6 6 6 7 7 10 10 10 5 5 5 5 5 5 5 6 6 6 6 10 10 11 11 11 11 7 7 7 7 6 6 6 6 8 8 8 7 7 7 7 8 8 8 8 2 2 0 2 2 2 10 10 10 10 10 10 11 11 11 11 11 11 9 9 9 6 6 6 6 6 6 6 6 6 6 8 8 8 8 8 8 8 8 6 6 6 6 6 6
8 7 7 7 6 10 10 10 10 6 6 6 5 3 3 3 8 8 8 8 11 7 7 1 3 5 5 5 5 9 9 9 10 10 7 7 7 7 7 8 8 10 10 5 5 4 4 4 4 4 4 10 10 7 7 9 9 9 9 9 9 9 6 6 6 6 6 9 9 9 9 6 6 6 6 6 7 7 10 10 10 5 5 5 5 5 5 5 6 6 6 6 10 10 11 11 11 11 7 7 7 7 6 6 6 6 8 8 8 7 7 7 7 8 8 8 8 2 2 2 0 2 2 10 10 10 10 10 10 11 11 11 11 11 11 9 9 9 6 6 6 6 6 6 6 6 6 6 8 8 8 8 8 8 8 8 6 6 6 6 6 6
8 7 7 7 6 10 10 10 10 6 6 6 5 3 3 3 8 8 8 8 11 7 7 1 3 5 5 5 5 9 9 9 10 10 7 7 7 7 7 8 8 10 10 5 5 4 4 4 4 4 4 10 10 7 7 9 9 9 9 9 9 9 6 6 6 6 6 9 9 9 9 6 6 6 6 6 7 7 10 10 10 5 5 5 5 5 5 5 6 6 6 6 10 10 11 11 11 11 7 7 7 7 6 6 6 6 8 8 8 7 7 7 7 8 8 8 8 2 2 2 2 0 2 10 10 10 10 10 10 11 11 11 11 11 11 9 9 9 6 6 6 6 6 6 6 6 6 6 8 8 8 8 8 8 8 8 6 6 6 6 6 6
8 7 7 7 6 10 10 10 10 6 6 6 5 3 3 3 8 8 8 8 11 7 7 1 3 5 5 5 5 9 9 9 10 10 7 7 7 7 7 8 8 10 10 5 5 4 4 4 4 4 4 10 10 7 7 9 9 9 9 9 9 9 6 6 6 6 6 9 9 9 9 6 6 6 6 6 7 7 10 10 10 5 5 5 5 5 5 5 6 6 6 6 10 10 11 11 11 11 7 7 7 7 6 6 6 6 8 8 8 7 7 7 7 8 8 8 8 2 2 2 2 2 0 10 10 10 10 10 10 11 11 11 11 11 11 9 9 9 6 6 6 6 6 6 6 6 6 6 8 8 8 8 8 8 8 8 6 6 6 6 6 6
10 9 9 9 10 2 2 2 2 10 10 10 10 9 9 9 10 10 10 10 12 11 11 10 10 10 10 10 10 10 10 10 4 4 9 9 9 9 9 11 11 10 10 11 11 10 10 10 10 10 10 10 10 11 5 11 11 11 11 11 11 11 10 10 10 10 10 3 3 3 3 10 10 10 10 10 10 10 5 5 5 10 10 10 10 10 10 10 11 11 11 11 4 4 11 11 11 11 11 11 11 11 12 12 12 12 11 11 11 11 11 11 11 11 11 11 11 10 10 10 10 10 10 0 2 2 2 2 2 3 3 3 3 3 3 11 11 11 3 3 3 3 3 3 3 3 3 3 3 3 3 3 3 3 3 3 10 10 10 10 10 10
10 9 9 9 10 2 2 2 2 10 10 10 10 9 9 9 10 10 10 10 12 11 11 10 10 10 10 10 10 10 10 10 4 4 9 9 9 9 9 11 11 10 10 11 11 10 10 10 10 10 10 10 10 11 5 11 11 11 11 11 11 11 10 10 10 10 10 3 3 3 3 10 10 10 10 10 10 10 5 5 5 10 10 10 10 10 10 10 11 11 11 11 4 4 11 11 11 11 11 11 11 11 12 12 12 12 11 11 11 11 11 11 11 11 11 11 11 10 10 10 10 10 10 2 0 2 2 2 2 3 3 3 3 3 3 11 11 11 3 3 3 3 3 3 3 3 3 3 3 3 3 3 3 3 3 3 10 10 10 10 10 10
10 9 9 9 10 2 2 2 2 10 10 10 10 9 9 9 10 10 10 10 12 11 11 10 10 10 10 10 10 10 10 10 4 4 9 9 9 9 9 11 11 10 10 11 11 10 10 10 10 10 10 10 10 11 5 11 11 11 11 11 11 11 10 10 10 10 10 3 3 3 3 10 10 10 10 10 10 10 5 5 5 10 10 10 10 10 10 10 11 11 11 11 4 4 11 11 11 11 11 11 11 11 12 12 12 12 11 11 11 11 11 11 11 11 11 11 11 10 10 10 10 10 10 2 2 0 2 2 2 3 3 3 3 3 3 11 11 11 3 3 3 3 3 3 3 3 3 3 3 3 3 3 3 3 3 3 10 10 10 10 10 10
10 9 9 9 10 2 2 2 2 10 10 10 10 9 9 9 10 10 10 10 12 11 11 10 10 10 10 10 10 10 10 10 4 4 9 9 9 9 9 11 11 10 10 11 11 10 10 10 10 10 10 10 10 11 5 11 11 11 11 11 11 11 10 10 10 10 10 3 3 3 3 10 10 10 10 10 10 10 5 5 5 10 10 10 10 10 10 10 11 11 11 11 4 4 11 11 11 11 11 11 11 11 12 12 12 12 11 11 11 11 11 11 11 11 11 11 11 10 10 10 10 10 10 2 2 2 0 2 2 3 3 3 3 3 3 11 11 11 3 3 3 3 3 3 3 3 3 3 3 3 3 3 3 3 3 3 10 10 10 10 10 10
10 9 9 9 10 2 2 2 2 10 10 10 10 9 9 9 10 10 10 10 12 11 11 10 10 10 10 10 10 10 10 10 4 4 9 9 9 9 9 11 11 10 10 11 11 10 10 10 10 10 10 10 10 11 5 11 11 11 11 11 11 11 10 10 10 10 10 3 3 3 3 10 10 10 10 10 10 10 5 5 5 10 10 10 10 10 10 10 11 11 11 11 4 4 11 11 11 11 11 11 11 11 12 12 12 12 11 11 11 11 11 11 11 11 11 11 11 10 10 10 10 10 10 2 2 2 2 0 2 3 3 3 3 3 3 11 11 11 3 3 3 3 3 3 3 3 3 3 3 3 3 3 3 3 3 3 10 10 10 10 10 10
10 9 9 9 10 2 2 2 2 10 10 10 10 9 9 9 10 10 10 10 12 11 11 10 10 10 10 10 10 10 10 10 4 4 9 9 9 9 9 11 11 10 10 11 11 10 10 10 10 10 10 10 10 11 5 11 11 11 11 11 11 11 10 10 10 10 10 3 3 3 3 10 10 10 10 10 10 10 5 5 5 10 10 10 10 10 10 10 11 11 11 11 4 4 11 11 11 11 11 11 11 11 12 12 12 12 11 11 11 11 11 11 11 11 11 11 11 10 10 10 10 10 10 2 2 2 2 2 0 3 3 3 3 3 3 11 11 11 3 3 3 3 3 3 3 3 3 3 3 3 3 3 3 3 3 3 10 10 10 10 10 10
11 10 10 10 11 3 3 3 3 11 11 11 11 10 10 10 11 11 11 11 13 12 12 11 11 11 11 11 11 11 11 11 5 5 10 10 10 10 10 12 12 11 11 12 12 11 11 11 11 11 11 11 11 12 6 12 12 12 12 12 12 12 11 11 11 11 11 4 4 4 4 11 11 11 11 11 11 11 6 6 6 11 11 11 11 11 11 11 12 12 12 12 5 5 12 12 12 12 12 12 12 12 13 13 13 13 12 12 12 12 12 12 12 12 12 12 12 11 11 11 11 11 11 3 3 3 3 3 3 0 2 2 2 2 2 12 12 12 4 4 4 4 4 4 4 4 4 4 4 4 4 4 4 4 4 4 11 11 11 11 11 11
11 10 10 10 11 3 3 3 3 11 11 11 11 10 10 10 11 11 11 11 13 12 12 11 11 11 11 11 11 11 11 11 5 5 10 10 10 10 10 12 12 11 11 12 12 11 11 11 11 11 11 11 11 12 6 12 12 12 12 12 12 12 11 11 11 11 11 4 4 4 4 11 11 11 11 11 11 11 6 6 6 11 11 11 11 11 11 11 12 12 12 12 5 5 12 12 12 12 12 12 12 12 13 13 13 13 12 12 12 12 12 12 12 12 12 12 12 11 11 11 11 11 11 3 3 3 3 3 3 2 0 2 2 2 2 12 12 12 4 4 4 4 4 4 4 4 4 4 4 4 4 4 4 4 4 4 11 11 11 11 11 11
11 10 10 10 11 3 3 3 3 11 11 11 11 10 10 10 11 11 11 11 13 12 12 11 11 11 11 11 11 11 11 11 5 5 10 10 10 10 10 12 12 11 11 12 12 11 11 11 11 11 11 11 11 12 6 12 12 12 12 12 12 12 11 11 11 11 11 4 4 4 4 11 11 11 11 11 11 11 6 6 6 11 11 11 11 11 11 11 12 12 12 12 5 5 12 12 12 12 12 12 12 12 13 13 13 13 12 12 12 12 12 12 12 12 12 12 12 11 11 11 11 11 11 3 3 3 3 3 3 2 2 0 2 2 2 12 12 12 4 4 4 4 4 4 4 4 4 4 4 4 4 4 4 4 4 4 11 11 11 11 11 11
11 10 10 10 11 3 3 3 3 11 11 11 11 10 10 10 11 11 11 11 13 12 12 11 11 11 11 11 11 11 11 11 5 5 10 10 10 10 10 12 12 11 11 12 12 11 11 11 11 11 11 11 11 12 6 12 12 12 12 12 12 12 11 11 11 11 11 4 4 4 4 11 11 11 11 11 11 11 6 6 6 11 11 11 11 11 11 11 12 12 12 12 5 5 12 12 12 12 12 12 12 12 13 13 13 13 12 12 12 12 12 12 12 12 12 12 12 11 11 11 11 11 11 3 3 3 3 3 3 2 2 2 0 2 2 12 12 12 4 4 4 4 4 4 4 4 4 4 4 4 4 4 4 4 4 4 11 11 11 11 11 11
11 10 10 10 11 3 3 3 3 11 11 11 11 10 10 10 11 11 11 11 13 12 12 11 11 11 11 11 11 11 11 11 5 5 10 10 10 10 10 12 12 11 11 12 12 11 11 11 11 11 11 11 11 12 6 12 12 12 12 12 12 12 11 11 11 11 11 4 4 4 4 11 11 11 11 11 11 11 6 6 6 11 11 11 11 11 11 11 12 12 12 12 5 5 12 12 12 12 12 12 12 12 13 13 13 13 12 12 12 12 12 12 12 12 12 12 12 11 11 11 11 11 11 3 3 3 3 3 3 2 2 2 2 0 2 12 12 12 4 4 4 4 4 4 4 4 4 4 4 4 4 4 4 4 4 4 11 11 11 11 11 11
11 10 10 10 11 3 3 3 3 11 11 11 11 10 10 10 11 11 11 11 13 12 12 11 11 11 11 11 11 11 11 11 5 5 10 10 10 10 10 12 12 11 11 12 12 11 11 11 11 11 11 11 11 12 6 12 12 12 12 12 12 12 11 11 11 11 11 4 4 4 4 11 11 11 11 11 11 11 6 6 6 11 11 11 11 11 11 11 12 12 12 12 5 5 12 12 12 12 12 12 12 12 13 13 13 13 12 12 12 12 12 12 12 12 12 12 12 11 11 11 11 11 11 3 3 3 3 3 3 2 2 2 2 2 0 12 12 12 4 4 4 4 4 4 4 4 4 4 4 4 4 4 4 4 4 4 11 11 11 11 11 11
9 9 9 9 5 11 11 11 11 9 9 9 9 8 8 8 3 3 1 3 12 9 9 9 9 6 6 6 6 11 11 11 11 11 9 9 9 9 9 11 11 11 11 11 11 9 9 9 9 9 9 11 11 10 9 7 7 7 7 4 4 4 9 9 9 9 9 12 12 12 12 9 9 9 9 9 10 10 10 10 10 10 10 10 10 10 10 10 10 10 10 10 11 11 12 12 12 12 9 9 9 9 12 12 12 12 8 8 8 6 6 6 6 4 4 4 4 9 9 9 9 9 9 11 11 11 11 11 11 12 12 12 12 12 12 0 2 2 7 7 7 7 7 7 7 7 7 7 11 11 11 11 11 11 11 11 7 7 7 7 7 7
9 9 9 9 5 11 11 11 11 9 9 9 9 8 8 8 3 3 1 3 12 9 9 9 9 6 6 6 6 11 11 11 11 11 9 9 9 9 9 11 11 11 11 11 11 9 9 9 9 9 9 11 11 10 9 7 7 7 7 4 4 4 9 9 9 9 9 12 12 12 12 9 9 9 9 9 10 10 10 10 10 10 10 10 10 10 10 10 10 10 10 10 11 11 12 12 12 12 9 9 9 9 12 12 12 12 8 8 8 6 6 6 6 4 4 4 4 9 9 9 9 9 9 11 11 11 11 11 11 12 12 12 12 12 12 2 0 2 7 7 7 7 7 7 7 7 7 7 11 11 11 11 11 11 11 11 7 7 7 7 7 7
9 9 9 9 5 11 11 11 11 9 9 9 9 8 8 8 3 3 1 3 12 9 9 9 9 6 6 6 6 11 11 11 11 11 9 9 9 9 9 11 11 11 11 11 11 9 9 9 9 9 9 11 11 10 9 7 7 7 7 4 4 4 9 9 9 9 9 12 12 12 12 9 9 9 9 9 10 10 10 10 10 10 10 10 10 10 10 10 10 10 10 10 11 11 12 12 12 12 9 9 9 9 12 12 12 12 8 8 8 6 6 6 6 4 4 4 4 9 9 9 9 9 9 11 11 11 11 11 11 12 12 12 12 12 12 2 2 0 7 7 7 7 7 7 7 7 7 7 11 11 11 11 11 11 11 11 7 7 7 7 7 7
10 10 10 10 4 3 3 3 1 10 10 10 5 9 9 9 6 6 6 6 13 10 10 5 5 3 1 3 3 11 11 11 5 5 10 10 10 10 10 11 11 3 3 5 5 10 10 10 10 10 10 5 5 4 6 8 8 8 8 7 7 7 7 7 7 7 7 4 4 4 4 10 10 10 10 10 5 5 6 6 6 5 5 5 5 5 5 5 6 6 6 6 4 4 4 4 4 4 10 10 10 10 6 6 6 6 9 9 9 5 5 5 5 7 7 7 7 6 6 6 6 6 6 3 3 3 3 3 3 4 4 4 4 4 4 7 7 7 0 2 2 2 2 2 2 2 2 2 4 4 4 4 4 4 4 4 4 4 4 4 4 4
10 10 10 10 4 3 3 3 1 10 10 10 5 9 9 9 6 6 6 6 13 10 10 5 5 3 1 3 3 11 11 11 5 5 10 10 10 10 10 11 11 3 3 5 5 10 10 10 10 10 10 5 5 4 6 8 8 8 8 7 7 7 7 7 7 7 7 4 4 4 4 10 10 10 10 10 5 5 6 6 6 5 5 5 5 5 5 5 6 6 6 6 4 4 4 4 4 4 10 10 10 10 6 6 6 6 9 9 9 5 5 5 5 7 7 7 7 6 6 6 6 6 6 3 3 3 3 3 3 4 4 4 4 4 4 7 7 7 2 0 2 2 2 2 2 2 2 2 4 4 4 4 4 4 4 4 4 4 4 4 4 4
10 10 10 10 4 3 3 3 1 10 10 10 5 9 9 9 6 6 6 6 13 10 10 5 5 3 1 3 3 11 11 11 5 5 10 10 10 10 10 11 11 3 3 5 5 10 10 10 10 10 10 5 5 4 6 8 8 8 8 7 7 7 7 7 7 7 7 4 4 4 4 10 10 10 10 10 5 5 6 6 6 5 5 5 5 5 5 5 6 6 6 6 4 4 4 4 4 4 10 10 10 10 6 6 6 6 9 9 9 5 5 5 5 7 7 7 7 6 6 6 6 6 6 3 3 3 3 3 3 4 4 4 4 4 4 7 7 7 2 2 0 2 2 2 2 2 2 2 4 4 4 4 4 4 4 4 4 4 4 4 4 4
10 10 10 10 4 3 3 3 1 10 10 10 5 9 9 9 6 6 6 6 13 10 10 5 5 3 1 3 3 11 11 11 5 5 10 10 10 10 10 11 11 3 3 5 5 10 10 10 10 10 10 5 5 4 6 8 8 8 8 7 7 7 7 7 7 7 7 4 4 4 4 10 10 10 10 10 5 5 6 6 6 5 5 5 5 5 5 5 6 6 6 6 4 4 4 4 4 4 10 10 10 10 6 6 6 6 9 9 9 5 5 5 5 7 7 7 7 6 6 6 6 6 6 3 3 3 3 3 3 4 4 4 4 4 4 7 7 7 2 2 2 0 2 2 2 2 2 2 4 4 4 4 4 4 4 4 4 4 4 4 4 4
10 10 10 10 4 3 3 3 1 10 10 10 5 9 9 9 6 6 6 6 13 10 10 5 5 3 1 3 3 11 11 11 5 5 10 10 10 10 10 11 11 3 3 5 5 10 10 10 10 10 10 5 5 4 6 8 8 8 8 7 7 7 7 7 7 7 7 4 4 4 4 10 10 10 10 10 5 5 6 6 6 5 5 5 5 5 5 5 6 6 6 6 4 4 4 4 4 4 10 10 10 10 6 6 6 6 9 9 9 5 5 5 5 7 7 7 7 6 6 6 6 6 6 3 3 3 3 3 3 4 4 4 4 4 4 7 7 7 2 2 2 2 0 2 2 2 2 2 4 4 4 4 4 4 4 4 4 4 4 4 4 4
10 10 10 10 4 3 3 3 1 10 10 10 5 9 9 9 6 6 6 6 13 10 10 5 5 3 1 3 3 11 11 11 5 5 10 10 10 10 10 11 11 3 3 5 5 10 10 10 10 10 10 5 5 4 6 8 8 8 8 7 7 7 7 7 7 7 7 4 4 4 4 10 10 10 10 10 5 5 6 6 6 5 5 5 5 5 5 5 6 6 6 6 4 4 4 4 4 4 10 10 10 10 6 6 6 6 9 9 9 5 5 5 5 7 7 7 7 6 6 6 6 6 6 3 3 3 3 3 3 4 4 4 4 4 4 7 7 7 2 2 2 2 2 0 2 2 2 2 4 4 4 4 4 4 4 4 4 4 4 4 4 4
10 10 10 10 4 3 3 3 1 10 10 10 5 9 9 9 6 6 6 6 13 10 10 5 5 3 1 3 3 11 11 11 5 5 10 10 10 10 10 11 11 3 3 5 5 10 10 10 10 10 10 5 5 4 6 8 8 8 8 7 7 7 7 7 7 7 7 4 4 4 4 10 10 10 10 10 5 5 6 6 6 5 5 5 5 5 5 5 6 6 6 6 4 4 4 4 4 4 10 10 10 10 6 6 6 6 9 9 9 5 5 5 5 7 7 7 7 6 6 6 6 6 6 3 3 3 3 3 3 4 4 4 4 4 4 7 7 7 2 2 2 2 2 2 0 2 2 2 4 4 4 4 4 4 4 4 4 4 4 4 4 4
10 10 10 10 4 3 3 3 1 10 10 10 5 9 9 9 6 6 6 6 13 10 10 5 5 3 1 3 3 11 11 11 5 5 10 10 10 10 10 11 11 3 3 5 5 10 10 10 10 10 10 5 5 4 6 8 8 8 8 7 7 7 7 7 7 7 7 4 4 4 4 10 10 10 10 10 5 5 6 6 6 5 5 5 5 5 5 5 6 6 6 6 4 4 4 4 4 4 10 10 10 10 6 6 6 6 9 9 9 5 5 5 5 7 7 7 7 6 6 6 6 6 6 3 3 3 3 3 3 4 4 4 4 4 4 7 7 7 2 2 2 2 2 2 2 0 2 2 4 4 4 4 4 4 4 4 4 4 4 4 4 4
10 10 10 10 4 3 3 3 1 10 10 10 5 9 9 9 6 6 6 6 13 10 10 5 5 3 1 3 3 11 11 11 5 5 10 10 10 10 10 11 11 3 3 5 5 10 10 10 10 10 10 5 5 4 6 8 8 8 8 7 7 7 7 7 7 7 7 4 4 4 4 10 10 10 10 10 5 5 6 6 6 5 5 5 5 5 5 5 6 6 6 6 4 4 4 4 4 4 10 10 10 10 6 6 6 6 9 9 9 5 5 5 5 7 7 7 7 6 6 6 6 6 6 3 3 3 3 3 3 4 4 4 4 4 4 7 7 7 2 2 2 2 2 2 2 2 0 2 4 4 4 4 4 4 4 4 4 4 4 4 4 4
10 10 10 10 4 3 3 3 1 10 10 10 5 9 9 9 6 6 6 6 13 10 10 5 5 3 1 3 3 11 11 11 5 5 10 10 10 10 10 11 11 3 3 5 5 10 10 10 10 10 10 5 5 4 6 8 8 8 8 7 7 7 7 7 7 7 7 4 4 4 4 10 10 10 10 10 5 5 6 6 6 5 5 5 5 5 5 5 6 6 6 6 4 4 4 4 4 4 10 10 10 10 6 6 6 6 9 9 9 5 5 5 5 7 7 7 7 6 6 6 6 6 6 3 3 3 3 3 3 4 4 4 4 4 4 7 7 7 2 2 2 2 2 2 2 2 2 0 4 4 4 4 4 4 4 4 4 4 4 4 4 4
6 9 9 9 6 1 3 3 3 6 6 6 6 9 9 9 10 10 10 10 9 10 10 7 7 11 11 11 11 7 7 7 5 5 10 10 10 10 10 6 6 11 11 10 10 10 10 10 10 10 10 11 11 7 6 8 8 8 8 11 11 11 7 7 7 7 7 4 4 4 4 6 6 6 6 6 7 7 6 6 6 10 10 10 10 10 10 10 7 7 7 7 5 5 12 12 12 12 10 10 10 10 11 11 11 11 10 10 10 7 7 7 7 10 10 10 10 8 8 8 8 8 8 3 3 3 3 3 3 4 4 4 4 4 4 11 11 11 4 4 4 4 4 4 4 4 4 4 0 2 2 2 2 2 2 2 7 7 7 7 7 7
6 9 9 9 6 1 3 3 3 6 6 6 6 9 9 9 10 10 10 10 9 10 10 7 7 11 11 11 11 7 7 7 5 5 10 10 10 10 10 6 6 11 11 10 10 10 10 10 10 10 10 11 11 7 6 8 8 8 8 11 11 11 7 7 7 7 7 4 4 4 4 6 6 6 6 6 7 7 6 6 6 10 10 10 10 10 10 10 7 7 7 7 5 5 12 12 12 12 10 10 10 10 11 11 11 11 10 10 10 7 7 7 7 10 10 10 10 8 8 8 8 8 8 3 3 3 3 3 3 4 4 4 4 4 4 11 11 11 4 4 4 4 4 4 4 4 4 4 2 0 2 2 2 2 2 2 7 7 7 7 7 7
6 9 9 9 6 1 3 3 3 6 6 6 6 9 9 9 10 10 10 10 9 10 10 7 7 11 11 11 11 7 7 7 5 5 10 10 10 10 10 6 6 11 11 10 10 10 10 10 10 10 10 11 11 7 6 8 8 8 8 11 11 11 7 7 7 7 7 4 4 4 4 6 6 6 6 6 7 7 6 6 6 10 10 10 10 10 10 10 7 7 7 7 5 5 12 12 12 12 10 10 10 10 11 11 11 11 10 10 10 7 7 7 7 10 10 10 10 8 8 8 8 8 8 3 3 3 3 3 3 4 4 4 4 4 4 11 11 11 4 4 4 4 4 4 4 4 4 4 2 2 0 2 2 2 2 2 7 7 7 7 7 7
6 9 9 9 6 1 3 3 3 6 6 6 6 9 9 9 10 10 10 10 9 10 10 7 7 11 11 11 11 7 7 7 5 5 10 10 10 10 10 6 6 11 11 10 10 10 10 10 10 10 10 11 11 7 6 8 8 8 8 11 11 11 7 7 7 7 7 4 4 4 4 6 6 6 6 6 7 7 6 6 6 10 10 10 10 10 10 10 7 7 7 7 5 5 12 12 12 12 10 10 10 10 11 11 11 11 10 10 10 7 7 7 7 10 10 10 10 8 8 8 8 8 8 3 3 3 3 3 3 4 4 4 4 4 4 11 11 11 4 4 4 4 4 4 4 4 4 4 2 2 2 0 2 2 2 2 7 7 7 7 7 7
6 9 9 9 6 1 3 3 3 6 6 6 6 9 9 9 10 10 10 10 9 10 10 7 7 11 11 11 11 7 7 7 5 5 10 10 10 10 10 6 6 11 11 10 10 10 10 10 10 10 10 11 11 7 6 8 8 8 8 11 11 11 7 7 7 7 7 4 4 4 4 6 6 6 6 6 7 7 6 6 6 10 10 10 10 10 10 10 7 7 7 7 5 5 12 12 12 12 10 10 10 10 11 11 11 11 10 10 10 7 7 7 7 10 10 10 10 8 8 8 8 8 8 3 3 3 3 3 3 4 4 4 4 4 4 11 11 11 4 4 4 4 4 4 4 4 4 4 2 2 2 2 0 2 2 2 7 7 7 7 7 7
6 9 9 9 6 1 3 3 3 6 6 6 6 9 9 9 10 10 10 10 9 10 10 7 7 11 11 11 11 7 7 7 5 5 10 10 10 10 10 6 6 11 11 10 10 10 10 10 10 10 10 11 11 7 6 8 8 8 8 11 11 11 7 7 7 7 7 4 4 4 4 6 6 6 6 6 7 7 6 6 6 10 10 10 10 10 10 10 7 7 7 7 5 5 12 12 12 12 10 10 10 10 11 11 11 11 10 10 10 7 7 7 7 10 10 10 10 8 8 8 8 8 8 3 3 3 3 3 3 4 4 4 4 4 4 11 11 11 4 4 4 4 4 4 4 4 4 4 2 2 2 2 2 0 2 2 7 7 7 7 7 7
6 9 9 9 6 1 3 3 3 6 6 6 6 9 9 9 10 10 10 10 9 10 10 7 7 11 11 11 11 7 7 7 5 5 10 10 10 10 10 6 6 11 11 10 10 10 10 10 10 10 10 11 11 7 6 8 8 8 8 11 11 11 7 7 7 7 7 4 4 4 4 6 6 6 6 6 7 7 6 6 6 10 10 10 10 10 10 10 7 7 7 7 5 5 12 12 12 12 10 10 10 10 11 11 11 11 10 10 10 7 7 7 7 10 10 10 10 8 8 8 8 8 8 3 3 3 3 3 3 4 4 4 4 4 4 11 11 11 4 4 4 4 4 4 4 4 4 4 2 2 2 2 2 2 0 2 7 7 7 7 7 7
6 9 9 9 6 1 3 3 3 6 6 6 6 9 9 9 10 10 10 10 9 10 10 7 7 11 11 11 11 7 7 7 5 5 10 10 10 10 10 6 6 11 11 10 10 10 10 10 10 10 10 11 11 7 6 8 8 8 8 11 11 11 7 7 7 7 7 4 4 4 4 6 6 6 6 6 7 7 6 6 6 10 10 10 10 10 10 10 7 7 7 7 5 5 12 12 12 12 10 10 10 10 11 11 11 11 10 10 10 7 7 7 7 10 10 10 10 8 8 8 8 8 8 3 3 3 3 3 3 4 4 4 4 4 4 11 11 11 4 4 4 4 4 4 4 4 4 4 2 2 2 2 2 2 2 0 7 7 7 7 7 7
7 9 9 9 4 10 10 10 10 7 7 7 5 9 9 9 6 6 6 6 10 10 10 5 5 3 3 3 1 2 2 2 10 10 7 7 7 7 7 7 7 3 3 5 5 8 8 8 8 8 8 5 5 4 6 5 5 5 5 7 7 7 7 7 7 7 7 10 10 10 10 7 7 7 7 7 5 5 8 8 8 5 5 5 5 5 5 5 6 6 6 6 4 4 4 4 4 4 10 10 10 10 6 6 6 6 9 9 9 5 5 5 5 7 7 7 7 6 6 6 6 6 6 10 10 10 10 10 10 11 11 11 11 11 11 7 7 7 4 4 4 4 4 4 4 4 4 4 7 7 7 7 7 7 7 7 0 2 2 2 2 2
7 9 9 9 4 10 10 10 10 7 7 7 5 9 9 9 6 6 6 6 10 10 10 5 5 3 3 3 1 2 2 2 10 10 7 7 7 7 7 7 7 3 3 5 5 8 8 8 8 8 8 5 5 4 6 5 5 5 5 7 7 7 7 7 7 7 7 10 10 10 10 7 7 7 7 7 5 5 8 8 8 5 5 5 5 5 5 5 6 6 6 6 4 4 4 4 4 4 10 10 10 10 6 6 6 6 9 9 9 5 5 5 5 7 7 7 7 6 6 6 6 6 6 10 10 10 10 10 10 11 11 11 11 11 11 7 7 7 4 4 4 4 4 4 4 4 4 4 7 7 7 7 7 7 7 7 2 0 2 2 2 2
7 9 9 9 4 10 10 10 10 7 7 7 5 9 9 9 6 6 6 6 10 10 10 5 5 3 3 3 1 2 2 2 10 10 7 7 7 7 7 7 7 3 3 5 5 8 8 8 8 8 8 5 5 4 6 5 5 5 5 7 7 7 7 7 7 7 7 10 10 10 10 7 7 7 7 7 5 5 8 8 8 5 5 5 5 5 5 5 6 6 6 6 4 4 4 4 4 4 10 10 10 10 6 6 6 6 9 9 9 5 5 5 5 7 7 7 7 6 6 6 6 6 6 10 10 10 10 10 10 11 11 11 11 11 11 7 7 7 4 4 4 4 4 4 4 4 4 4 7 7 7 7 7 7 7 7 2 2 0 2 2 2
7 9 9 9 4 10 10 10 10 7 7 7 5 9 9 9 6 6 6 6 10 10 10 5 5 3 3 3 1 2 2 2 10 10 7 7 7 7 7 7 7 3 3 5 5 8 8 8 8 8 8 5 5 4 6 5 5 5 5 7 7 7 7 7 7 7 7 10 10 10 10 7 7 7 7 7 5 5 8 8 8 5 5 5 5 5 5 5 6 6 6 6 4 4 4 4 4 4 10 10 10 10 6 6 6 6 9 9 9 5 5 5 5 7 7 7 7 6 6 6 6 6 6 10 10 10 10 10 10 11 11 11 11 11 11 7 7 7 4 4 4 4 4 4 4 4 4 4 7 7 7 7 7 7 7 7 2 2 2 0 2 2
7 9 9 9 4 10 10 10 10 7 7 7 5 9 9 9 6 6 6 6 10 10 10 5 5 3 3 3 1 2 2 2 10 10 7 7 7 7 7 7 7 3 3 5 5 8 8 8 8 8 8 5 5 4 6 5 5 5 5 7 7 7 7 7 7 7 7 10 10 10 10 7 7 7 7 7 5 5 8 8 8 5 5 5 5 5 5 5 6 6 6 6 4 4 4 4 4 4 10 10 10 10 6 6 6 6 9 9 9 5 5 5 5 7 7 7 7 6 6 6 6 6 6 10 10 10 10 10 10 11 11 11 11 11 11 7 7 7 4 4 4 4 4 4 4 4 4 4 7 7 7 7 7 7 7 7 2 2 2 2 0 2
7 9 9 9 4 10 10 10 10 7 7 7 5 9 9 9 6 6 6 6 10 10 10 5 5 3 3 3 1 2 2 2 10 10 7 7 7 7 7 7 7 3 3 5 5 8 8 8 8 8 8 5 5 4 6 5 5 5 5 7 7 7 7 7 7 7 7 10 10 10 10 7 7 7 7 7 5 5 8 8 8 5 5 5 5 5 5 5 6 6 6 6 4 4 4 4 4 4 10 10 10 10 6 6 6 6 9 9 9 5 5 5 5 7 7 7 7 6 6 6 6 6 6 10 10 10 10 10 10 11 11 11 11 11 11 7 7 7 4 4 4 4 4 4 4 4 4 4 7 7 7 7 7 7 7 7 2 2 2 2 2 0
