0 5 5 5 7 7 6 6 7 2 6 6 6 6 6 6 3 3 3 3 3 3 8 8 8 8 4
5 0 4 4 4 4 5 5 5 5 5 5 5 5 5 5 6 6 6 6 6 6 5 5 5 5 7
5 4 0 2 2 2 5 5 3 3 3 3 3 3 3 3 6 6 6 6 6 6 3 3 3 3 7
5 4 2 0 2 2 5 5 3 3 1 1 1 1 1 1 6 6 6 6 6 6 3 3 3 3 7
7 4 2 2 0 2 8 8 3 3 3 3 3 3 3 3 8 8 8 8 8 8 3 3 3 3 7
7 4 2 2 2 0 8 8 3 1 3 3 3 3 3 3 8 8 8 8 8 8 3 3 3 3 7
6 5 5 5 8 8 0 2 3 6 6 6 6 6 6 6 7 7 7 7 7 7 9 9 9 9 7
6 5 5 5 8 8 2 0 1 6 6 6 6 6 6 6 7 7 7 7 7 7 9 9 9 9 7
7 5 3 3 3 3 3 1 0 4 4 4 4 4 4 4 8 8 8 8 8 8 4 4 4 4 8
2 5 3 3 3 1 6 6 4 0 4 4 4 4 4 4 3 3 3 3 3 3 4 4 4 4 8
6 5 3 1 3 3 6 6 4 4 0 2 2 2 2 2 7 7 7 7 7 7 4 4 4 4 8
6 5 3 1 3 3 6 6 4 4 2 0 2 2 2 2 7 7 7 7 7 7 4 4 4 4 8
6 5 3 1 3 3 6 6 4 4 2 2 0 2 2 2 7 7 7 7 7 7 4 4 4 4 8
6 5 3 1 3 3 6 6 4 4 2 2 2 0 2 2 7 7 7 7 7 7 4 4 4 4 8
6 5 3 1 3 3 6 6 4 4 2 2 2 2 0 2 7 7 7 7 7 7 4 4 4 4 8
6 5 3 1 3 3 6 6 4 4 2 2 2 2 2 0 7 7 7 7 7 7 4 4 4 4 8
3 6 6 6 8 8 7 7 8 3 7 7 7 7 7 7 0 2 2 2 2 2 9 9 9 9 5
3 6 6 6 8 8 7 7 8 3 7 7 7 7 7 7 2 0 2 2 2 2 9 9 9 9 5
3 6 6 6 8 8 7 7 8 3 7 7 7 7 7 7 2 2 0 2 2 2 9 9 9 9 5
3 6 6 6 8 8 7 7 8 3 7 7 7 7 7 7 2 2 2 0 2 2 9 9 9 9 5
3 6 6 6 8 8 7 7 8 3 7 7 7 7 7 7 2 2 2 2 0 2 9 9 9 9 5
3 6 6 6 8 8 7 7 8 3 7 7 7 7 7 7 2 2 2 2 2 0 9 9 9 9 5
8 5 3 3 3 3 9 9 4 4 4 4 4 4 4 4 9 9 9 9 9 9 0 2 2 2 8
8 5 3 3 3 3 9 9 4 4 4 4 4 4 4 4 9 9 9 9 9 9 2 0 2 2 8
8 5 3 3 3 3 9 9 4 4 4 4 4 4 4 4 9 9 9 9 9 9 2 2 0 2 8
8 5 3 3 3 3 9 9 4 4 4 4 4 4 4 4 9 9 9 9 9 9 2 2 2 0 8
4 7 7 7 7 7 7 7 8 8 8 8 8 8 8 8 5 5 5 5 5 5 8 8 8 8 0
