0 7 7 7 7 7 7 7 7 7 7 7 7 7 7 6 6 6 7 7 7 7 7 7 2 2 8 8 8 8 8 8 8 7 7 7 7 8 8 8 8 8 7 7 8 8 8 8
7 0 2 2 8 8 8 8 8 8 8 8 10 10 11 11 11 11 8 8 8 8 8 11 7 7 3 3 3 3 3 3 3 12 11 11 11 9 9 9 9 9 8 8 1 1 3 3
7 2 0 2 8 8 8 8 8 8 8 8 10 10 11 11 11 11 8 8 8 8 8 11 7 7 3 3 3 3 3 3 3 12 11 11 11 9 9 9 9 9 8 8 3 3 1 1
7 2 2 0 8 8 8 8 8 8 8 8 10 10 11 11 11 11 8 8 8 8 8 11 7 7 3 3 3 3 3 3 3 12 11 11 11 9 9 9 9 9 8 8 3 3 3 3
7 8 8 8 0 2 2 2 13 8 8 8 7 7 12 12 12 12 4 4 4 4 8 8 7 7 3 3 3 3 3 3 3 13 9 9 9 5 5 5 5 5 13 13 3 3 5 5
7 8 8 8 2 0 2 2 13 8 8 8 7 7 12 12 12 12 4 4 4 4 8 8 7 7 3 3 3 3 3 3 3 13 9 9 9 5 5 5 5 5 13 13 3 3 5 5
7 8 8 8 2 2 0 2 13 8 8 8 7 7 12 12 12 12 4 4 4 4 8 8 7 7 3 3 3 3 3 3 3 13 9 9 9 5 5 5 5 5 13 13 3 3 5 5
7 8 8 8 2 2 2 0 13 8 8 8 7 7 12 12 12 12 4 4 4 4 8 8 7 7 3 3 3 3 3 3 3 13 9 9 9 5 5 5 5 5 13 13 1 1 5 5
7 8 8 8 13 13 13 13 0 8 12 12 10 10 12 11 11 11 12 12 12 12 4 12 7 7 9 9 9 9 9 9 9 12 12 12 12 13 13 13 13 13 4 4 9 9 9 9
7 8 8 8 8 8 8 8 8 0 8 8 7 7 9 8 8 8 8 8 8 8 7 8 7 7 9 9 9 9 9 9 9 9 9 9 9 9 9 9 9 9 8 8 9 9 9 9
7 8 8 8 8 8 8 8 12 8 0 2 9 9 12 11 11 11 8 8 8 8 8 9 7 7 9 9 9 9 9 9 9 12 9 9 9 9 9 9 9 9 12 12 9 9 9 9
7 8 8 8 8 8 8 8 12 8 2 0 9 9 12 11 11 11 8 8 8 8 8 9 7 7 9 9 9 9 9 9 9 12 9 9 9 9 9 9 9 9 12 12 9 9 9 9
7 10 10 10 7 7 7 7 10 7 9 9 0 2 4 5 5 5 7 6 6 6 5 7 7 7 8 8 8 8 8 8 8 6 8 8 8 7 7 7 7 7 10 10 8 8 8 8
7 10 10 10 7 7 7 7 10 7 9 9 2 0 4 5 5 5 7 6 6 6 5 7 7 7 8 8 8 8 8 8 8 6 8 8 8 7 7 7 7 7 10 10 8 8 8 8
7 11 11 11 12 12 12 12 12 9 12 12 4 4 0 5 5 5 8 6 6 6 10 8 7 7 12 12 12 12 12 12 12 6 8 8 8 7 7 7 7 7 12 12 12 12 9 9
6 11 11 11 12 12 12 12 11 8 11 11 5 5 5 0 2 2 7 5 5 5 10 7 6 6 12 12 12 12 12 12 12 3 7 7 7 6 6 6 6 6 11 11 12 12 8 8
6 11 11 11 12 12 12 12 11 8 11 11 5 5 5 2 0 2 7 5 5 5 10 7 6 6 12 12 12 12 12 12 12 3 7 7 7 6 6 6 6 6 11 11 12 12 8 8
6 11 11 11 12 12 12 12 11 8 11 11 5 5 5 2 2 0 7 5 5 5 10 7 6 6 12 12 12 12 12 12 12 3 7 7 7 6 6 6 6 6 11 11 12 12 8 8
7 8 8 8 4 4 4 4 12 8 8 8 7 7 8 7 7 7 0 4 4 4 7 4 7 7 5 5 5 5 5 5 5 8 4 4 4 5 5 5 5 5 12 12 5 5 1 1
7 8 8 8 4 4 4 4 12 8 8 8 6 6 6 5 5 5 4 0 2 2 8 8 7 7 5 5 5 5 5 5 5 6 8 8 8 3 3 3 3 3 12 12 5 5 5 5
7 8 8 8 4 4 4 4 12 8 8 8 6 6 6 5 5 5 4 2 0 2 8 8 7 7 5 5 5 5 5 5 5 6 8 8 8 3 3 3 3 3 12 12 5 5 5 5
7 8 8 8 4 4 4 4 12 8 8 8 6 6 6 5 5 5 4 2 2 0 8 8 7 7 5 5 5 5 5 5 5 6 8 8 8 3 3 3 3 3 12 12 5 5 5 5
7 8 8 8 8 8 8 8 4 7 8 8 5 5 10 10 10 10 7 8 8 8 0 7 7 7 9 9 9 9 9 9 9 11 7 7 7 9 9 9 9 9 4 4 9 9 8 8
7 11 11 11 8 8 8 8 12 8 9 9 7 7 8 7 7 7 4 8 8 8 7 0 7 7 9 9 9 9 9 9 9 8 4 4 4 9 9 9 9 9 12 12 9 9 5 5
2 7 7 7 7 7 7 7 7 7 7 7 7 7 7 6 6 6 7 7 7 7 7 7 0 2 8 8 8 8 8 8 8 7 7 7 7 8 8 8 8 8 7 7 8 8 8 8
2 7 7 7 7 7 7 7 7 7 7 7 7 7 7 6 6 6 7 7 7 7 7 7 2 0 8 8 8 8 8 8 8 7 7 7 7 8 8 8 8 8 7 7 8 8 8 8
8 3 3 3 3 3 3 3 9 9 9 9 8 8 12 12 12 12 5 5 5 5 9 9 8 8 0 2 2 2 2 2 2 13 10 10 10 6 6 6 6 6 9 9 4 4 4 4
8 3 3 3 3 3 3 3 9 9 9 9 8 8 12 12 12 12 5 5 5 5 9 9 8 8 2 0 2 2 2 2 2 13 10 10 10 6 6 6 6 6 9 9 4 4 4 4
8 3 3 3 3 3 3 3 9 9 9 9 8 8 12 12 12 12 5 5 5 5 9 9 8 8 2 2 0 2 2 2 2 13 10 10 10 6 6 6 6 6 9 9 4 4 4 4
8 3 3 3 3 3 3 3 9 9 9 9 8 8 12 12 12 12 5 5 5 5 9 9 8 8 2 2 2 0 2 2 2 13 10 10 10 6 6 6 6 6 9 9 4 4 4 4
8 3 3 3 3 3 3 3 9 9 9 9 8 8 12 12 12 12 5 5 5 5 9 9 8 8 2 2 2 2 0 2 2 13 10 10 10 6 6 6 6 6 9 9 4 4 4 4
8 3 3 3 3 3 3 3 9 9 9 9 8 8 12 12 12 12 5 5 5 5 9 9 8 8 2 2 2 2 2 0 2 13 10 10 10 6 6 6 6 6 9 9 4 4 4 4
8 3 3 3 3 3 3 3 9 9 9 9 8 8 12 12 12 12 5 5 5 5 9 9 8 8 2 2 2 2 2 2 0 13 10 10 10 6 6 6 6 6 9 9 4 4 4 4
7 12 12 12 13 13 13 13 12 9 12 12 6 6 6 3 3 3 8 6 6 6 11 8 7 7 13 13 13 13 13 13 13 0 8 8 8 7 7 7 7 7 12 12 13 13 9 9
7 11 11 11 9 9 9 9 12 9 9 9 8 8 8 7 7 7 4 8 8 8 7 4 7 7 10 10 10 10 10 10 10 8 0 2 2 9 9 9 9 9 12 12 10 10 5 5
7 11 11 11 9 9 9 9 12 9 9 9 8 8 8 7 7 7 4 8 8 8 7 4 7 7 10 10 10 10 10 10 10 8 2 0 2 9 9 9 9 9 12 12 10 10 5 5
7 11 11 11 9 9 9 9 12 9 9 9 8 8 8 7 7 7 4 8 8 8 7 4 7 7 10 10 10 10 10 10 10 8 2 2 0 9 9 9 9 9 12 12 10 10 5 5
8 9 9 9 5 5 5 5 13 9 9 9 7 7 7 6 6 6 5 3 3 3 9 9 8 8 6 6 6 6 6 6 6 7 9 9 9 0 2 2 2 2 13 13 6 6 6 6
8 9 9 9 5 5 5 5 13 9 9 9 7 7 7 6 6 6 5 3 3 3 9 9 8 8 6 6 6 6 6 6 6 7 9 9 9 2 0 2 2 2 13 13 6 6 6 6
8 9 9 9 5 5 5 5 13 9 9 9 7 7 7 6 6 6 5 3 3 3 9 9 8 8 6 6 6 6 6 6 6 7 9 9 9 2 2 0 2 2 13 13 6 6 6 6
8 9 9 9 5 5 5 5 13 9 9 9 7 7 7 6 6 6 5 3 3 3 9 9 8 8 6 6 6 6 6 6 6 7 9 9 9 2 2 2 0 2 13 13 6 6 6 6
8 9 9 9 5 5 5 5 13 9 9 9 7 7 7 6 6 6 5 3 3 3 9 9 8 8 6 6 6 6 6 6 6 7 9 9 9 2 2 2 2 0 13 13 6 6 6 6
7 8 8 8 13 13 13 13 4 8 12 12 10 10 12 11 11 11 12 12 12 12 4 12 7 7 9 9 9 9 9 9 9 12 12 12 12 13 13 13 13 13 0 2 9 9 9 9
7 8 8 8 13 13 13 13 4 8 12 12 10 10 12 11 11 11 12 12 12 12 4 12 7 7 9 9 9 9 9 9 9 12 12 12 12 13 13 13 13 13 2 0 9 9 9 9
8 1 3 3 3 3 3 1 9 9 9 9 8 8 12 12 12 12 5 5 5 5 9 9 8 8 4 4 4 4 4 4 4 13 10 10 10 6 6 6 6 6 9 9 0 2 4 4
8 1 3 3 3 3 3 1 9 9 9 9 8 8 12 12 12 12 5 5 5 5 9 9 8 8 4 4 4 4 4 4 4 13 10 10 10 6 6 6 6 6 9 9 2 0 4 4
8 3 1 3 5 5 5 5 9 9 9 9 8 8 9 8 8 8 1 5 5 5 8 5 8 8 4 4 4 4 4 4 4 9 5 5 5 6 6 6 6 6 9 9 4 4 0 2
8 3 1 3 5 5 5 5 9 9 9 9 8 8 9 8 8 8 1 5 5 5 8 5 8 8 4 4 4 4 4 4 4 9 5 5 5 6 6 6 6 6 9 9 4 4 2 0
