0 4 5 5 4 4 4 4 4 5 5 5 5 5 5 5 5 5 5 5 5 6 5 5 5 5 5 5 5 5 5 5 5 5 5 2 2 2 2 2 2 2 2
4 0 5 5 4 4 4 4 4 5 5 5 5 5 5 5 5 5 5 5 5 6 2 2 2 2 2 2 3 3 3 3 3 3 3 4 4 4 4 4 4 4 4
5 5 0 2 5 5 5 4 4 6 5 6 6 6 6 6 6 6 6 6 6 3 5 5 5 5 5 5 6 6 6 6 6 6 6 5 5 5 5 5 5 5 5
5 5 2 0 5 5 5 4 4 6 5 6 6 6 6 6 6 6 6 6 6 1 5 5 5 5 5 5 6 6 6 6 6 6 6 5 5 5 5 5 5 5 5
4 4 5 5 0 2 2 4 4 5 5 3 3 3 3 3 3 3 3 3 3 6 3 3 3 3 3 3 5 5 5 5 5 5 5 4 4 4 4 4 4 4 4
4 4 5 5 2 0 2 4 4 5 5 1 1 1 1 1 1 3 3 3 3 6 3 3 3 3 3 3 5 5 5 5 5 5 5 4 4 4 4 4 4 4 4
4 4 5 5 2 2 0 4 4 5 5 3 3 3 3 3 3 3 3 3 3 6 3 3 3 3 3 3 5 5 5 5 5 5 5 4 4 4 4 4 4 4 4
4 4 4 4 4 4 4 0 2 6 3 5 5 5 5 5 5 5 5 5 5 5 5 5 5 5 5 5 5 5 5 5 5 5 5 4 4 4 4 4 4 4 4
4 4 4 4 4 4 4 2 0 6 1 5 5 5 5 5 5 5 5 5 5 5 5 5 5 5 5 5 5 5 5 5 5 5 5 4 4 4 4 4 4 4 4
5 5 6 6 5 5 5 6 6 0 7 6 6 6 6 6 6 6 6 6 6 7 5 5 5 5 5 5 6 6 6 6 6 6 6 6 6 6 6 6 6 6 6
5 5 5 5 5 5 5 3 1 7 0 6 6 6 6 6 6 6 6 6 6 6 6 6 6 6 6 6 6 6 6 6 6 6 6 5 5 5 5 5 5 5 5
5 5 6 6 3 1 3 5 5 6 6 0 2 2 2 2 2 4 4 4 4 7 4 4 4 4 4 4 6 6 6 6 6 6 6 5 5 5 5 5 5 5 5
5 5 6 6 3 1 3 5 5 6 6 2 0 2 2 2 2 4 4 4 4 7 4 4 4 4 4 4 6 6 6 6 6 6 6 5 5 5 5 5 5 5 5
5 5 6 6 3 1 3 5 5 6 6 2 2 0 2 2 2 4 4 4 4 7 4 4 4 4 4 4 6 6 6 6 6 6 6 5 5 5 5 5 5 5 5
5 5 6 6 3 1 3 5 5 6 6 2 2 2 0 2 2 4 4 4 4 7 4 4 4 4 4 4 6 6 6 6 6 6 6 5 5 5 5 5 5 5 5
5 5 6 6 3 1 3 5 5 6 6 2 2 2 2 0 2 4 4 4 4 7 4 4 4 4 4 4 6 6 6 6 6 6 6 5 5 5 5 5 5 5 5
5 5 6 6 3 1 3 5 5 6 6 2 2 2 2 2 0 4 4 4 4 7 4 4 4 4 4 4 6 6 6 6 6 6 6 5 5 5 5 5 5 5 5
5 5 6 6 3 3 3 5 5 6 6 4 4 4 4 4 4 0 2 2 2 7 4 4 4 4 4 4 6 6 6 6 6 6 6 5 5 5 5 5 5 5 5
5 5 6 6 3 3 3 5 5 6 6 4 4 4 4 4 4 2 0 2 2 7 4 4 4 4 4 4 6 6 6 6 6 6 6 5 5 5 5 5 5 5 5
5 5 6 6 3 3 3 5 5 6 6 4 4 4 4 4 4 2 2 0 2 7 4 4 4 4 4 4 6 6 6 6 6 6 6 5 5 5 5 5 5 5 5
5 5 6 6 3 3 3 5 5 6 6 4 4 4 4 4 4 2 2 2 0 7 4 4 4 4 4 4 6 6 6 6 6 6 6 5 5 5 5 5 5 5 5
6 6 3 1 6 6 6 5 5 7 6 7 7 7 7 7 7 7 7 7 7 0 6 6 6 6 6 6 7 7 7 7 7 7 7 6 6 6 6 6 6 6 6
5 2 5 5 3 3 3 5 5 5 6 4 4 4 4 4 4 4 4 4 4 6 0 2 2 2 2 2 3 3 3 3 3 3 3 5 5 5 5 5 5 5 5
5 2 5 5 3 3 3 5 5 5 6 4 4 4 4 4 4 4 4 4 4 6 2 0 2 2 2 2 3 3 3 3 3 3 3 5 5 5 5 5 5 5 5
5 2 5 5 3 3 3 5 5 5 6 4 4 4 4 4 4 4 4 4 4 6 2 2 0 2 2 2 3 3 3 3 3 3 3 5 5 5 5 5 5 5 5
5 2 5 5 3 3 3 5 5 5 6 4 4 4 4 4 4 4 4 4 4 6 2 2 2 0 2 2 3 3 3 3 3 3 3 5 5 5 5 5 5 5 5
5 2 5 5 3 3 3 5 5 5 6 4 4 4 4 4 4 4 4 4 4 6 2 2 2 2 0 2 3 3 3 3 3 3 3 5 5 5 5 5 5 5 5
5 2 5 5 3 3 3 5 5 5 6 4 4 4 4 4 4 4 4 4 4 6 2 2 2 2 2 0 3 3 3 3 3 3 3 5 5 5 5 5 5 5 5
5 3 6 6 5 5 5 5 5 6 6 6 6 6 6 6 6 6 6 6 6 7 3 3 3 3 3 3 0 2 2 2 2 2 2 5 5 5 5 5 5 5 5
5 3 6 6 5 5 5 5 5 6 6 6 6 6 6 6 6 6 6 6 6 7 3 3 3 3 3 3 2 0 2 2 2 2 2 5 5 5 5 5 5 5 5
5 3 6 6 5 5 5 5 5 6 6 6 6 6 6 6 6 6 6 6 6 7 3 3 3 3 3 3 2 2 0 2 2 2 2 5 5 5 5 5 5 5 5
5 3 6 6 5 5 5 5 5 6 6 6 6 6 6 6 6 6 6 6 6 7 3 3 3 3 3 3 2 2 2 0 2 2 2 5 5 5 5 5 5 5 5
5 3 6 6 5 5 5 5 5 6 6 6 6 6 6 6 6 6 6 6 6 7 3 3 3 3 3 3 2 2 2 2 0 2 2 5 5 5 5 5 5 5 5
5 3 6 6 5 5 5 5 5 6 6 6 6 6 6 6 6 6 6 6 6 7 3 3 3 3 3 3 2 2 2 2 2 0 2 5 5 5 5 5 5 5 5
5 3 6 6 5 5 5 5 5 6 6 6 6 6 6 6 6 6 6 6 6 7 3 3 3 3 3 3 2 2 2 2 2 2 0 5 5 5 5 5 5 5 5
2 4 5 5 4 4 4 4 4 6 5 5 5 5 5 5 5 5 5 5 5 6 5 5 5 5 5 5 5 5 5 5 5 5 5 0 2 2 2 2 2 2 2
2 4 5 5 4 4 4 4 4 6 5 5 5 5 5 5 5 5 5 5 5 6 5 5 5 5 5 5 5 5 5 5 5 5 5 2 0 2 2 2 2 2 2
2 4 5 5 4 4 4 4 4 6 5 5 5 5 5 5 5 5 5 5 5 6 5 5 5 5 5 5 5 5 5 5 5 5 5 2 2 0 2 2 2 2 2
2 4 5 5 4 4 4 4 4 6 5 5 5 5 5 5 5 5 5 5 5 6 5 5 5 5 5 5 5 5 5 5 5 5 5 2 2 2 0 2 2 2 2
2 4 5 5 4 4 4 4 4 6 5 5 5 5 5 5 5 5 5 5 5 6 5 5 5 5 5 5 5 5 5 5 5 5 5 2 2 2 2 0 2 2 2
2 4 5 5 4 4 4 4 4 6 5 5 5 5 5 5 5 5 5 5 5 6 5 5 5 5 5 5 5 5 5 5 5 5 5 2 2 2 2 2 0 2 2
2 4 5 5 4 4 4 4 4 6 5 5 5 5 5 5 5 5 5 5 5 6 5 5 5 5 5 5 5 5 5 5 5 5 5 2 2 2 2 2 2 0 2
2 4 5 5 4 4 4 4 4 6 5 5 5 5 5 5 5 5 5 5 5 6 5 5 5 5 5 5 5 5 5 5 5 5 5 2 2 2 2 2 2 2 0
