0 11 11 11 4 9 9 9 9 9 4 7 7 7 8 8 8 4 3 9 10 10 10 10 9 9 10 10 10 5 5 5 5 5
11 0 4 4 11 8 8 8 8 8 4 12 12 12 11 11 11 11 12 6 2 2 2 2 4 4 9 9 9 4 4 4 4 4
11 4 0 2 11 8 8 8 8 8 4 12 12 12 11 11 11 11 12 6 4 4 4 4 4 4 9 9 9 4 4 4 4 4
11 4 2 0 11 8 8 8 8 8 4 12 12 12 11 11 11 11 12 6 4 4 4 4 4 4 9 9 9 4 4 4 4 4
4 11 11 11 0 9 9 9 9 9 4 7 7 7 8 8 8 4 5 9 10 10 10 10 9 9 10 10 10 1 1 1 1 1
9 8 8 8 9 0 2 2 2 2 8 7 7 7 5 5 5 9 8 5 5 5 5 5 8 8 3 3 3 8 8 8 8 8
9 8 8 8 9 2 0 2 2 2 8 7 7 7 5 5 5 9 8 5 5 5 5 5 8 8 3 3 3 8 8 8 8 8
9 8 8 8 9 2 2 0 2 2 8 7 7 7 5 5 5 9 8 5 5 5 5 5 8 8 1 1 1 8 8 8 8 8
9 8 8 8 9 2 2 2 0 2 8 7 7 7 5 5 5 9 8 5 5 5 5 5 8 8 3 3 3 8 8 8 8 8
9 8 8 8 9 2 2 2 2 0 8 7 7 7 5 5 5 9 8 5 5 5 5 5 8 8 3 3 3 8 8 8 8 8
4 4 4 4 4 8 8 8 8 8 0 7 7 7 7 7 7 4 5 6 4 4 4 4 4 4 9 9 9 4 4 4 4 4
7 12 12 12 7 7 7 7 7 7 7 0 2 2 6 6 6 7 3 7 8 8 8 8 7 7 8 8 8 8 8 8 8 8
7 12 12 12 7 7 7 7 7 7 7 2 0 2 6 6 6 7 3 7 8 8 8 8 7 7 8 8 8 8 8 8 8 8
7 12 12 12 7 7 7 7 7 7 7 2 2 0 6 6 6 7 3 7 8 8 8 8 7 7 8 8 8 8 8 8 8 8
8 11 11 11 8 5 5 5 5 5 7 6 6 6 0 2 2 8 7 3 6 6 6 6 7 7 6 6 6 9 9 9 9 9
8 11 11 11 8 5 5 5 5 5 7 6 6 6 2 0 2 8 7 3 6 6 6 6 7 7 6 6 6 9 9 9 9 9
8 11 11 11 8 5 5 5 5 5 7 6 6 6 2 2 0 8 7 3 6 6 6 6 7 7 6 6 6 9 9 9 9 9
4 11 11 11 4 9 9 9 9 9 4 7 7 7 8 8 8 0 5 9 10 10 10 10 9 9 10 10 10 5 5 5 5 5
3 12 12 12 5 8 8 8 8 8 5 3 3 3 7 7 7 5 0 8 9 9 9 9 8 8 9 9 9 6 6 6 6 6
9 6 6 6 9 5 5 5 5 5 6 7 7 7 3 3 3 9 8 0 6 6 6 6 6 6 6 6 6 6 6 6 6 6
10 2 4 4 10 5 5 5 5 5 4 8 8 8 6 6 6 10 9 6 0 2 2 2 4 4 6 6 6 4 4 4 4 4
10 2 4 4 10 5 5 5 5 5 4 8 8 8 6 6 6 10 9 6 2 0 2 2 4 4 6 6 6 4 4 4 4 4
10 2 4 4 10 5 5 5 5 5 4 8 8 8 6 6 6 10 9 6 2 2 0 2 4 4 6 6 6 4 4 4 4 4
10 2 4 4 10 5 5 5 5 5 4 8 8 8 6 6 6 10 9 6 2 2 2 0 4 4 6 6 6 4 4 4 4 4
9 4 4 4 9 8 8 8 8 8 4 7 7 7 7 7 7 9 8 6 4 4 4 4 0 2 9 9 9 4 4 4 4 4
9 4 4 4 9 8 8 8 8 8 4 7 7 7 7 7 7 9 8 6 4 4 4 4 2 0 9 9 9 4 4 4 4 4
10 9 9 9 10 3 3 1 3 3 9 8 8 8 6 6 6 10 9 6 6 6 6 6 9 9 0 2 2 9 9 9 9 9
10 9 9 9 10 3 3 1 3 3 9 8 8 8 6 6 6 10 9 6 6 6 6 6 9 9 2 0 2 9 9 9 9 9
10 9 9 9 10 3 3 1 3 3 9 8 8 8 6 6 6 10 9 6 6 6 6 6 9 9 2 2 0 9 9 9 9 9
5 4 4 4 1 8 8 8 8 8 4 8 8 8 9 9 9 5 6 6 4 4 4 4 4 4 9 9 9 0 2 2 2 2
5 4 4 4 1 8 8 8 8 8 4 8 8 8 9 9 9 5 6 6 4 4 4 4 4 4 9 9 9 2 0 2 2 2
5 4 4 4 1 8 8 8 8 8 4 8 8 8 9 9 9 5 6 6 4 4 4 4 4 4 9 9 9 2 2 0 2 2
5 4 4 4 1 8 8 8 8 8 4 8 8 8 9 9 9 5 6 6 4 4 4 4 4 4 9 9 9 2 2 2 0 2
5 4 4 4 1 8 8 8 8 8 4 8 8 8 9 9 9 5 6 6 4 4 4 4 4 4 9 9 9 2 2 2 2 0
