0 2 2 2 6 6 8 2 2 10 10 10 10 10 6 6 6 6 6 8 8 8 11 11 11 11 11 7 3 8 7 7 3 3 3 3 3 3 7 6 6 6 6 6 6 6 6 6 6 4 4 4 4 8 8
2 0 2 2 6 6 8 2 2 10 10 10 10 10 6 6 6 6 6 8 8 8 11 11 11 11 11 7 3 8 7 7 3 3 3 3 3 3 7 6 6 6 6 6 6 6 6 6 6 4 4 4 4 8 8
2 2 0 2 6 6 8 2 2 10 10 10 10 10 6 6 6 6 6 8 8 8 11 11 11 11 11 7 3 8 7 7 3 3 3 3 3 3 7 6 6 6 6 6 6 6 6 6 6 4 4 4 4 8 8
2 2 2 0 6 6 8 2 2 10 10 10 10 10 6 6 6 6 6 8 8 8 11 11 11 11 11 7 3 8 7 7 3 3 3 3 3 3 7 6 6 6 6 6 6 6 6 6 6 4 4 4 4 8 8
6 6 6 6 0 2 8 6 6 2 2 2 2 2 8 8 8 8 8 8 8 8 3 3 3 3 3 4 7 8 9 9 7 7 7 7 7 7 3 6 6 6 6 6 6 6 6 6 6 6 6 6 6 8 8
6 6 6 6 2 0 8 6 6 2 2 2 2 2 8 8 8 8 8 8 8 8 3 3 3 3 3 4 7 8 9 9 7 7 7 7 7 7 3 6 6 6 6 6 6 6 6 6 6 6 6 6 6 8 8
8 8 8 8 8 8 0 8 8 10 10 10 10 10 6 6 12 12 12 4 4 4 11 11 11 11 11 10 9 2 13 13 9 9 9 9 9 9 4 7 7 7 7 7 7 7 7 7 7 8 8 8 8 4 4
2 2 2 2 6 6 8 0 2 6 6 6 6 6 6 6 6 6 6 8 8 8 7 7 7 7 7 6 3 8 7 7 1 1 1 1 1 1 7 6 6 6 6 6 6 6 6 6 6 4 4 4 4 8 8
2 2 2 2 6 6 8 2 0 6 6 6 6 6 6 6 6 6 6 8 8 8 7 7 7 7 7 6 3 8 7 7 3 3 3 3 3 3 7 6 6 6 6 6 6 6 6 6 6 4 4 4 4 8 8
10 10 10 10 2 2 10 6 6 0 2 2 2 2 10 10 8 8 8 10 10 10 1 3 3 3 3 4 7 10 9 9 7 7 7 7 7 7 3 11 11 11 11 11 11 11 11 11 11 10 10 10 10 10 10
10 10 10 10 2 2 10 6 6 2 0 2 2 2 10 10 8 8 8 10 10 10 3 3 3 3 3 4 7 10 9 9 7 7 7 7 7 7 3 11 11 11 11 11 11 11 11 11 11 10 10 10 10 10 10
10 10 10 10 2 2 10 6 6 2 2 0 2 2 10 10 8 8 8 10 10 10 3 3 3 3 3 4 7 10 9 9 7 7 7 7 7 7 3 11 11 11 11 11 11 11 11 11 11 10 10 10 10 10 10
10 10 10 10 2 2 10 6 6 2 2 2 0 2 10 10 8 8 8 10 10 10 1 3 3 3 3 4 7 10 9 9 7 7 7 7 7 7 3 11 11 11 11 11 11 11 11 11 11 10 10 10 10 10 10
10 10 10 10 2 2 10 6 6 2 2 2 2 0 10 10 8 8 8 10 10 10 3 3 3 3 3 4 7 10 9 9 7 7 7 7 7 7 3 11 11 11 11 11 11 11 11 11 11 10 10 10 10 10 10
6 6 6 6 8 8 6 6 6 10 10 10 10 10 0 2 6 6 6 6 6 6 11 11 11 11 11 7 7 6 7 7 7 7 7 7 7 7 6 1 1 1 1 1 1 1 1 1 1 6 6 6 6 6 6
6 6 6 6 8 8 6 6 6 10 10 10 10 10 2 0 6 6 6 6 6 6 11 11 11 11 11 7 7 6 7 7 7 7 7 7 7 7 6 3 3 3 3 3 3 3 3 3 3 6 6 6 6 6 6
6 6 6 6 8 8 12 6 6 8 8 8 8 8 6 6 0 2 2 12 12 12 9 9 9 9 9 3 7 12 3 3 3 3 3 3 3 3 9 7 7 7 7 7 7 7 7 7 7 6 6 6 6 12 12
6 6 6 6 8 8 12 6 6 8 8 8 8 8 6 6 2 0 2 12 12 12 9 9 9 9 9 3 7 12 3 3 1 1 1 1 1 1 9 7 7 7 7 7 7 7 7 7 7 6 6 6 6 12 12
6 6 6 6 8 8 12 6 6 8 8 8 8 8 6 6 2 2 0 12 12 12 9 9 9 9 9 3 7 12 3 3 3 3 3 3 3 3 9 7 7 7 7 7 7 7 7 7 7 6 6 6 6 12 12
8 8 8 8 8 8 4 8 8 10 10 10 10 10 6 6 12 12 12 0 2 2 11 11 11 11 11 10 9 4 13 13 9 9 9 9 9 9 4 7 7 7 7 7 7 7 7 7 7 8 8 8 8 4 4
8 8 8 8 8 8 4 8 8 10 10 10 10 10 6 6 12 12 12 2 0 2 11 11 11 11 11 10 9 4 13 13 9 9 9 9 9 9 4 7 7 7 7 7 7 7 7 7 7 8 8 8 8 4 4
8 8 8 8 8 8 4 8 8 10 10 10 10 10 6 6 12 12 12 2 2 0 11 11 11 11 11 10 9 4 13 13 9 9 9 9 9 9 4 7 7 7 7 7 7 7 7 7 7 8 8 8 8 4 4
11 11 11 11 3 3 11 7 7 1 3 3 1 3 11 11 9 9 9 11 11 11 0 4 4 4 4 5 8 11 10 10 8 8 8 8 8 8 4 12 12 12 12 12 12 12 12 12 12 11 11 11 11 11 11
11 11 11 11 3 3 11 7 7 3 3 3 3 3 11 11 9 9 9 11 11 11 4 0 2 2 2 5 8 11 10 10 8 8 8 8 8 8 4 12 12 12 12 12 12 12 12 12 12 11 11 11 11 11 11
11 11 11 11 3 3 11 7 7 3 3 3 3 3 11 11 9 9 9 11 11 11 4 2 0 2 2 5 8 11 10 10 8 8 8 8 8 8 4 12 12 12 12 12 12 12 12 12 12 11 11 11 11 11 11
11 11 11 11 3 3 11 7 7 3 3 3 3 3 11 11 9 9 9 11 11 11 4 2 2 0 2 5 8 11 10 10 8 8 8 8 8 8 4 12 12 12 12 12 12 12 12 12 12 11 11 11 11 11 11
11 11 11 11 3 3 11 7 7 3 3 3 3 3 11 11 9 9 9 11 11 11 4 2 2 2 0 5 8 11 10 10 8 8 8 8 8 8 4 12 12 12 12 12 12 12 12 12 12 11 11 11 11 11 11
7 7 7 7 4 4 10 6 6 4 4 4 4 4 7 7 3 3 3 10 10 10 5 5 5 5 5 0 7 10 2 2 4 4 4 4 4 4 5 8 8 8 8 8 8 8 8 8 8 7 7 7 7 10 10
3 3 3 3 7 7 9 3 3 7 7 7 7 7 7 7 7 7 7 9 9 9 8 8 8 8 8 7 0 9 8 8 4 4 4 4 4 4 8 7 7 7 7 7 7 7 7 7 7 5 5 5 5 9 9
8 8 8 8 8 8 2 8 8 10 10 10 10 10 6 6 12 12 12 4 4 4 11 11 11 11 11 10 9 0 13 13 9 9 9 9 9 9 4 7 7 7 7 7 7 7 7 7 7 8 8 8 8 4 4
7 7 7 7 9 9 13 7 7 9 9 9 9 9 7 7 3 3 3 13 13 13 10 10 10 10 10 2 8 13 0 2 4 4 4 4 4 4 10 8 8 8 8 8 8 8 8 8 8 7 7 7 7 13 13
7 7 7 7 9 9 13 7 7 9 9 9 9 9 7 7 3 3 3 13 13 13 10 10 10 10 10 2 8 13 2 0 4 4 4 4 4 4 10 8 8 8 8 8 8 8 8 8 8 7 7 7 7 13 13
3 3 3 3 7 7 9 1 3 7 7 7 7 7 7 7 3 1 3 9 9 9 8 8 8 8 8 4 4 9 4 4 0 2 2 2 2 2 8 7 7 7 7 7 7 7 7 7 7 5 5 5 5 9 9
3 3 3 3 7 7 9 1 3 7 7 7 7 7 7 7 3 1 3 9 9 9 8 8 8 8 8 4 4 9 4 4 2 0 2 2 2 2 8 7 7 7 7 7 7 7 7 7 7 5 5 5 5 9 9
3 3 3 3 7 7 9 1 3 7 7 7 7 7 7 7 3 1 3 9 9 9 8 8 8 8 8 4 4 9 4 4 2 2 0 2 2 2 8 7 7 7 7 7 7 7 7 7 7 5 5 5 5 9 9
3 3 3 3 7 7 9 1 3 7 7 7 7 7 7 7 3 1 3 9 9 9 8 8 8 8 8 4 4 9 4 4 2 2 2 0 2 2 8 7 7 7 7 7 7 7 7 7 7 5 5 5 5 9 9
3 3 3 3 7 7 9 1 3 7 7 7 7 7 7 7 3 1 3 9 9 9 8 8 8 8 8 4 4 9 4 4 2 2 2 2 0 2 8 7 7 7 7 7 7 7 7 7 7 5 5 5 5 9 9
3 3 3 3 7 7 9 1 3 7 7 7 7 7 7 7 3 1 3 9 9 9 8 8 8 8 8 4 4 9 4 4 2 2 2 2 2 0 8 7 7 7 7 7 7 7 7 7 7 5 5 5 5 9 9
7 7 7 7 3 3 4 7 7 3 3 3 3 3 6 6 9 9 9 4 4 4 4 4 4 4 4 5 8 4 10 10 8 8 8 8 8 8 0 7 7 7 7 7 7 7 7 7 7 7 7 7 7 4 4
6 6 6 6 6 6 7 6 6 11 11 11 11 11 1 3 7 7 7 7 7 7 12 12 12 12 12 8 7 7 8 8 7 7 7 7 7 7 7 0 2 2 2 2 2 2 2 2 2 6 6 6 6 7 7
6 6 6 6 6 6 7 6 6 11 11 11 11 11 1 3 7 7 7 7 7 7 12 12 12 12 12 8 7 7 8 8 7 7 7 7 7 7 7 2 0 2 2 2 2 2 2 2 2 6 6 6 6 7 7
6 6 6 6 6 6 7 6 6 11 11 11 11 11 1 3 7 7 7 7 7 7 12 12 12 12 12 8 7 7 8 8 7 7 7 7 7 7 7 2 2 0 2 2 2 2 2 2 2 6 6 6 6 7 7
6 6 6 6 6 6 7 6 6 11 11 11 11 11 1 3 7 7 7 7 7 7 12 12 12 12 12 8 7 7 8 8 7 7 7 7 7 7 7 2 2 2 0 2 2 2 2 2 2 6 6 6 6 7 7
6 6 6 6 6 6 7 6 6 11 11 11 11 11 1 3 7 7 7 7 7 7 12 12 12 12 12 8 7 7 8 8 7 7 7 7 7 7 7 2 2 2 2 0 2 2 2 2 2 6 6 6 6 7 7
6 6 6 6 6 6 7 6 6 11 11 11 11 11 1 3 7 7 7 7 7 7 12 12 12 12 12 8 7 7 8 8 7 7 7 7 7 7 7 2 2 2 2 2 0 2 2 2 2 6 6 6 6 7 7
6 6 6 6 6 6 7 6 6 11 11 11 11 11 1 3 7 7 7 7 7 7 12 12 12 12 12 8 7 7 8 8 7 7 7 7 7 7 7 2 2 2 2 2 2 0 2 2 2 6 6 6 6 7 7
6 6 6 6 6 6 7 6 6 11 11 11 11 11 1 3 7 7 7 7 7 7 12 12 12 12 12 8 7 7 8 8 7 7 7 7 7 7 7 2 2 2 2 2 2 2 0 2 2 6 6 6 6 7 7
6 6 6 6 6 6 7 6 6 11 11 11 11 11 1 3 7 7 7 7 7 7 12 12 12 12 12 8 7 7 8 8 7 7 7 7 7 7 7 2 2 2 2 2 2 2 2 0 2 6 6 6 6 7 7
6 6 6 6 6 6 7 6 6 11 11 11 11 11 1 3 7 7 7 7 7 7 12 12 12 12 12 8 7 7 8 8 7 7 7 7 7 7 7 2 2 2 2 2 2 2 2 2 0 6 6 6 6 7 7
4 4 4 4 6 6 8 4 4 10 10 10 10 10 6 6 6 6 6 8 8 8 11 11 11 11 11 7 5 8 7 7 5 5 5 5 5 5 7 6 6 6 6 6 6 6 6 6 6 0 2 2 2 8 8
4 4 4 4 6 6 8 4 4 10 10 10 10 10 6 6 6 6 6 8 8 8 11 11 11 11 11 7 5 8 7 7 5 5 5 5 5 5 7 6 6 6 6 6 6 6 6 6 6 2 0 2 2 8 8
4 4 4 4 6 6 8 4 4 10 10 10 10 10 6 6 6 6 6 8 8 8 11 11 11 11 11 7 5 8 7 7 5 5 5 5 5 5 7 6 6 6 6 6 6 6 6 6 6 2 2 0 2 8 8
4 4 4 4 6 6 8 4 4 10 10 10 10 10 6 6 6 6 6 8 8 8 11 11 11 11 11 7 5 8 7 7 5 5 5 5 5 5 7 6 6 6 6 6 6 6 6 6 6 2 2 2 0 8 8
8 8 8 8 8 8 4 8 8 10 10 10 10 10 6 6 12 12 12 4 4 4 11 11 11 11 11 10 9 4 13 13 9 9 9 9 9 9 4 7 7 7 7 7 7 7 7 7 7 8 8 8 8 0 2
8 8 8 8 8 8 4 8 8 10 10 10 10 10 6 6 12 12 12 4 4 4 11 11 11 11 11 10 9 4 13 13 9 9 9 9 9 9 4 7 7 7 7 7 7 7 7 7 7 8 8 8 8 2 0
