0 4 4 3 3 3 3 3 3 3 3 3 3 3 3 3
4 0 2 6 6 6 6 6 6 5 5 5 5 5 5 5
4 2 0 6 6 6 6 6 6 5 5 5 5 5 5 5
3 6 6 0 2 2 2 2 2 4 4 4 4 4 4 4
3 6 6 2 0 2 2 2 2 4 4 4 4 4 4 4
3 6 6 2 2 0 2 2 2 4 4 4 4 4 4 4
3 6 6 2 2 2 0 2 2 4 4 4 4 4 4 4
3 6 6 2 2 2 2 0 2 4 4 4 4 4 4 4
3 6 6 2 2 2 2 2 0 4 4 4 4 4 4 4
3 5 5 4 4 4 4 4 4 0 2 2 2 2 2 2
3 5 5 4 4 4 4 4 4 2 0 2 2 2 2 2
3 5 5 4 4 4 4 4 4 2 2 0 2 2 2 2
3 5 5 4 4 4 4 4 4 2 2 2 0 2 2 2
3 5 5 4 4 4 4 4 4 2 2 2 2 0 2 2
3 5 5 4 4 4 4 4 4 2 2 2 2 2 0 2
3 5 5 4 4 4 4 4 4 2 2 2 2 2 2 0
