0 9 9 9 9 9 9 9 13 13 13 13 8 8 8 8 8 11 11 11 9 9 9 9 9 7 7 7 2 2 2 2 5 5 5 5 5 5 5 8 12 12 12 10 10 10 10 10 10 10 8 8 8 8 8 12 12 12 12 12 12 12 10 10 10 10 10 10 8 8 8 8 8 8 10 10 10 8 8 8 8 8 8 8 8 12 3 3 3 3 12 12 12 12 12 12 12 12 12 12
9 0 2 2 2 2 2 2 12 12 12 12 10 10 11 11 11 10 10 10 8 8 8 8 8 8 8 8 9 9 9 9 9 9 9 9 9 9 9 9 11 11 11 9 3 3 3 3 3 3 11 11 11 11 11 11 11 11 11 11 11 11 9 9 9 9 9 9 11 11 11 11 11 11 3 3 3 9 9 9 9 9 9 9 9 11 9 9 9 9 11 11 11 11 11 11 11 11 11 11
9 2 0 2 2 2 2 2 12 12 12 12 10 10 11 11 11 10 10 10 8 8 8 8 8 8 8 8 9 9 9 9 9 9 9 9 9 9 9 9 11 11 11 9 3 3 3 3 3 3 11 11 11 11 11 11 11 11 11 11 11 11 9 9 9 9 9 9 11 11 11 11 11 11 3 3 3 9 9 9 9 9 9 9 9 11 9 9 9 9 11 11 11 11 11 11 11 11 11 11
9 2 2 0 2 2 2 2 12 12 12 12 10 10 11 11 11 10 10 10 8 8 8 8 8 8 8 8 9 9 9 9 9 9 9 9 9 9 9 9 11 11 11 9 3 3 3 3 3 3 11 11 11 11 11 11 11 11 11 11 11 11 9 9 9 9 9 9 11 11 11 11 11 11 3 3 3 9 9 9 9 9 9 9 9 11 9 9 9 9 11 11 11 11 11 11 11 11 11 11
9 2 2 2 0 2 2 2 12 12 12 12 10 10 11 11 11 10 10 10 8 8 8 8 8 8 8 8 9 9 9 9 9 9 9 9 9 9 9 9 11 11 11 9 1 1 1 1 1 1 11 11 11 11 11 11 11 11 11 11 11 11 9 9 9 9 9 9 11 11 11 11 11 11 3 3 3 9 9 9 9 9 9 9 9 11 9 9 9 9 11 11 11 11 11 11 11 11 11 11
9 2 2 2 2 0 2 2 12 12 12 12 10 10 11 11 11 10 10 10 8 8 8 8 8 8 8 8 9 9 9 9 9 9 9 9 9 9 9 9 11 11 11 9 3 3 3 3 3 3 11 11 11 11 11 11 11 11 11 11 11 11 9 9 9 9 9 9 11 11 11 11 11 11 3 3 3 9 9 9 9 9 9 9 9 11 9 9 9 9 11 11 11 11 11 11 11 11 11 11
9 2 2 2 2 2 0 2 12 12 12 12 10 10 11 11 11 10 10 10 8 8 8 8 8 8 8 8 9 9 9 9 9 9 9 9 9 9 9 9 11 11 11 9 3 3 3 3 3 3 11 11 11 11 11 11 11 11 11 11 11 11 9 9 9 9 9 9 11 11 11 11 11 11 1 1 1 9 9 9 9 9 9 9 9 11 9 9 9 9 11 11 11 11 11 11 11 11 11 11
9 2 2 2 2 2 2 0 12 12 12 12 10 10 11 11 11 10 10 10 8 8 8 8 8 8 8 8 9 9 9 9 9 9 9 9 9 9 9 9 11 11 11 9 3 3 3 3 3 3 11 11 11 11 11 11 11 11 11 11 11 11 9 9 9 9 9 9 11 11 11 11 11 11 3 3 3 9 9 9 9 9 9 9 9 11 9 9 9 9 11 11 11 11 11 11 11 11 11 11
13 12 12 12 12 12 12 12 0 2 2 2 12 12 10 10 10 9 9 9 12 12 12 12 12 12 12 12 13 13 13 13 11 11 11 11 11 11 11 13 13 13 13 13 13 13 13 13 13 13 10 10 10 10 10 10 10 10 10 10 10 10 13 13 13 13 13 13 13 13 13 13 13 13 13 13 13 11 11 11 11 11 11 11 11 3 13 13 13 13 1 1 1 1 1 1 1 1 1 1
13 12 12 12 12 12 12 12 2 0 2 2 12 12 10 10 10 9 9 9 12 12 12 12 12 12 12 12 13 13 13 13 11 11 11 11 11 11 11 13 13 13 13 13 13 13 13 13 13 13 10 10 10 10 10 10 10 10 10 10 10 10 13 13 13 13 13 13 13 13 13 13 13 13 13 13 13 11 11 11 11 11 11 11 11 3 13 13 13 13 3 3 3 3 3 3 3 3 3 3
13 12 12 12 12 12 12 12 2 2 0 2 12 12 10 10 10 9 9 9 12 12 12 12 12 12 12 12 13 13 13 13 11 11 11 11 11 11 11 13 13 13 13 13 13 13 13 13 13 13 10 10 10 10 10 10 10 10 10 10 10 10 13 13 13 13 13 13 13 13 13 13 13 13 13 13 13 11 11 11 11 11 11 11 11 3 13 13 13 13 3 3 3 3 3 3 3 3 3 3
13 12 12 12 12 12 12 12 2 2 2 0 12 12 10 10 10 9 9 9 12 12 12 12 12 12 12 12 13 13 13 13 11 11 11 11 11 11 11 13 13 13 13 13 13 13 13 13 13 13 10 10 10 10 10 10 10 10 10 10 10 10 13 13 13 13 13 13 13 13 13 13 13 13 13 13 13 11 11 11 11 11 11 11 11 3 13 13 13 13 3 3 3 3 3 3 3 3 3 3
8 10 10 10 10 10 10 10 12 12 12 12 0 2 6 6 6 8 8 8 9 9 8 8 8 6 6 6 8 8 8 8 7 7 7 7 7 7 7 7 8 8 8 9 11 11 11 11 11 11 8 8 8 8 8 8 8 8 8 8 8 8 9 9 9 9 9 9 8 8 8 8 8 8 11 11 11 7 7 7 7 7 7 7 7 9 9 9 9 9 9 9 9 9 9 9 9 9 9 9
8 10 10 10 10 10 10 10 12 12 12 12 2 0 6 6 6 8 8 8 9 9 8 8 8 6 6 6 8 8 8 8 7 7 7 7 7 7 7 7 8 8 8 9 11 11 11 11 11 11 8 8 8 8 8 8 8 8 8 8 8 8 9 9 9 9 9 9 8 8 8 8 8 8 11 11 11 7 7 7 7 7 7 7 7 9 9 9 9 9 9 9 9 9 9 9 9 9 9 9
8 11 11 11 11 11 11 11 10 10 10 10 6 6 0 2 2 7 7 7 9 9 8 8 8 10 10 10 8 8 8 8 3 3 3 3 3 3 3 11 8 8 8 9 12 12 12 12 12 12 8 8 8 8 8 8 8 8 8 8 8 8 9 9 9 9 9 9 8 8 8 8 8 8 12 12 12 3 3 3 3 3 3 3 3 8 9 9 9 9 8 8 8 8 8 8 8 8 8 8
8 11 11 11 11 11 11 11 10 10 10 10 6 6 2 0 2 7 7 7 9 9 8 8 8 10 10 10 8 8 8 8 3 3 3 3 3 3 3 11 8 8 8 9 12 12 12 12 12 12 8 8 8 8 8 8 8 8 8 8 8 8 9 9 9 9 9 9 8 8 8 8 8 8 12 12 12 3 3 3 3 3 3 3 3 8 9 9 9 9 8 8 8 8 8 8 8 8 8 8
8 11 11 11 11 11 11 11 10 10 10 10 6 6 2 2 0 7 7 7 9 9 8 8 8 10 10 10 8 8 8 8 3 3 3 3 3 3 3 11 8 8 8 9 12 12 12 12 12 12 8 8 8 8 8 8 8 8 8 8 8 8 9 9 9 9 9 9 8 8 8 8 8 8 12 12 12 3 3 3 3 3 3 3 3 8 9 9 9 9 8 8 8 8 8 8 8 8 8 8
11 10 10 10 10 10 10 10 9 9 9 9 8 8 7 7 7 0 2 2 9 9 7 7 7 7 7 7 11 11 11 11 8 8 8 8 8 8 8 8 7 7 7 8 11 11 11 11 11 11 3 3 3 3 3 3 3 3 3 3 3 3 8 8 8 8 8 8 11 11 11 11 11 11 11 11 11 8 8 8 8 8 8 8 8 3 10 10 10 10 1 1 1 1 1 1 1 1 1 1
11 10 10 10 10 10 10 10 9 9 9 9 8 8 7 7 7 2 0 2 9 9 7 7 7 7 7 7 11 11 11 11 8 8 8 8 8 8 8 8 7 7 7 8 11 11 11 11 11 11 3 3 3 3 3 1 1 1 1 1 1 1 8 8 8 8 8 8 11 11 11 11 11 11 11 11 11 8 8 8 8 8 8 8 8 3 10 10 10 10 3 3 3 3 3 3 3 3 3 3
11 10 10 10 10 10 10 10 9 9 9 9 8 8 7 7 7 2 2 0 9 9 7 7 7 7 7 7 11 11 11 11 8 8 8 8 8 8 8 8 7 7 7 8 11 11 11 11 11 11 3 3 3 3 3 3 3 3 3 3 3 3 8 8 8 8 8 8 11 11 11 11 11 11 11 11 11 8 8 8 8 8 8 8 8 3 10 10 10 10 3 3 3 3 3 3 3 3 3 3
9 8 8 8 8 8 8 8 12 12 12 12 9 9 9 9 9 9 9 9 0 2 4 4 4 8 8 8 9 9 9 9 9 9 9 9 9 9 9 9 9 9 9 5 9 9 9 9 9 9 10 10 10 10 10 9 9 9 9 9 9 9 5 5 5 5 5 5 10 10 10 10 10 10 9 9 9 9 9 9 9 9 9 9 9 10 3 3 3 3 10 10 10 10 10 10 10 10 10 10
9 8 8 8 8 8 8 8 12 12 12 12 9 9 9 9 9 9 9 9 2 0 4 4 4 8 8 8 9 9 9 9 9 9 9 9 9 9 9 9 9 9 9 5 9 9 9 9 9 9 10 10 10 10 10 9 9 9 9 9 9 9 5 5 5 5 5 5 10 10 10 10 10 10 9 9 9 9 9 9 9 9 9 9 9 10 3 3 3 3 10 10 10 10 10 10 10 10 10 10
9 8 8 8 8 8 8 8 12 12 12 12 8 8 8 8 8 7 7 7 4 4 0 2 2 8 8 8 9 9 9 9 9 9 9 9 9 9 9 9 4 4 4 3 9 9 9 9 9 9 8 8 8 8 8 4 4 4 4 4 4 4 1 1 1 1 1 1 10 10 10 10 10 10 9 9 9 9 9 9 9 9 9 9 9 8 5 5 5 5 8 8 8 8 8 8 8 8 8 8
9 8 8 8 8 8 8 8 12 12 12 12 8 8 8 8 8 7 7 7 4 4 2 0 2 8 8 8 9 9 9 9 9 9 9 9 9 9 9 9 4 4 4 3 9 9 9 9 9 9 8 8 8 8 8 4 4 4 4 4 4 4 3 3 3 3 3 3 10 10 10 10 10 10 9 9 9 9 9 9 9 9 9 9 9 8 5 5 5 5 8 8 8 8 8 8 8 8 8 8
9 8 8 8 8 8 8 8 12 12 12 12 8 8 8 8 8 7 7 7 4 4 2 2 0 8 8 8 9 9 9 9 9 9 9 9 9 9 9 9 4 4 4 1 9 9 9 9 9 9 8 8 8 8 8 4 4 4 4 4 4 4 3 3 3 3 3 3 10 10 10 10 10 10 9 9 9 9 9 9 9 9 9 9 9 8 5 5 5 5 8 8 8 8 8 8 8 8 8 8
7 8 8 8 8 8 8 8 12 12 12 12 6 6 10 10 10 7 7 7 8 8 8 8 8 0 2 2 7 7 7 7 7 7 7 7 7 7 7 3 8 8 8 9 9 9 9 9 9 9 6 6 6 6 6 8 8 8 8 8 8 8 9 9 9 9 9 9 6 6 6 6 6 6 9 9 9 3 3 3 3 3 3 3 3 8 8 8 8 8 8 8 8 8 8 8 8 8 8 8
7 8 8 8 8 8 8 8 12 12 12 12 6 6 10 10 10 7 7 7 8 8 8 8 8 2 0 2 7 7 7 7 7 7 7 7 7 7 7 3 8 8 8 9 9 9 9 9 9 9 6 6 6 6 6 8 8 8 8 8 8 8 9 9 9 9 9 9 6 6 6 6 6 6 9 9 9 3 3 3 3 3 3 3 3 8 8 8 8 8 8 8 8 8 8 8 8 8 8 8
7 8 8 8 8 8 8 8 12 12 12 12 6 6 10 10 10 7 7 7 8 8 8 8 8 2 2 0 7 7 7 7 7 7 7 7 7 7 7 1 8 8 8 9 9 9 9 9 9 9 6 6 6 6 6 8 8 8 8 8 8 8 9 9 9 9 9 9 6 6 6 6 6 6 9 9 9 3 3 3 3 3 3 3 3 8 8 8 8 8 8 8 8 8 8 8 8 8 8 8
2 9 9 9 9 9 9 9 13 13 13 13 8 8 8 8 8 11 11 11 9 9 9 9 9 7 7 7 0 2 2 2 5 5 5 5 5 5 5 8 12 12 12 10 10 10 10 10 10 10 8 8 8 8 8 12 12 12 12 12 12 12 10 10 10 10 10 10 8 8 8 8 8 8 10 10 10 8 8 8 8 8 8 8 8 12 3 3 3 3 12 12 12 12 12 12 12 12 12 12
2 9 9 9 9 9 9 9 13 13 13 13 8 8 8 8 8 11 11 11 9 9 9 9 9 7 7 7 2 0 2 2 5 5 5 5 5 5 5 8 12 12 12 10 10 10 10 10 10 10 8 8 8 8 8 12 12 12 12 12 12 12 10 10 10 10 10 10 8 8 8 8 8 8 10 10 10 8 8 8 8 8 8 8 8 12 3 3 3 3 12 12 12 12 12 12 12 12 12 12
2 9 9 9 9 9 9 9 13 13 13 13 8 8 8 8 8 11 11 11 9 9 9 9 9 7 7 7 2 2 0 2 5 5 5 5 5 5 5 8 12 12 12 10 10 10 10 10 10 10 8 8 8 8 8 12 12 12 12 12 12 12 10 10 10 10 10 10 8 8 8 8 8 8 10 10 10 8 8 8 8 8 8 8 8 12 1 1 1 1 12 12 12 12 12 12 12 12 12 12
2 9 9 9 9 9 9 9 13 13 13 13 8 8 8 8 8 11 11 11 9 9 9 9 9 7 7 7 2 2 2 0 5 5 5 5 5 5 5 8 12 12 12 10 10 10 10 10 10 10 8 8 8 8 8 12 12 12 12 12 12 12 10 10 10 10 10 10 8 8 8 8 8 8 10 10 10 8 8 8 8 8 8 8 8 12 3 3 3 3 12 12 12 12 12 12 12 12 12 12
5 9 9 9 9 9 9 9 11 11 11 11 7 7 3 3 3 8 8 8 9 9 9 9 9 7 7 7 5 5 5 5 0 2 2 2 2 2 2 8 9 9 9 10 10 10 10 10 10 10 9 9 9 9 9 9 9 9 9 9 9 9 10 10 10 10 10 10 9 9 9 9 9 9 10 10 10 4 4 4 4 4 4 4 4 9 6 6 6 6 9 9 9 9 9 9 9 9 9 9
5 9 9 9 9 9 9 9 11 11 11 11 7 7 3 3 3 8 8 8 9 9 9 9 9 7 7 7 5 5 5 5 2 0 2 2 2 2 2 8 9 9 9 10 10 10 10 10 10 10 9 9 9 9 9 9 9 9 9 9 9 9 10 10 10 10 10 10 9 9 9 9 9 9 10 10 10 4 4 4 4 4 4 4 4 9 6 6 6 6 9 9 9 9 9 9 9 9 9 9
5 9 9 9 9 9 9 9 11 11 11 11 7 7 3 3 3 8 8 8 9 9 9 9 9 7 7 7 5 5 5 5 2 2 0 2 2 2 2 8 9 9 9 10 10 10 10 10 10 10 9 9 9 9 9 9 9 9 9 9 9 9 10 10 10 10 10 10 9 9 9 9 9 9 10 10 10 4 4 4 4 4 4 4 4 9 6 6 6 6 9 9 9 9 9 9 9 9 9 9
5 9 9 9 9 9 9 9 11 11 11 11 7 7 3 3 3 8 8 8 9 9 9 9 9 7 7 7 5 5 5 5 2 2 2 0 2 2 2 8 9 9 9 10 10 10 10 10 10 10 9 9 9 9 9 9 9 9 9 9 9 9 10 10 10 10 10 10 9 9 9 9 9 9 10 10 10 4 4 4 4 4 4 4 4 9 6 6 6 6 9 9 9 9 9 9 9 9 9 9
5 9 9 9 9 9 9 9 11 11 11 11 7 7 3 3 3 8 8 8 9 9 9 9 9 7 7 7 5 5 5 5 2 2 2 2 0 2 2 8 9 9 9 10 10 10 10 10 10 10 9 9 9 9 9 9 9 9 9 9 9 9 10 10 10 10 10 10 9 9 9 9 9 9 10 10 10 4 4 4 4 4 4 4 4 9 6 6 6 6 9 9 9 9 9 9 9 9 9 9
5 9 9 9 9 9 9 9 11 11 11 11 7 7 3 3 3 8 8 8 9 9 9 9 9 7 7 7 5 5 5 5 2 2 2 2 2 0 2 8 9 9 9 10 10 10 10 10 10 10 9 9 9 9 9 9 9 9 9 9 9 9 10 10 10 10 10 10 9 9 9 9 9 9 10 10 10 4 4 4 4 4 4 4 4 9 6 6 6 6 9 9 9 9 9 9 9 9 9 9
5 9 9 9 9 9 9 9 11 11 11 11 7 7 3 3 3 8 8 8 9 9 9 9 9 7 7 7 5 5 5 5 2 2 2 2 2 2 0 8 9 9 9 10 10 10 10 10 10 10 9 9 9 9 9 9 9 9 9 9 9 9 10 10 10 10 10 10 9 9 9 9 9 9 10 10 10 4 4 4 4 4 4 4 4 9 6 6 6 6 9 9 9 9 9 9 9 9 9 9
8 9 9 9 9 9 9 9 13 13 13 13 7 7 11 11 11 8 8 8 9 9 9 9 9 3 3 1 8 8 8 8 8 8 8 8 8 8 8 0 9 9 9 10 10 10 10 10 10 10 7 7 7 7 7 9 9 9 9 9 9 9 10 10 10 10 10 10 7 7 7 7 7 7 10 10 10 4 4 4 4 4 4 4 4 9 9 9 9 9 9 9 9 9 9 9 9 9 9 9
12 11 11 11 11 11 11 11 13 13 13 13 8 8 8 8 8 7 7 7 9 9 4 4 4 8 8 8 12 12 12 12 9 9 9 9 9 9 9 9 0 2 2 5 12 12 12 12 12 12 8 8 8 8 8 4 4 4 4 4 4 4 5 5 5 5 5 5 11 11 11 11 11 11 12 12 12 9 9 9 9 9 9 9 9 8 10 10 10 10 8 8 8 8 8 8 8 8 8 8
12 11 11 11 11 11 11 11 13 13 13 13 8 8 8 8 8 7 7 7 9 9 4 4 4 8 8 8 12 12 12 12 9 9 9 9 9 9 9 9 2 0 2 5 12 12 12 12 12 12 8 8 8 8 8 4 4 4 4 4 4 4 5 5 5 5 5 5 11 11 11 11 11 11 12 12 12 9 9 9 9 9 9 9 9 8 10 10 10 10 8 8 8 8 8 8 8 8 8 8
12 11 11 11 11 11 11 11 13 13 13 13 8 8 8 8 8 7 7 7 9 9 4 4 4 8 8 8 12 12 12 12 9 9 9 9 9 9 9 9 2 2 0 5 12 12 12 12 12 12 8 8 8 8 8 4 4 4 4 4 4 4 5 5 5 5 5 5 11 11 11 11 11 11 12 12 12 9 9 9 9 9 9 9 9 8 10 10 10 10 8 8 8 8 8 8 8 8 8 8
10 9 9 9 9 9 9 9 13 13 13 13 9 9 9 9 9 8 8 8 5 5 3 3 1 9 9 9 10 10 10 10 10 10 10 10 10 10 10 10 5 5 5 0 10 10 10 10 10 10 9 9 9 9 9 5 5 5 5 5 5 5 4 4 4 4 4 4 11 11 11 11 11 11 10 10 10 10 10 10 10 10 10 10 10 9 6 6 6 6 9 9 9 9 9 9 9 9 9 9
10 3 3 3 1 3 3 3 13 13 13 13 11 11 12 12 12 11 11 11 9 9 9 9 9 9 9 9 10 10 10 10 10 10 10 10 10 10 10 10 12 12 12 10 0 2 2 2 2 2 12 12 12 12 12 12 12 12 12 12 12 12 10 10 10 10 10 10 12 12 12 12 12 12 4 4 4 10 10 10 10 10 10 10 10 12 10 10 10 10 12 12 12 12 12 12 12 12 12 12
10 3 3 3 1 3 3 3 13 13 13 13 11 11 12 12 12 11 11 11 9 9 9 9 9 9 9 9 10 10 10 10 10 10 10 10 10 10 10 10 12 12 12 10 2 0 2 2 2 2 12 12 12 12 12 12 12 12 12 12 12 12 10 10 10 10 10 10 12 12 12 12 12 12 4 4 4 10 10 10 10 10 10 10 10 12 10 10 10 10 12 12 12 12 12 12 12 12 12 12
10 3 3 3 1 3 3 3 13 13 13 13 11 11 12 12 12 11 11 11 9 9 9 9 9 9 9 9 10 10 10 10 10 10 10 10 10 10 10 10 12 12 12 10 2 2 0 2 2 2 12 12 12 12 12 12 12 12 12 12 12 12 10 10 10 10 10 10 12 12 12 12 12 12 4 4 4 10 10 10 10 10 10 10 10 12 10 10 10 10 12 12 12 12 12 12 12 12 12 12
10 3 3 3 1 3 3 3 13 13 13 13 11 11 12 12 12 11 11 11 9 9 9 9 9 9 9 9 10 10 10 10 10 10 10 10 10 10 10 10 12 12 12 10 2 2 2 0 2 2 12 12 12 12 12 12 12 12 12 12 12 12 10 10 10 10 10 10 12 12 12 12 12 12 4 4 4 10 10 10 10 10 10 10 10 12 10 10 10 10 12 12 12 12 12 12 12 12 12 12
10 3 3 3 1 3 3 3 13 13 13 13 11 11 12 12 12 11 11 11 9 9 9 9 9 9 9 9 10 10 10 10 10 10 10 10 10 10 10 10 12 12 12 10 2 2 2 2 0 2 12 12 12 12 12 12 12 12 12 12 12 12 10 10 10 10 10 10 12 12 12 12 12 12 4 4 4 10 10 10 10 10 10 10 10 12 10 10 10 10 12 12 12 12 12 12 12 12 12 12
10 3 3 3 1 3 3 3 13 13 13 13 11 11 12 12 12 11 11 11 9 9 9 9 9 9 9 9 10 10 10 10 10 10 10 10 10 10 10 10 12 12 12 10 2 2 2 2 2 0 12 12 12 12 12 12 12 12 12 12 12 12 10 10 10 10 10 10 12 12 12 12 12 12 4 4 4 10 10 10 10 10 10 10 10 12 10 10 10 10 12 12 12 12 12 12 12 12 12 12
8 11 11 11 11 11 11 11 10 10 10 10 8 8 8 8 8 3 3 3 10 10 8 8 8 6 6 6 8 8 8 8 9 9 9 9 9 9 9 7 8 8 8 9 12 12 12 12 12 12 0 2 2 2 2 4 4 4 4 4 4 4 9 9 9 9 9 9 2 2 2 2 2 2 12 12 12 7 7 7 7 7 7 7 7 4 9 9 9 9 4 4 4 4 4 4 4 4 4 4
8 11 11 11 11 11 11 11 10 10 10 10 8 8 8 8 8 3 3 3 10 10 8 8 8 6 6 6 8 8 8 8 9 9 9 9 9 9 9 7 8 8 8 9 12 12 12 12 12 12 2 0 2 2 2 4 4 4 4 4 4 4 9 9 9 9 9 9 2 2 2 2 2 2 12 12 12 7 7 7 7 7 7 7 7 4 9 9 9 9 4 4 4 4 4 4 4 4 4 4
8 11 11 11 11 11 11 11 10 10 10 10 8 8 8 8 8 3 3 3 10 10 8 8 8 6 6 6 8 8 8 8 9 9 9 9 9 9 9 7 8 8 8 9 12 12 12 12 12 12 2 2 0 2 2 4 4 4 4 4 4 4 9 9 9 9 9 9 2 2 2 2 2 2 12 12 12 7 7 7 7 7 7 7 7 4 9 9 9 9 4 4 4 4 4 4 4 4 4 4
8 11 11 11 11 11 11 11 10 10 10 10 8 8 8 8 8 3 3 3 10 10 8 8 8 6 6 6 8 8 8 8 9 9 9 9 9 9 9 7 8 8 8 9 12 12 12 12 12 12 2 2 2 0 2 4 4 4 4 4 4 4 9 9 9 9 9 9 2 2 2 2 2 2 12 12 12 7 7 7 7 7 7 7 7 4 9 9 9 9 4 4 4 4 4 4 4 4 4 4
8 11 11 11 11 11 11 11 10 10 10 10 8 8 8 8 8 3 3 3 10 10 8 8 8 6 6 6 8 8 8 8 9 9 9 9 9 9 9 7 8 8 8 9 12 12 12 12 12 12 2 2 2 2 0 4 4 4 4 4 4 4 9 9 9 9 9 9 2 2 2 2 2 2 12 12 12 7 7 7 7 7 7 7 7 4 9 9 9 9 4 4 4 4 4 4 4 4 4 4
12 11 11 11 11 11 11 11 10 10 10 10 8 8 8 8 8 3 1 3 9 9 4 4 4 8 8 8 12 12 12 12 9 9 9 9 9 9 9 9 4 4 4 5 12 12 12 12 12 12 4 4 4 4 4 0 2 2 2 2 2 2 5 5 5 5 5 5 11 11 11 11 11 11 12 12 12 9 9 9 9 9 9 9 9 4 10 10 10 10 4 4 4 4 4 4 4 4 4 4
12 11 11 11 11 11 11 11 10 10 10 10 8 8 8 8 8 3 1 3 9 9 4 4 4 8 8 8 12 12 12 12 9 9 9 9 9 9 9 9 4 4 4 5 12 12 12 12 12 12 4 4 4 4 4 2 0 2 2 2 2 2 5 5 5 5 5 5 11 11 11 11 11 11 12 12 12 9 9 9 9 9 9 9 9 4 10 10 10 10 4 4 4 4 4 4 4 4 4 4
12 11 11 11 11 11 11 11 10 10 10 10 8 8 8 8 8 3 1 3 9 9 4 4 4 8 8 8 12 12 12 12 9 9 9 9 9 9 9 9 4 4 4 5 12 12 12 12 12 12 4 4 4 4 4 2 2 0 2 2 2 2 5 5 5 5 5 5 11 11 11 11 11 11 12 12 12 9 9 9 9 9 9 9 9 4 10 10 10 10 4 4 4 4 4 4 4 4 4 4
12 11 11 11 11 11 11 11 10 10 10 10 8 8 8 8 8 3 1 3 9 9 4 4 4 8 8 8 12 12 12 12 9 9 9 9 9 9 9 9 4 4 4 5 12 12 12 12 12 12 4 4 4 4 4 2 2 2 0 2 2 2 5 5 5 5 5 5 11 11 11 11 11 11 12 12 12 9 9 9 9 9 9 9 9 4 10 10 10 10 4 4 4 4 4 4 4 4 4 4
12 11 11 11 11 11 11 11 10 10 10 10 8 8 8 8 8 3 1 3 9 9 4 4 4 8 8 8 12 12 12 12 9 9 9 9 9 9 9 9 4 4 4 5 12 12 12 12 12 12 4 4 4 4 4 2 2 2 2 0 2 2 5 5 5 5 5 5 11 11 11 11 11 11 12 12 12 9 9 9 9 9 9 9 9 4 10 10 10 10 4 4 4 4 4 4 4 4 4 4
12 11 11 11 11 11 11 11 10 10 10 10 8 8 8 8 8 3 1 3 9 9 4 4 4 8 8 8 12 12 12 12 9 9 9 9 9 9 9 9 4 4 4 5 12 12 12 12 12 12 4 4 4 4 4 2 2 2 2 2 0 2 5 5 5 5 5 5 11 11 11 11 11 11 12 12 12 9 9 9 9 9 9 9 9 4 10 10 10 10 4 4 4 4 4 4 4 4 4 4
12 11 11 11 11 11 11 11 10 10 10 10 8 8 8 8 8 3 1 3 9 9 4 4 4 8 8 8 12 12 12 12 9 9 9 9 9 9 9 9 4 4 4 5 12 12 12 12 12 12 4 4 4 4 4 2 2 2 2 2 2 0 5 5 5 5 5 5 11 11 11 11 11 11 12 12 12 9 9 9 9 9 9 9 9 4 10 10 10 10 4 4 4 4 4 4 4 4 4 4
10 9 9 9 9 9 9 9 13 13 13 13 9 9 9 9 9 8 8 8 5 5 1 3 3 9 9 9 10 10 10 10 10 10 10 10 10 10 10 10 5 5 5 4 10 10 10 10 10 10 9 9 9 9 9 5 5 5 5 5 5 5 0 2 2 2 2 2 11 11 11 11 11 11 10 10 10 10 10 10 10 10 10 10 10 9 6 6 6 6 9 9 9 9 9 9 9 9 9 9
10 9 9 9 9 9 9 9 13 13 13 13 9 9 9 9 9 8 8 8 5 5 1 3 3 9 9 9 10 10 10 10 10 10 10 10 10 10 10 10 5 5 5 4 10 10 10 10 10 10 9 9 9 9 9 5 5 5 5 5 5 5 2 0 2 2 2 2 11 11 11 11 11 11 10 10 10 10 10 10 10 10 10 10 10 9 6 6 6 6 9 9 9 9 9 9 9 9 9 9
10 9 9 9 9 9 9 9 13 13 13 13 9 9 9 9 9 8 8 8 5 5 1 3 3 9 9 9 10 10 10 10 10 10 10 10 10 10 10 10 5 5 5 4 10 10 10 10 10 10 9 9 9 9 9 5 5 5 5 5 5 5 2 2 0 2 2 2 11 11 11 11 11 11 10 10 10 10 10 10 10 10 10 10 10 9 6 6 6 6 9 9 9 9 9 9 9 9 9 9
10 9 9 9 9 9 9 9 13 13 13 13 9 9 9 9 9 8 8 8 5 5 1 3 3 9 9 9 10 10 10 10 10 10 10 10 10 10 10 10 5 5 5 4 10 10 10 10 10 10 9 9 9 9 9 5 5 5 5 5 5 5 2 2 2 0 2 2 11 11 11 11 11 11 10 10 10 10 10 10 10 10 10 10 10 9 6 6 6 6 9 9 9 9 9 9 9 9 9 9
10 9 9 9 9 9 9 9 13 13 13 13 9 9 9 9 9 8 8 8 5 5 1 3 3 9 9 9 10 10 10 10 10 10 10 10 10 10 10 10 5 5 5 4 10 10 10 10 10 10 9 9 9 9 9 5 5 5 5 5 5 5 2 2 2 2 0 2 11 11 11 11 11 11 10 10 10 10 10 10 10 10 10 10 10 9 6 6 6 6 9 9 9 9 9 9 9 9 9 9
10 9 9 9 9 9 9 9 13 13 13 13 9 9 9 9 9 8 8 8 5 5 1 3 3 9 9 9 10 10 10 10 10 10 10 10 10 10 10 10 5 5 5 4 10 10 10 10 10 10 9 9 9 9 9 5 5 5 5 5 5 5 2 2 2 2 2 0 11 11 11 11 11 11 10 10 10 10 10 10 10 10 10 10 10 9 6 6 6 6 9 9 9 9 9 9 9 9 9 9
8 11 11 11 11 11 11 11 13 13 13 13 8 8 8 8 8 11 11 11 10 10 10 10 10 6 6 6 8 8 8 8 9 9 9 9 9 9 9 7 11 11 11 11 12 12 12 12 12 12 2 2 2 2 2 11 11 11 11 11 11 11 11 11 11 11 11 11 0 2 2 2 2 2 12 12 12 7 7 7 7 7 7 7 7 12 9 9 9 9 12 12 12 12 12 12 12 12 12 12
8 11 11 11 11 11 11 11 13 13 13 13 8 8 8 8 8 11 11 11 10 10 10 10 10 6 6 6 8 8 8 8 9 9 9 9 9 9 9 7 11 11 11 11 12 12 12 12 12 12 2 2 2 2 2 11 11 11 11 11 11 11 11 11 11 11 11 11 2 0 2 2 2 2 12 12 12 7 7 7 7 7 7 7 7 12 9 9 9 9 12 12 12 12 12 12 12 12 12 12
8 11 11 11 11 11 11 11 13 13 13 13 8 8 8 8 8 11 11 11 10 10 10 10 10 6 6 6 8 8 8 8 9 9 9 9 9 9 9 7 11 11 11 11 12 12 12 12 12 12 2 2 2 2 2 11 11 11 11 11 11 11 11 11 11 11 11 11 2 2 0 2 2 2 12 12 12 7 7 7 7 7 7 7 7 12 9 9 9 9 12 12 12 12 12 12 12 12 12 12
8 11 11 11 11 11 11 11 13 13 13 13 8 8 8 8 8 11 11 11 10 10 10 10 10 6 6 6 8 8 8 8 9 9 9 9 9 9 9 7 11 11 11 11 12 12 12 12 12 12 2 2 2 2 2 11 11 11 11 11 11 11 11 11 11 11 11 11 2 2 2 0 2 2 12 12 12 7 7 7 7 7 7 7 7 12 9 9 9 9 12 12 12 12 12 12 12 12 12 12
8 11 11 11 11 11 11 11 13 13 13 13 8 8 8 8 8 11 11 11 10 10 10 10 10 6 6 6 8 8 8 8 9 9 9 9 9 9 9 7 11 11 11 11 12 12 12 12 12 12 2 2 2 2 2 11 11 11 11 11 11 11 11 11 11 11 11 11 2 2 2 2 0 2 12 12 12 7 7 7 7 7 7 7 7 12 9 9 9 9 12 12 12 12 12 12 12 12 12 12
8 11 11 11 11 11 11 11 13 13 13 13 8 8 8 8 8 11 11 11 10 10 10 10 10 6 6 6 8 8 8 8 9 9 9 9 9 9 9 7 11 11 11 11 12 12 12 12 12 12 2 2 2 2 2 11 11 11 11 11 11 11 11 11 11 11 11 11 2 2 2 2 2 0 12 12 12 7 7 7 7 7 7 7 7 12 9 9 9 9 12 12 12 12 12 12 12 12 12 12
10 3 3 3 3 3 1 3 13 13 13 13 11 11 12 12 12 11 11 11 9 9 9 9 9 9 9 9 10 10 10 10 10 10 10 10 10 10 10 10 12 12 12 10 4 4 4 4 4 4 12 12 12 12 12 12 12 12 12 12 12 12 10 10 10 10 10 10 12 12 12 12 12 12 0 2 2 10 10 10 10 10 10 10 10 12 10 10 10 10 12 12 12 12 12 12 12 12 12 12
10 3 3 3 3 3 1 3 13 13 13 13 11 11 12 12 12 11 11 11 9 9 9 9 9 9 9 9 10 10 10 10 10 10 10 10 10 10 10 10 12 12 12 10 4 4 4 4 4 4 12 12 12 12 12 12 12 12 12 12 12 12 10 10 10 10 10 10 12 12 12 12 12 12 2 0 2 10 10 10 10 10 10 10 10 12 10 10 10 10 12 12 12 12 12 12 12 12 12 12
10 3 3 3 3 3 1 3 13 13 13 13 11 11 12 12 12 11 11 11 9 9 9 9 9 9 9 9 10 10 10 10 10 10 10 10 10 10 10 10 12 12 12 10 4 4 4 4 4 4 12 12 12 12 12 12 12 12 12 12 12 12 10 10 10 10 10 10 12 12 12 12 12 12 2 2 0 10 10 10 10 10 10 10 10 12 10 10 10 10 12 12 12 12 12 12 12 12 12 12
8 9 9 9 9 9 9 9 11 11 11 11 7 7 3 3 3 8 8 8 9 9 9 9 9 3 3 3 8 8 8 8 4 4 4 4 4 4 4 4 9 9 9 10 10 10 10 10 10 10 7 7 7 7 7 9 9 9 9 9 9 9 10 10 10 10 10 10 7 7 7 7 7 7 10 10 10 0 2 2 2 2 2 2 2 9 9 9 9 9 9 9 9 9 9 9 9 9 9 9
8 9 9 9 9 9 9 9 11 11 11 11 7 7 3 3 3 8 8 8 9 9 9 9 9 3 3 3 8 8 8 8 4 4 4 4 4 4 4 4 9 9 9 10 10 10 10 10 10 10 7 7 7 7 7 9 9 9 9 9 9 9 10 10 10 10 10 10 7 7 7 7 7 7 10 10 10 2 0 2 2 2 2 2 2 9 9 9 9 9 9 9 9 9 9 9 9 9 9 9
8 9 9 9 9 9 9 9 11 11 11 11 7 7 3 3 3 8 8 8 9 9 9 9 9 3 3 3 8 8 8 8 4 4 4 4 4 4 4 4 9 9 9 10 10 10 10 10 10 10 7 7 7 7 7 9 9 9 9 9 9 9 10 10 10 10 10 10 7 7 7 7 7 7 10 10 10 2 2 0 2 2 2 2 2 9 9 9 9 9 9 9 9 9 9 9 9 9 9 9
8 9 9 9 9 9 9 9 11 11 11 11 7 7 3 3 3 8 8 8 9 9 9 9 9 3 3 3 8 8 8 8 4 4 4 4 4 4 4 4 9 9 9 10 10 10 10 10 10 10 7 7 7 7 7 9 9 9 9 9 9 9 10 10 10 10 10 10 7 7 7 7 7 7 10 10 10 2 2 2 0 2 2 2 2 9 9 9 9 9 9 9 9 9 9 9 9 9 9 9
8 9 9 9 9 9 9 9 11 11 11 11 7 7 3 3 3 8 8 8 9 9 9 9 9 3 3 3 8 8 8 8 4 4 4 4 4 4 4 4 9 9 9 10 10 10 10 10 10 10 7 7 7 7 7 9 9 9 9 9 9 9 10 10 10 10 10 10 7 7 7 7 7 7 10 10 10 2 2 2 2 0 2 2 2 9 9 9 9 9 9 9 9 9 9 9 9 9 9 9
8 9 9 9 9 9 9 9 11 11 11 11 7 7 3 3 3 8 8 8 9 9 9 9 9 3 3 3 8 8 8 8 4 4 4 4 4 4 4 4 9 9 9 10 10 10 10 10 10 10 7 7 7 7 7 9 9 9 9 9 9 9 10 10 10 10 10 10 7 7 7 7 7 7 10 10 10 2 2 2 2 2 0 2 2 9 9 9 9 9 9 9 9 9 9 9 9 9 9 9
8 9 9 9 9 9 9 9 11 11 11 11 7 7 3 3 3 8 8 8 9 9 9 9 9 3 3 3 8 8 8 8 4 4 4 4 4 4 4 4 9 9 9 10 10 10 10 10 10 10 7 7 7 7 7 9 9 9 9 9 9 9 10 10 10 10 10 10 7 7 7 7 7 7 10 10 10 2 2 2 2 2 2 0 2 9 9 9 9 9 9 9 9 9 9 9 9 9 9 9
8 9 9 9 9 9 9 9 11 11 11 11 7 7 3 3 3 8 8 8 9 9 9 9 9 3 3 3 8 8 8 8 4 4 4 4 4 4 4 4 9 9 9 10 10 10 10 10 10 10 7 7 7 7 7 9 9 9 9 9 9 9 10 10 10 10 10 10 7 7 7 7 7 7 10 10 10 2 2 2 2 2 2 2 0 9 9 9 9 9 9 9 9 9 9 9 9 9 9 9
12 11 11 11 11 11 11 11 3 3 3 3 9 9 8 8 8 3 3 3 10 10 8 8 8 8 8 8 12 12 12 12 9 9 9 9 9 9 9 9 8 8 8 9 12 12 12 12 12 12 4 4 4 4 4 4 4 4 4 4 4 4 9 9 9 9 9 9 12 12 12 12 12 12 12 12 12 9 9 9 9 9 9 9 9 0 11 11 11 11 4 4 4 4 4 4 4 4 4 4
3 9 9 9 9 9 9 9 13 13 13 13 9 9 9 9 9 10 10 10 3 3 5 5 5 8 8 8 3 3 1 3 6 6 6 6 6 6 6 9 10 10 10 6 10 10 10 10 10 10 9 9 9 9 9 10 10 10 10 10 10 10 6 6 6 6 6 6 9 9 9 9 9 9 10 10 10 9 9 9 9 9 9 9 9 11 0 2 2 2 11 11 11 11 11 11 11 11 11 11
3 9 9 9 9 9 9 9 13 13 13 13 9 9 9 9 9 10 10 10 3 3 5 5 5 8 8 8 3 3 1 3 6 6 6 6 6 6 6 9 10 10 10 6 10 10 10 10 10 10 9 9 9 9 9 10 10 10 10 10 10 10 6 6 6 6 6 6 9 9 9 9 9 9 10 10 10 9 9 9 9 9 9 9 9 11 2 0 2 2 11 11 11 11 11 11 11 11 11 11
3 9 9 9 9 9 9 9 13 13 13 13 9 9 9 9 9 10 10 10 3 3 5 5 5 8 8 8 3 3 1 3 6 6 6 6 6 6 6 9 10 10 10 6 10 10 10 10 10 10 9 9 9 9 9 10 10 10 10 10 10 10 6 6 6 6 6 6 9 9 9 9 9 9 10 10 10 9 9 9 9 9 9 9 9 11 2 2 0 2 11 11 11 11 11 11 11 11 11 11
3 9 9 9 9 9 9 9 13 13 13 13 9 9 9 9 9 10 10 10 3 3 5 5 5 8 8 8 3 3 1 3 6 6 6 6 6 6 6 9 10 10 10 6 10 10 10 10 10 10 9 9 9 9 9 10 10 10 10 10 10 10 6 6 6 6 6 6 9 9 9 9 9 9 10 10 10 9 9 9 9 9 9 9 9 11 2 2 2 0 11 11 11 11 11 11 11 11 11 11
12 11 11 11 11 11 11 11 1 3 3 3 9 9 8 8 8 1 3 3 10 10 8 8 8 8 8 8 12 12 12 12 9 9 9 9 9 9 9 9 8 8 8 9 12 12 12 12 12 12 4 4 4 4 4 4 4 4 4 4 4 4 9 9 9 9 9 9 12 12 12 12 12 12 12 12 12 9 9 9 9 9 9 9 9 4 11 11 11 11 0 2 2 2 2 2 2 2 2 2
12 11 11 11 11 11 11 11 1 3 3 3 9 9 8 8 8 1 3 3 10 10 8 8 8 8 8 8 12 12 12 12 9 9 9 9 9 9 9 9 8 8 8 9 12 12 12 12 12 12 4 4 4 4 4 4 4 4 4 4 4 4 9 9 9 9 9 9 12 12 12 12 12 12 12 12 12 9 9 9 9 9 9 9 9 4 11 11 11 11 2 0 2 2 2 2 2 2 2 2
12 11 11 11 11 11 11 11 1 3 3 3 9 9 8 8 8 1 3 3 10 10 8 8 8 8 8 8 12 12 12 12 9 9 9 9 9 9 9 9 8 8 8 9 12 12 12 12 12 12 4 4 4 4 4 4 4 4 4 4 4 4 9 9 9 9 9 9 12 12 12 12 12 12 12 12 12 9 9 9 9 9 9 9 9 4 11 11 11 11 2 2 0 2 2 2 2 2 2 2
12 11 11 11 11 11 11 11 1 3 3 3 9 9 8 8 8 1 3 3 10 10 8 8 8 8 8 8 12 12 12 12 9 9 9 9 9 9 9 9 8 8 8 9 12 12 12 12 12 12 4 4 4 4 4 4 4 4 4 4 4 4 9 9 9 9 9 9 12 12 12 12 12 12 12 12 12 9 9 9 9 9 9 9 9 4 11 11 11 11 2 2 2 0 2 2 2 2 2 2
12 11 11 11 11 11 11 11 1 3 3 3 9 9 8 8 8 1 3 3 10 10 8 8 8 8 8 8 12 12 12 12 9 9 9 9 9 9 9 9 8 8 8 9 12 12 12 12 12 12 4 4 4 4 4 4 4 4 4 4 4 4 9 9 9 9 9 9 12 12 12 12 12 12 12 12 12 9 9 9 9 9 9 9 9 4 11 11 11 11 2 2 2 2 0 2 2 2 2 2
12 11 11 11 11 11 11 11 1 3 3 3 9 9 8 8 8 1 3 3 10 10 8 8 8 8 8 8 12 12 12 12 9 9 9 9 9 9 9 9 8 8 8 9 12 12 12 12 12 12 4 4 4 4 4 4 4 4 4 4 4 4 9 9 9 9 9 9 12 12 12 12 12 12 12 12 12 9 9 9 9 9 9 9 9 4 11 11 11 11 2 2 2 2 2 0 2 2 2 2
12 11 11 11 11 11 11 11 1 3 3 3 9 9 8 8 8 1 3 3 10 10 8 8 8 8 8 8 12 12 12 12 9 9 9 9 9 9 9 9 8 8 8 9 12 12 12 12 12 12 4 4 4 4 4 4 4 4 4 4 4 4 9 9 9 9 9 9 12 12 12 12 12 12 12 12 12 9 9 9 9 9 9 9 9 4 11 11 11 11 2 2 2 2 2 2 0 2 2 2
12 11 11 11 11 11 11 11 1 3 3 3 9 9 8 8 8 1 3 3 10 10 8 8 8 8 8 8 12 12 12 12 9 9 9 9 9 9 9 9 8 8 8 9 12 12 12 12 12 12 4 4 4 4 4 4 4 4 4 4 4 4 9 9 9 9 9 9 12 12 12 12 12 12 12 12 12 9 9 9 9 9 9 9 9 4 11 11 11 11 2 2 2 2 2 2 2 0 2 2
12 11 11 11 11 11 11 11 1 3 3 3 9 9 8 8 8 1 3 3 10 10 8 8 8 8 8 8 12 12 12 12 9 9 9 9 9 9 9 9 8 8 8 9 12 12 12 12 12 12 4 4 4 4 4 4 4 4 4 4 4 4 9 9 9 9 9 9 12 12 12 12 12 12 12 12 12 9 9 9 9 9 9 9 9 4 11 11 11 11 2 2 2 2 2 2 2 2 0 2
12 11 11 11 11 11 11 11 1 3 3 3 9 9 8 8 8 1 3 3 10 10 8 8 8 8 8 8 12 12 12 12 9 9 9 9 9 9 9 9 8 8 8 9 12 12 12 12 12 12 4 4 4 4 4 4 4 4 4 4 4 4 9 9 9 9 9 9 12 12 12 12 12 12 12 12 12 9 9 9 9 9 9 9 9 4 11 11 11 11 2 2 2 2 2 2 2 2 2 0
