0 4 4 4 4 4 4 4 4 4 6 6 6 8 8 3 5 5 4 4 5 5 5 5 5 5 5 5 1 5 5 5
4 0 2 2 4 4 4 4 4 4 6 6 6 9 9 5 1 1 5 5 5 5 5 5 5 5 5 5 5 3 3 3
4 2 0 2 4 4 4 4 4 4 6 6 6 9 9 5 3 3 5 5 5 5 5 5 5 5 5 5 5 3 3 3
4 2 2 0 4 4 4 4 4 4 6 6 6 9 9 5 3 3 5 5 5 5 5 5 5 5 5 5 5 1 1 1
4 4 4 4 0 2 2 2 2 2 6 6 6 3 3 5 3 3 1 3 3 3 3 3 3 3 3 3 5 4 4 4
4 4 4 4 2 0 2 2 2 2 6 6 6 3 3 5 3 3 3 3 3 3 3 3 3 3 3 3 5 4 4 4
4 4 4 4 2 2 0 2 2 2 6 6 6 3 3 5 3 3 3 3 3 3 3 3 3 3 3 3 5 4 4 4
4 4 4 4 2 2 2 0 2 2 6 6 6 3 3 5 3 3 3 3 3 3 3 3 3 3 3 3 5 4 4 4
4 4 4 4 2 2 2 2 0 2 6 6 6 3 3 5 3 3 3 3 3 3 3 3 3 3 3 3 5 4 4 4
4 4 4 4 2 2 2 2 2 0 6 6 6 3 3 5 3 3 3 1 3 3 3 3 3 3 3 3 5 4 4 4
6 6 6 6 6 6 6 6 6 6 0 2 2 4 4 3 7 7 6 6 3 3 3 3 3 3 3 3 4 5 5 5
6 6 6 6 6 6 6 6 6 6 2 0 2 4 4 3 7 7 6 6 3 3 3 3 3 3 3 3 4 5 5 5
6 6 6 6 6 6 6 6 6 6 2 2 0 4 4 3 7 7 6 6 3 3 3 3 3 3 3 3 4 5 5 5
8 9 9 9 3 3 3 3 3 3 4 4 4 0 2 5 4 4 4 4 4 4 4 4 4 4 4 4 2 3 3 3
8 9 9 9 3 3 3 3 3 3 4 4 4 2 0 5 4 4 4 4 4 4 4 4 4 4 4 4 2 3 3 3
3 5 5 5 5 5 5 5 5 5 3 3 3 5 5 0 6 6 5 5 4 4 4 4 4 4 4 4 4 6 6 6
5 1 3 3 3 3 3 3 3 3 7 7 7 4 4 6 0 2 4 4 4 4 4 4 4 4 4 4 6 4 4 4
5 1 3 3 3 3 3 3 3 3 7 7 7 4 4 6 2 0 4 4 4 4 4 4 4 4 4 4 6 4 4 4
4 5 5 5 1 3 3 3 3 3 6 6 6 4 4 5 4 4 0 4 4 4 4 4 4 4 4 4 5 5 5 5
4 5 5 5 3 3 3 3 3 1 6 6 6 4 4 5 4 4 4 0 4 4 4 4 4 4 4 4 5 5 5 5
5 5 5 5 3 3 3 3 3 3 3 3 3 4 4 4 4 4 4 4 0 2 2 2 2 2 2 2 5 5 5 5
5 5 5 5 3 3 3 3 3 3 3 3 3 4 4 4 4 4 4 4 2 0 2 2 2 2 2 2 5 5 5 5
5 5 5 5 3 3 3 3 3 3 3 3 3 4 4 4 4 4 4 4 2 2 0 2 2 2 2 2 5 5 5 5
5 5 5 5 3 3 3 3 3 3 3 3 3 4 4 4 4 4 4 4 2 2 2 0 2 2 2 2 5 5 5 5
5 5 5 5 3 3 3 3 3 3 3 3 3 4 4 4 4 4 4 4 2 2 2 2 0 2 2 2 5 5 5 5
5 5 5 5 3 3 3 3 3 3 3 3 3 4 4 4 4 4 4 4 2 2 2 2 2 0 2 2 5 5 5 5
5 5 5 5 3 3 3 3 3 3 3 3 3 4 4 4 4 4 4 4 2 2 2 2 2 2 0 2 5 5 5 5
5 5 5 5 3 3 3 3 3 3 3 3 3 4 4 4 4 4 4 4 2 2 2 2 2 2 2 0 5 5 5 5
1 5 5 5 5 5 5 5 5 5 4 4 4 2 2 4 6 6 5 5 5 5 5 5 5 5 5 5 0 3 3 3
5 3 3 1 4 4 4 4 4 4 5 5 5 3 3 6 4 4 5 5 5 5 5 5 5 5 5 5 3 0 2 2
5 3 3 1 4 4 4 4 4 4 5 5 5 3 3 6 4 4 5 5 5 5 5 5 5 5 5 5 3 2 0 2
5 3 3 1 4 4 4 4 4 4 5 5 5 3 3 6 4 4 5 5 5 5 5 5 5 5 5 5 3 2 2 0
