0 2 2 7 7 7 7 7 5 7 7 5 3 3 3 3 5 8 8 8 8 8 8 3 3 3 3 3 3 3 9 9 9 9 9 1 1 1 1 1 1 1 1 1 1
2 0 2 7 7 7 7 7 5 7 7 5 1 1 1 1 5 8 8 8 8 8 8 3 3 3 3 3 3 3 9 9 9 9 9 3 3 3 3 3 3 3 3 3 3
2 2 0 7 7 7 7 7 5 7 7 5 3 3 3 3 5 8 8 8 8 8 8 1 1 1 1 1 1 1 9 9 9 9 9 3 3 3 3 3 3 3 3 3 3
7 7 7 0 2 4 4 4 5 4 4 4 4 4 4 4 5 5 5 5 5 5 5 8 8 8 8 8 8 8 4 4 4 4 4 4 4 4 4 4 4 4 4 4 4
7 7 7 2 0 4 4 4 5 4 4 4 4 4 4 4 5 5 5 5 5 5 5 8 8 8 8 8 8 8 4 4 4 4 4 4 4 4 4 4 4 4 4 4 4
7 7 7 4 4 0 2 2 5 4 4 4 4 4 4 4 3 1 1 1 1 1 1 8 8 8 8 8 8 8 4 4 4 4 4 4 4 4 4 4 4 4 4 4 4
7 7 7 4 4 2 0 2 5 4 4 4 4 4 4 4 3 3 3 3 3 3 3 8 8 8 8 8 8 8 4 4 4 4 4 4 4 4 4 4 4 4 4 4 4
7 7 7 4 4 2 2 0 5 4 4 4 4 4 4 4 3 3 3 3 3 3 3 8 8 8 8 8 8 8 4 4 4 4 4 4 4 4 4 4 4 4 4 4 4
5 5 5 5 5 5 5 5 0 7 7 4 5 5 5 5 6 6 6 6 6 6 6 6 6 6 6 6 6 6 5 5 5 5 5 5 5 5 5 5 5 5 5 5 5
7 7 7 4 4 4 4 4 7 0 2 2 4 4 4 4 5 3 3 3 3 3 3 8 8 8 8 8 8 8 4 4 4 4 4 4 4 4 4 4 4 4 4 4 4
7 7 7 4 4 4 4 4 7 2 0 2 4 4 4 4 5 3 3 3 3 3 3 8 8 8 8 8 8 8 4 4 4 4 4 4 4 4 4 4 4 4 4 4 4
5 5 5 4 4 4 4 4 4 2 2 0 4 4 4 4 5 3 3 3 3 3 3 6 6 6 6 6 6 6 4 4 4 4 4 4 4 4 4 4 4 4 4 4 4
3 1 3 4 4 4 4 4 5 4 4 4 0 2 2 2 5 5 5 5 5 5 5 4 4 4 4 4 4 4 4 4 4 4 4 4 4 4 4 4 4 4 4 4 4
3 1 3 4 4 4 4 4 5 4 4 4 2 0 2 2 5 5 5 5 5 5 5 4 4 4 4 4 4 4 4 4 4 4 4 4 4 4 4 4 4 4 4 4 4
3 1 3 4 4 4 4 4 5 4 4 4 2 2 0 2 5 5 5 5 5 5 5 4 4 4 4 4 4 4 4 4 4 4 4 4 4 4 4 4 4 4 4 4 4
3 1 3 4 4 4 4 4 5 4 4 4 2 2 2 0 5 5 5 5 5 5 5 4 4 4 4 4 4 4 4 4 4 4 4 4 4 4 4 4 4 4 4 4 4
5 5 5 5 5 3 3 3 6 5 5 5 5 5 5 5 0 4 4 4 4 4 4 6 6 6 6 6 6 6 5 5 5 5 5 5 5 5 5 5 5 5 5 5 5
8 8 8 5 5 1 3 3 6 3 3 3 5 5 5 5 4 0 2 2 2 2 2 9 9 9 9 9 9 9 5 5 5 5 5 5 5 5 5 5 5 5 5 5 5
8 8 8 5 5 1 3 3 6 3 3 3 5 5 5 5 4 2 0 2 2 2 2 9 9 9 9 9 9 9 5 5 5 5 5 5 5 5 5 5 5 5 5 5 5
8 8 8 5 5 1 3 3 6 3 3 3 5 5 5 5 4 2 2 0 2 2 2 9 9 9 9 9 9 9 5 5 5 5 5 5 5 5 5 5 5 5 5 5 5
8 8 8 5 5 1 3 3 6 3 3 3 5 5 5 5 4 2 2 2 0 2 2 9 9 9 9 9 9 9 5 5 5 5 5 5 5 5 5 5 5 5 5 5 5
8 8 8 5 5 1 3 3 6 3 3 3 5 5 5 5 4 2 2 2 2 0 2 9 9 9 9 9 9 9 5 5 5 5 5 5 5 5 5 5 5 5 5 5 5
8 8 8 5 5 1 3 3 6 3 3 3 5 5 5 5 4 2 2 2 2 2 0 9 9 9 9 9 9 9 5 5 5 5 5 5 5 5 5 5 5 5 5 5 5
3 3 1 8 8 8 8 8 6 8 8 6 4 4 4 4 6 9 9 9 9 9 9 0 2 2 2 2 2 2 10 10 10 10 10 4 4 4 4 4 4 4 4 4 4
3 3 1 8 8 8 8 8 6 8 8 6 4 4 4 4 6 9 9 9 9 9 9 2 0 2 2 2 2 2 10 10 10 10 10 4 4 4 4 4 4 4 4 4 4
3 3 1 8 8 8 8 8 6 8 8 6 4 4 4 4 6 9 9 9 9 9 9 2 2 0 2 2 2 2 10 10 10 10 10 4 4 4 4 4 4 4 4 4 4
3 3 1 8 8 8 8 8 6 8 8 6 4 4 4 4 6 9 9 9 9 9 9 2 2 2 0 2 2 2 10 10 10 10 10 4 4 4 4 4 4 4 4 4 4
3 3 1 8 8 8 8 8 6 8 8 6 4 4 4 4 6 9 9 9 9 9 9 2 2 2 2 0 2 2 10 10 10 10 10 4 4 4 4 4 4 4 4 4 4
3 3 1 8 8 8 8 8 6 8 8 6 4 4 4 4 6 9 9 9 9 9 9 2 2 2 2 2 0 2 10 10 10 10 10 4 4 4 4 4 4 4 4 4 4
3 3 1 8 8 8 8 8 6 8 8 6 4 4 4 4 6 9 9 9 9 9 9 2 2 2 2 2 2 0 10 10 10 10 10 4 4 4 4 4 4 4 4 4 4
9 9 9 4 4 4 4 4 5 4 4 4 4 4 4 4 5 5 5 5 5 5 5 10 10 10 10 10 10 10 0 2 2 2 2 4 4 4 4 4 4 4 4 4 4
9 9 9 4 4 4 4 4 5 4 4 4 4 4 4 4 5 5 5 5 5 5 5 10 10 10 10 10 10 10 2 0 2 2 2 4 4 4 4 4 4 4 4 4 4
9 9 9 4 4 4 4 4 5 4 4 4 4 4 4 4 5 5 5 5 5 5 5 10 10 10 10 10 10 10 2 2 0 2 2 4 4 4 4 4 4 4 4 4 4
9 9 9 4 4 4 4 4 5 4 4 4 4 4 4 4 5 5 5 5 5 5 5 10 10 10 10 10 10 10 2 2 2 0 2 4 4 4 4 4 4 4 4 4 4
9 9 9 4 4 4 4 4 5 4 4 4 4 4 4 4 5 5 5 5 5 5 5 10 10 10 10 10 10 10 2 2 2 2 0 4 4 4 4 4 4 4 4 4 4
1 3 3 4 4 4 4 4 5 4 4 4 4 4 4 4 5 5 5 5 5 5 5 4 4 4 4 4 4 4 4 4 4 4 4 0 2 2 2 2 2 2 2 2 2
1 3 3 4 4 4 4 4 5 4 4 4 4 4 4 4 5 5 5 5 5 5 5 4 4 4 4 4 4 4 4 4 4 4 4 2 0 2 2 2 2 2 2 2 2
1 3 3 4 4 4 4 4 5 4 4 4 4 4 4 4 5 5 5 5 5 5 5 4 4 4 4 4 4 4 4 4 4 4 4 2 2 0 2 2 2 2 2 2 2
1 3 3 4 4 4 4 4 5 4 4 4 4 4 4 4 5 5 5 5 5 5 5 4 4 4 4 4 4 4 4 4 4 4 4 2 2 2 0 2 2 2 2 2 2
1 3 3 4 4 4 4 4 5 4 4 4 4 4 4 4 5 5 5 5 5 5 5 4 4 4 4 4 4 4 4 4 4 4 4 2 2 2 2 0 2 2 2 2 2
1 3 3 4 4 4 4 4 5 4 4 4 4 4 4 4 5 5 5 5 5 5 5 4 4 4 4 4 4 4 4 4 4 4 4 2 2 2 2 2 0 2 2 2 2
1 3 3 4 4 4 4 4 5 4 4 4 4 4 4 4 5 5 5 5 5 5 5 4 4 4 4 4 4 4 4 4 4 4 4 2 2 2 2 2 2 0 2 2 2
1 3 3 4 4 4 4 4 5 4 4 4 4 4 4 4 5 5 5 5 5 5 5 4 4 4 4 4 4 4 4 4 4 4 4 2 2 2 2 2 2 2 0 2 2
1 3 3 4 4 4 4 4 5 4 4 4 4 4 4 4 5 5 5 5 5 5 5 4 4 4 4 4 4 4 4 4 4 4 4 2 2 2 2 2 2 2 2 0 2
1 3 3 4 4 4 4 4 5 4 4 4 4 4 4 4 5 5 5 5 5 5 5 4 4 4 4 4 4 4 4 4 4 4 4 2 2 2 2 2 2 2 2 2 0
