0 2 2 7 7 7 6 3 3 3 3 3 3 3 3 3
2 0 2 7 7 7 6 3 3 3 3 3 3 3 3 3
2 2 0 7 7 7 6 1 1 1 1 1 1 3 3 3
7 7 7 0 2 2 4 5 5 5 5 5 5 2 2 2
7 7 7 2 0 2 4 5 5 5 5 5 5 2 2 2
7 7 7 2 2 0 4 5 5 5 5 5 5 2 2 2
6 6 6 4 4 4 0 1 1 1 1 1 1 4 4 4
3 3 1 5 5 5 1 0 2 2 2 2 2 4 4 4
3 3 1 5 5 5 1 2 0 2 2 2 2 4 4 4
3 3 1 5 5 5 1 2 2 0 2 2 2 4 4 4
3 3 1 5 5 5 1 2 2 2 0 2 2 4 4 4
3 3 1 5 5 5 1 2 2 2 2 0 2 4 4 4
3 3 1 5 5 5 1 2 2 2 2 2 0 4 4 4
3 3 3 2 2 2 4 4 4 4 4 4 4 0 2 2
3 3 3 2 2 2 4 4 4 4 4 4 4 2 0 2
3 3 3 2 2 2 4 4 4 4 4 4 4 2 2 0
