0 2 8 8 8 8 8 8 8 8 8 8 10 10 10 8 8 6 4 4 4 8 4 7 7 12 12 4 4 8 8 6 6 6 5 5 5 8 10 10 10 7 7 7 9 9 9 9 9 9 3 5 3 3 3 3 3 3 3 11 11 11 11 11 7 7 7 7 7 7 7 7 7 7 7 7 8 8 8 8 8 11 7 7 7 8 8 8 8 8 9 9 9 9 9 3 3 3 3 3 3 6 6 6 11 11 11 11 11 11 11 7 9 9 9 11 11 11 11 11 11 11 11 11 5 5 5 5 5 5 5 5 8 11 11 11 11 11 11 11 9 9 9 9 9 9 9 9 5 5 5 5 8 -1 -1 -1 -1 -1 -1 -1 -1 -1 -1 -1 -1 -1 -1 -1 -1 -1 -1 -1 -1 -1 -1 -1 -1 -1
2 0 8 8 8 8 8 8 8 8 8 8 10 10 10 8 8 6 4 4 4 8 4 7 7 12 12 4 4 8 8 6 6 6 5 5 5 8 10 10 10 7 7 7 9 9 9 9 9 9 3 5 3 3 3 3 3 3 3 11 11 11 11 11 7 7 7 7 7 7 7 7 7 7 7 7 8 8 8 8 8 11 7 7 7 8 8 8 8 8 9 9 9 9 9 3 3 3 3 3 3 6 6 6 11 11 11 11 11 11 11 7 9 9 9 11 11 11 11 11 11 11 11 11 5 5 5 5 5 5 5 5 8 11 11 11 11 11 11 11 9 9 9 9 9 9 9 9 5 5 5 5 8 -1 -1 -1 -1 -1 -1 -1 -1 -1 -1 -1 -1 -1 -1 -1 -1 -1 -1 -1 -1 -1 -1 -1 -1 -1
8 8 0 2 2 2 2 4 4 4 4 4 7 7 9 6 6 6 8 8 8 6 6 5 5 12 12 6 6 6 6 6 6 6 7 7 7 6 8 8 8 3 3 3 1 1 1 1 1 1 6 7 9 9 9 9 9 9 9 8 8 8 8 8 7 7 7 7 7 7 7 7 7 7 7 7 4 4 4 4 4 8 7 7 7 3 3 3 3 3 5 3 3 3 5 9 9 9 9 9 9 8 8 8 7 7 7 7 7 7 7 5 5 5 5 7 7 7 7 7 7 7 7 7 7 7 7 7 7 7 7 7 4 9 9 9 9 9 9 9 3 3 3 3 3 3 3 3 9 9 9 9 4 -1 -1 -1 -1 -1 -1 -1 -1 -1 -1 -1 -1 -1 -1 -1 -1 -1 -1 -1 -1 -1 -1 -1 -1 -1
8 8 2 0 2 2 2 4 4 4 4 4 7 7 9 6 6 6 8 8 8 6 6 5 5 12 12 6 6 6 6 6 6 6 7 7 7 6 8 8 8 3 3 3 3 3 3 3 3 3 6 7 9 9 9 9 9 9 9 8 8 8 8 8 7 7 7 7 7 7 7 7 7 7 7 7 4 4 4 4 4 8 7 7 7 3 3 3 3 3 5 3 3 3 5 9 9 9 9 9 9 8 8 8 7 7 7 7 7 7 7 5 5 5 5 7 7 7 7 7 7 7 7 7 7 7 7 7 7 7 7 7 4 9 9 9 9 9 9 9 1 1 1 1 1 1 1 1 9 9 9 9 4 -1 -1 -1 -1 -1 -1 -1 -1 -1 -1 -1 -1 -1 -1 -1 -1 -1 -1 -1 -1 -1 -1 -1 -1 -1
8 8 2 2 0 2 2 4 4 4 4 4 7 7 9 6 6 6 8 8 8 6 6 5 5 12 12 6 6 6 6 6 6 6 7 7 7 6 8 8 8 3 3 3 3 3 3 3 3 3 6 7 9 9 9 9 9 9 9 8 8 8 8 8 7 7 7 7 7 7 7 7 7 7 7 7 4 4 4 4 4 8 7 7 7 3 3 3 3 3 5 3 3 3 5 9 9 9 9 9 9 8 8 8 7 7 7 7 7 7 7 5 5 5 5 7 7 7 7 7 7 7 7 7 7 7 7 7 7 7 7 7 4 9 9 9 9 9 9 9 3 3 3 3 3 3 3 3 9 9 9 9 4 -1 -1 -1 -1 -1 -1 -1 -1 -1 -1 -1 -1 -1 -1 -1 -1 -1 -1 -1 -1 -1 -1 -1 -1 -1
8 8 2 2 2 0 2 4 4 4 4 4 7 7 9 6 6 6 8 8 8 6 6 5 5 12 12 6 6 6 6 6 6 6 7 7 7 6 8 8 8 3 3 3 3 3 3 3 3 3 6 7 9 9 9 9 9 9 9 8 8 8 8 8 7 7 7 7 7 7 7 7 7 7 7 7 4 4 4 4 4 8 7 7 7 3 3 3 3 3 5 1 1 1 5 9 9 9 9 9 9 8 8 8 7 7 7 7 7 7 7 5 5 5 5 7 7 7 7 7 7 7 7 7 7 7 7 7 7 7 7 7 4 9 9 9 9 9 9 9 3 3 3 3 3 3 3 3 9 9 9 9 4 -1 -1 -1 -1 -1 -1 -1 -1 -1 -1 -1 -1 -1 -1 -1 -1 -1 -1 -1 -1 -1 -1 -1 -1 -1
8 8 2 2 2 2 0 4 4 4 4 4 7 7 9 6 6 6 8 8 8 6 6 5 5 12 12 6 6 6 6 6 6 6 7 7 7 6 8 8 8 3 3 3 3 3 3 3 3 3 6 7 9 9 9 9 9 9 9 8 8 8 8 8 7 7 7 7 7 7 7 7 7 7 7 7 4 4 4 4 4 8 7 7 7 3 3 3 3 3 5 3 3 3 5 9 9 9 9 9 9 8 8 8 7 7 7 7 7 7 7 5 5 5 5 7 7 7 7 7 7 7 7 7 7 7 7 7 7 7 7 7 4 9 9 9 9 9 9 9 3 3 3 3 3 3 3 3 9 9 9 9 4 -1 -1 -1 -1 -1 -1 -1 -1 -1 -1 -1 -1 -1 -1 -1 -1 -1 -1 -1 -1 -1 -1 -1 -1 -1
8 8 4 4 4 4 4 0 2 2 4 4 7 7 9 2 2 6 8 8 8 6 4 5 5 8 8 6 6 6 6 6 6 6 7 7 7 6 8 8 8 5 5 5 5 5 5 5 5 5 6 7 9 9 9 9 9 9 9 8 8 8 8 8 7 7 7 7 7 7 7 7 7 7 7 7 6 6 6 6 6 8 7 7 7 5 5 5 5 5 5 5 5 5 5 9 9 9 9 9 9 8 8 8 7 7 7 7 7 7 7 5 5 5 5 7 7 7 7 7 7 7 7 7 7 7 7 7 7 7 7 7 4 9 9 9 9 9 9 9 5 5 5 5 5 5 5 5 8 8 8 8 6 -1 -1 -1 -1 -1 -1 -1 -1 -1 -1 -1 -1 -1 -1 -1 -1 -1 -1 -1 -1 -1 -1 -1 -1 -1
8 8 4 4 4 4 4 2 0 2 4 4 7 7 9 2 2 6 8 8 8 6 4 5 5 8 8 6 6 6 6 6 6 6 7 7 7 6 8 8 8 5 5 5 5 5 5 5 5 5 6 7 9 9 9 9 9 9 9 8 8 8 8 8 7 7 7 7 7 7 7 7 7 7 7 7 6 6 6 6 6 8 7 7 7 5 5 5 5 5 5 5 5 5 5 9 9 9 9 9 9 8 8 8 7 7 7 7 7 7 7 5 5 5 5 7 7 7 7 7 7 7 7 7 7 7 7 7 7 7 7 7 4 9 9 9 9 9 9 9 5 5 5 5 5 5 5 5 8 8 8 8 6 -1 -1 -1 -1 -1 -1 -1 -1 -1 -1 -1 -1 -1 -1 -1 -1 -1 -1 -1 -1 -1 -1 -1 -1 -1
8 8 4 4 4 4 4 2 2 0 4 4 7 7 9 2 2 6 8 8 8 6 4 5 5 8 8 6 6 6 6 6 6 6 7 7 7 6 8 8 8 5 5 5 5 5 5 5 5 5 6 7 9 9 9 9 9 9 9 8 8 8 8 8 7 7 7 7 7 7 7 7 7 7 7 7 6 6 6 6 6 8 7 7 7 5 5 5 5 5 5 5 5 5 5 9 9 9 9 9 9 8 8 8 7 7 7 7 7 7 7 5 5 5 5 7 7 7 7 7 7 7 7 7 7 7 7 7 7 7 7 7 4 9 9 9 9 9 9 9 5 5 5 5 5 5 5 5 8 8 8 8 6 -1 -1 -1 -1 -1 -1 -1 -1 -1 -1 -1 -1 -1 -1 -1 -1 -1 -1 -1 -1 -1 -1 -1 -1 -1
8 8 4 4 4 4 4 4 4 4 0 2 4 4 9 8 8 6 8 8 8 5 8 7 7 4 4 6 6 6 6 8 8 8 7 7 7 6 6 6 6 6 6 6 5 5 5 5 5 5 8 4 9 9 9 9 9 9 9 7 7 7 7 7 5 5 5 5 5 5 6 6 6 6 6 6 7 7 7 7 7 5 7 7 7 5 5 5 5 5 3 5 5 5 3 9 9 9 9 9 9 5 5 5 4 4 4 4 4 4 4 1 5 5 5 4 4 4 4 4 4 4 4 4 6 6 6 6 6 6 6 6 4 7 7 7 7 7 7 7 5 5 5 5 5 5 5 5 6 6 6 6 8 -1 -1 -1 -1 -1 -1 -1 -1 -1 -1 -1 -1 -1 -1 -1 -1 -1 -1 -1 -1 -1 -1 -1 -1 -1
8 8 4 4 4 4 4 4 4 4 2 0 4 4 9 8 8 6 8 8 8 5 8 7 7 4 4 6 6 6 6 8 8 8 7 7 7 6 6 6 6 6 6 6 5 5 5 5 5 5 8 4 9 9 9 9 9 9 9 7 7 7 7 7 5 5 5 5 5 5 6 6 6 6 6 6 7 7 7 7 7 5 7 7 7 5 5 5 5 5 1 5 5 5 3 9 9 9 9 9 9 5 5 5 4 4 4 4 4 4 4 3 5 5 5 4 4 4 4 4 4 4 4 4 6 6 6 6 6 6 6 6 4 7 7 7 7 7 7 7 5 5 5 5 5 5 5 5 6 6 6 6 8 -1 -1 -1 -1 -1 -1 -1 -1 -1 -1 -1 -1 -1 -1 -1 -1 -1 -1 -1 -1 -1 -1 -1 -1 -1
10 10 7 7 7 7 7 7 7 7 4 4 0 2 4 8 8 7 10 10 10 5 8 4 4 4 4 6 6 6 6 10 10 10 9 9 9 7 4 4 4 4 4 4 8 8 8 8 8 8 10 4 11 11 11 11 11 11 11 7 7 7 7 7 3 3 3 3 3 3 4 4 4 4 4 4 5 5 5 5 5 3 8 8 8 7 7 7 7 7 4 8 8 8 5 11 11 11 11 11 11 1 1 1 4 4 4 4 4 4 4 5 5 5 5 2 2 2 2 2 2 2 2 2 6 6 6 6 6 6 6 6 7 5 5 5 5 5 5 5 4 4 4 4 4 4 4 4 4 4 4 4 10 -1 -1 -1 -1 -1 -1 -1 -1 -1 -1 -1 -1 -1 -1 -1 -1 -1 -1 -1 -1 -1 -1 -1 -1 -1
10 10 7 7 7 7 7 7 7 7 4 4 2 0 4 8 8 7 10 10 10 5 8 4 4 4 4 6 6 6 6 10 10 10 9 9 9 7 4 4 4 4 4 4 8 8 8 8 8 8 10 4 11 11 11 11 11 11 11 7 7 7 7 7 3 3 3 3 3 3 4 4 4 4 4 4 5 5 5 5 5 3 8 8 8 7 7 7 7 7 4 8 8 8 5 11 11 11 11 11 11 3 3 3 4 4 4 4 4 4 4 5 5 5 5 2 2 2 2 2 2 2 2 2 6 6 6 6 6 6 6 6 7 5 5 5 5 5 5 5 4 4 4 4 4 4 4 4 4 4 4 4 10 -1 -1 -1 -1 -1 -1 -1 -1 -1 -1 -1 -1 -1 -1 -1 -1 -1 -1 -1 -1 -1 -1 -1 -1 -1
10 10 9 9 9 9 9 9 9 9 9 9 4 4 0 10 10 9 10 10 10 9 10 2 2 12 12 10 10 8 8 10 10 10 9 9 9 9 4 4 4 4 4 4 10 10 10 10 10 10 10 9 11 11 11 11 11 11 11 9 9 9 9 9 5 5 5 5 5 5 4 4 4 4 4 4 5 5 5 5 5 5 10 10 10 9 9 9 9 9 4 10 10 10 10 11 11 11 11 11 11 5 5 5 9 9 9 9 9 9 9 10 5 5 5 9 9 9 9 9 9 9 9 9 10 10 10 10 10 10 10 10 9 5 5 5 5 5 5 5 4 4 4 4 4 4 4 4 4 4 4 4 10 -1 -1 -1 -1 -1 -1 -1 -1 -1 -1 -1 -1 -1 -1 -1 -1 -1 -1 -1 -1 -1 -1 -1 -1 -1
8 8 6 6 6 6 6 2 2 2 8 8 8 8 10 0 2 6 8 8 8 6 4 5 5 8 8 6 6 7 7 6 6 6 7 7 7 8 8 8 8 5 5 5 7 7 7 7 7 7 6 8 9 9 9 9 9 9 9 8 8 8 8 8 7 7 7 7 7 7 7 7 7 7 7 7 6 6 6 6 6 9 7 7 7 7 7 7 7 7 9 7 7 7 9 9 9 9 9 9 9 8 8 8 8 8 8 8 8 8 8 7 9 9 9 8 8 8 8 8 8 8 8 8 7 7 7 7 7 7 7 7 8 9 9 9 9 9 9 9 7 7 7 7 7 7 7 7 8 8 8 8 6 -1 -1 -1 -1 -1 -1 -1 -1 -1 -1 -1 -1 -1 -1 -1 -1 -1 -1 -1 -1 -1 -1 -1 -1 -1
8 8 6 6 6 6 6 2 2 2 8 8 8 8 10 2 0 6 8 8 8 6 4 5 5 8 8 6 6 7 7 6 6 6 7 7 7 8 8 8 8 5 5 5 7 7 7 7 7 7 6 8 9 9 9 9 9 9 9 8 8 8 8 8 7 7 7 7 7 7 7 7 7 7 7 7 6 6 6 6 6 9 7 7 7 7 7 7 7 7 9 7 7 7 9 9 9 9 9 9 9 8 8 8 8 8 8 8 8 8 8 7 9 9 9 8 8 8 8 8 8 8 8 8 7 7 7 7 7 7 7 7 8 9 9 9 9 9 9 9 7 7 7 7 7 7 7 7 8 8 8 8 6 -1 -1 -1 -1 -1 -1 -1 -1 -1 -1 -1 -1 -1 -1 -1 -1 -1 -1 -1 -1 -1 -1 -1 -1 -1
6 6 6 6 6 6 6 6 6 6 6 6 7 7 9 6 6 0 6 6 6 6 6 5 5 12 12 6 6 4 4 2 2 2 5 5 5 4 8 8 8 5 5 5 7 7 7 7 7 7 2 7 7 7 7 7 7 7 7 8 8 8 8 8 3 3 3 3 3 3 3 3 3 3 3 3 6 6 6 6 6 8 3 3 3 4 4 4 4 4 7 7 7 7 7 7 7 7 7 7 7 6 6 6 7 7 7 7 7 7 7 3 7 7 7 7 7 7 7 7 7 7 7 7 7 7 7 7 7 7 7 7 5 9 9 9 9 9 9 9 7 7 7 7 7 7 7 7 7 7 7 7 6 -1 -1 -1 -1 -1 -1 -1 -1 -1 -1 -1 -1 -1 -1 -1 -1 -1 -1 -1 -1 -1 -1 -1 -1 -1
4 4 8 8 8 8 8 8 8 8 8 8 10 10 10 8 8 6 0 2 2 8 4 7 7 12 12 4 4 8 8 6 6 6 5 5 5 8 10 10 10 7 7 7 9 9 9 9 9 9 5 3 5 5 5 5 5 5 5 11 11 11 11 11 7 7 7 7 7 7 7 7 7 7 7 7 8 8 8 8 8 11 7 7 7 8 8 8 8 8 9 9 9 9 9 5 5 5 5 5 5 6 6 6 11 11 11 11 11 11 11 7 9 9 9 11 11 11 11 11 11 11 11 11 3 3 3 3 3 3 3 3 8 11 11 11 11 11 11 11 9 9 9 9 9 9 9 9 3 3 3 3 8 -1 -1 -1 -1 -1 -1 -1 -1 -1 -1 -1 -1 -1 -1 -1 -1 -1 -1 -1 -1 -1 -1 -1 -1 -1
4 4 8 8 8 8 8 8 8 8 8 8 10 10 10 8 8 6 2 0 2 8 4 7 7 12 12 4 4 8 8 6 6 6 5 5 5 8 10 10 10 7 7 7 9 9 9 9 9 9 5 3 5 5 5 5 5 5 5 11 11 11 11 11 7 7 7 7 7 7 7 7 7 7 7 7 8 8 8 8 8 11 7 7 7 8 8 8 8 8 9 9 9 9 9 5 5 5 5 5 5 6 6 6 11 11 11 11 11 11 11 7 9 9 9 11 11 11 11 11 11 11 11 11 3 3 3 3 3 3 3 3 8 11 11 11 11 11 11 11 9 9 9 9 9 9 9 9 1 1 1 1 8 -1 -1 -1 -1 -1 -1 -1 -1 -1 -1 -1 -1 -1 -1 -1 -1 -1 -1 -1 -1 -1 -1 -1 -1 -1
4 4 8 8 8 8 8 8 8 8 8 8 10 10 10 8 8 6 2 2 0 8 4 7 7 12 12 4 4 8 8 6 6 6 5 5 5 8 10 10 10 7 7 7 9 9 9 9 9 9 5 1 5 5 5 5 5 5 5 11 11 11 11 11 7 7 7 7 7 7 7 7 7 7 7 7 8 8 8 8 8 11 7 7 7 8 8 8 8 8 9 9 9 9 9 5 5 5 5 5 5 6 6 6 11 11 11 11 11 11 11 7 9 9 9 11 11 11 11 11 11 11 11 11 3 3 3 3 3 3 3 3 8 11 11 11 11 11 11 11 9 9 9 9 9 9 9 9 3 3 3 3 8 -1 -1 -1 -1 -1 -1 -1 -1 -1 -1 -1 -1 -1 -1 -1 -1 -1 -1 -1 -1 -1 -1 -1 -1 -1
8 8 6 6 6 6 6 6 6 6 5 5 5 5 9 6 6 6 8 8 8 0 6 7 7 5 5 5 5 6 6 8 8 8 7 7 7 6 5 5 5 5 5 5 7 7 7 7 7 7 8 5 9 9 9 9 9 9 9 7 7 7 7 7 6 6 6 6 6 6 5 5 5 5 5 5 6 6 6 6 6 6 7 7 7 6 6 6 6 6 6 7 7 7 6 9 9 9 9 9 9 6 6 6 5 5 5 5 5 5 5 6 6 6 6 5 5 5 5 5 5 5 5 5 1 1 1 1 1 1 1 1 6 6 6 6 6 6 6 6 5 5 5 5 5 5 5 5 5 5 5 5 8 -1 -1 -1 -1 -1 -1 -1 -1 -1 -1 -1 -1 -1 -1 -1 -1 -1 -1 -1 -1 -1 -1 -1 -1 -1
4 4 6 6 6 6 6 4 4 4 8 8 8 8 10 4 4 6 4 4 4 6 0 5 5 8 8 4 4 7 7 6 6 6 5 5 5 8 8 8 8 5 5 5 7 7 7 7 7 7 5 5 5 5 5 5 5 5 5 8 8 8 8 8 7 7 7 7 7 7 7 7 7 7 7 7 6 6 6 6 6 9 7 7 7 7 7 7 7 7 9 7 7 7 9 5 5 5 5 5 5 6 6 6 8 8 8 8 8 8 8 7 9 9 9 8 8 8 8 8 8 8 8 8 5 5 5 5 5 5 5 5 8 9 9 9 9 9 9 9 7 7 7 7 7 7 7 7 5 5 5 5 6 -1 -1 -1 -1 -1 -1 -1 -1 -1 -1 -1 -1 -1 -1 -1 -1 -1 -1 -1 -1 -1 -1 -1 -1 -1
7 7 5 5 5 5 5 5 5 5 7 7 4 4 2 5 5 5 7 7 7 7 5 0 2 11 11 5 5 7 7 5 5 5 6 6 6 7 4 4 4 4 4 4 6 6 6 6 6 6 5 8 8 8 8 8 8 8 8 9 9 9 9 9 5 5 5 5 5 5 4 4 4 4 4 4 5 5 5 5 5 5 6 6 6 6 6 6 6 6 4 6 6 6 8 8 8 8 8 8 8 5 5 5 9 9 9 9 9 9 9 6 5 5 5 9 9 9 9 9 9 9 9 9 8 8 8 8 8 8 8 8 7 5 5 5 5 5 5 5 4 4 4 4 4 4 4 4 4 4 4 4 5 -1 -1 -1 -1 -1 -1 -1 -1 -1 -1 -1 -1 -1 -1 -1 -1 -1 -1 -1 -1 -1 -1 -1 -1 -1
7 7 5 5 5 5 5 5 5 5 7 7 4 4 2 5 5 5 7 7 7 7 5 2 0 11 11 5 5 7 7 5 5 5 6 6 6 7 4 4 4 4 4 4 6 6 6 6 6 6 5 8 8 8 8 8 8 8 8 9 9 9 9 9 5 5 5 5 5 5 4 4 4 4 4 4 5 5 5 5 5 5 6 6 6 6 6 6 6 6 4 6 6 6 8 8 8 8 8 8 8 5 5 5 9 9 9 9 9 9 9 6 5 5 5 9 9 9 9 9 9 9 9 9 8 8 8 8 8 8 8 8 7 5 5 5 5 5 5 5 4 4 4 4 4 4 4 4 4 4 4 4 5 -1 -1 -1 -1 -1 -1 -1 -1 -1 -1 -1 -1 -1 -1 -1 -1 -1 -1 -1 -1 -1 -1 -1 -1 -1
12 12 12 12 12 12 12 8 8 8 4 4 4 4 12 8 8 12 12 12 12 5 8 11 11 0 2 6 6 7 7 12 12 12 11 11 11 8 6 6 6 6 6 6 13 13 13 13 13 13 12 4 13 13 13 13 13 13 13 8 8 8 8 8 5 5 5 5 5 5 6 6 6 6 6 6 7 7 7 7 7 5 13 13 13 13 13 13 13 13 5 13 13 13 5 13 13 13 13 13 13 5 5 5 4 4 4 4 4 4 4 5 7 7 7 4 4 4 4 4 4 4 4 4 6 6 6 6 6 6 6 6 8 7 7 7 7 7 7 7 6 6 6 6 6 6 6 6 6 6 6 6 12 -1 -1 -1 -1 -1 -1 -1 -1 -1 -1 -1 -1 -1 -1 -1 -1 -1 -1 -1 -1 -1 -1 -1 -1 -1
12 12 12 12 12 12 12 8 8 8 4 4 4 4 12 8 8 12 12 12 12 5 8 11 11 2 0 6 6 7 7 12 12 12 11 11 11 8 6 6 6 6 6 6 13 13 13 13 13 13 12 4 13 13 13 13 13 13 13 8 8 8 8 8 5 5 5 5 5 5 6 6 6 6 6 6 7 7 7 7 7 5 13 13 13 13 13 13 13 13 5 13 13 13 5 13 13 13 13 13 13 5 5 5 4 4 4 4 4 4 4 5 7 7 7 4 4 4 4 4 4 4 4 4 6 6 6 6 6 6 6 6 8 7 7 7 7 7 7 7 6 6 6 6 6 6 6 6 6 6 6 6 12 -1 -1 -1 -1 -1 -1 -1 -1 -1 -1 -1 -1 -1 -1 -1 -1 -1 -1 -1 -1 -1 -1 -1 -1 -1
4 4 6 6 6 6 6 6 6 6 6 6 6 6 10 6 6 6 4 4 4 5 4 5 5 6 6 0 2 7 7 6 6 6 5 5 5 8 6 6 6 5 5 5 7 7 7 7 7 7 5 5 5 5 5 5 5 5 5 8 8 8 8 8 7 7 7 7 7 7 6 6 6 6 6 6 6 6 6 6 6 7 7 7 7 7 7 7 7 7 7 7 7 7 7 5 5 5 5 5 5 6 6 6 6 6 6 6 6 6 6 7 7 7 7 6 6 6 6 6 6 6 6 6 5 5 5 5 5 5 5 5 8 7 7 7 7 7 7 7 6 6 6 6 6 6 6 6 5 5 5 5 6 -1 -1 -1 -1 -1 -1 -1 -1 -1 -1 -1 -1 -1 -1 -1 -1 -1 -1 -1 -1 -1 -1 -1 -1 -1
4 4 6 6 6 6 6 6 6 6 6 6 6 6 10 6 6 6 4 4 4 5 4 5 5 6 6 2 0 7 7 6 6 6 5 5 5 8 6 6 6 5 5 5 7 7 7 7 7 7 5 5 5 5 5 5 5 5 5 8 8 8 8 8 7 7 7 7 7 7 6 6 6 6 6 6 6 6 6 6 6 7 7 7 7 7 7 7 7 7 7 7 7 7 7 5 5 5 5 5 5 6 6 6 6 6 6 6 6 6 6 7 7 7 7 6 6 6 6 6 6 6 6 6 5 5 5 5 5 5 5 5 8 7 7 7 7 7 7 7 6 6 6 6 6 6 6 6 5 5 5 5 6 -1 -1 -1 -1 -1 -1 -1 -1 -1 -1 -1 -1 -1 -1 -1 -1 -1 -1 -1 -1 -1 -1 -1 -1 -1
8 8 6 6 6 6 6 6 6 6 6 6 6 6 8 7 7 4 8 8 8 6 7 7 7 7 7 7 7 0 2 8 8 8 7 7 7 4 5 5 5 7 7 7 7 7 7 7 7 7 8 6 9 9 9 9 9 9 9 5 5 5 5 5 7 7 7 7 7 7 7 7 7 7 7 7 8 8 8 8 8 7 5 5 5 4 4 4 4 4 7 7 7 7 7 9 9 9 9 9 9 7 7 7 6 6 6 6 6 6 6 7 7 7 7 6 6 6 6 6 6 6 6 6 7 7 7 7 7 7 7 7 1 6 6 6 6 6 6 6 7 7 7 7 7 7 7 7 7 7 7 7 8 -1 -1 -1 -1 -1 -1 -1 -1 -1 -1 -1 -1 -1 -1 -1 -1 -1 -1 -1 -1 -1 -1 -1 -1 -1
8 8 6 6 6 6 6 6 6 6 6 6 6 6 8 7 7 4 8 8 8 6 7 7 7 7 7 7 7 2 0 8 8 8 7 7 7 4 5 5 5 7 7 7 7 7 7 7 7 7 8 6 9 9 9 9 9 9 9 5 5 5 5 5 7 7 7 7 7 7 7 7 7 7 7 7 8 8 8 8 8 7 5 5 5 4 4 4 4 4 7 7 7 7 7 9 9 9 9 9 9 7 7 7 6 6 6 6 6 6 6 7 7 7 7 6 6 6 6 6 6 6 6 6 7 7 7 7 7 7 7 7 3 6 6 6 6 6 6 6 7 7 7 7 7 7 7 7 7 7 7 7 8 -1 -1 -1 -1 -1 -1 -1 -1 -1 -1 -1 -1 -1 -1 -1 -1 -1 -1 -1 -1 -1 -1 -1 -1 -1
6 6 6 6 6 6 6 6 6 6 8 8 10 10 10 6 6 2 6 6 6 8 6 5 5 12 12 6 6 8 8 0 2 2 5 5 5 8 10 10 10 5 5 5 7 7 7 7 7 7 2 7 7 7 7 7 7 7 7 11 11 11 11 11 3 3 3 3 3 3 3 3 3 3 3 3 6 6 6 6 6 11 3 3 3 7 7 7 7 7 9 7 7 7 9 7 7 7 7 7 7 6 6 6 11 11 11 11 11 11 11 3 9 9 9 11 11 11 11 11 11 11 11 11 7 7 7 7 7 7 7 7 8 11 11 11 11 11 11 11 7 7 7 7 7 7 7 7 7 7 7 7 6 -1 -1 -1 -1 -1 -1 -1 -1 -1 -1 -1 -1 -1 -1 -1 -1 -1 -1 -1 -1 -1 -1 -1 -1 -1
6 6 6 6 6 6 6 6 6 6 8 8 10 10 10 6 6 2 6 6 6 8 6 5 5 12 12 6 6 8 8 2 0 2 5 5 5 8 10 10 10 5 5 5 7 7 7 7 7 7 2 7 7 7 7 7 7 7 7 11 11 11 11 11 3 3 3 3 3 3 3 3 3 3 3 3 6 6 6 6 6 11 3 3 3 7 7 7 7 7 9 7 7 7 9 7 7 7 7 7 7 6 6 6 11 11 11 11 11 11 11 3 9 9 9 11 11 11 11 11 11 11 11 11 7 7 7 7 7 7 7 7 8 11 11 11 11 11 11 11 7 7 7 7 7 7 7 7 7 7 7 7 6 -1 -1 -1 -1 -1 -1 -1 -1 -1 -1 -1 -1 -1 -1 -1 -1 -1 -1 -1 -1 -1 -1 -1 -1 -1
6 6 6 6 6 6 6 6 6 6 8 8 10 10 10 6 6 2 6 6 6 8 6 5 5 12 12 6 6 8 8 2 2 0 5 5 5 8 10 10 10 5 5 5 7 7 7 7 7 7 2 7 7 7 7 7 7 7 7 11 11 11 11 11 3 3 3 3 3 3 3 3 3 3 3 3 6 6 6 6 6 11 3 3 3 7 7 7 7 7 9 7 7 7 9 7 7 7 7 7 7 6 6 6 11 11 11 11 11 11 11 3 9 9 9 11 11 11 11 11 11 11 11 11 7 7 7 7 7 7 7 7 8 11 11 11 11 11 11 11 7 7 7 7 7 7 7 7 7 7 7 7 6 -1 -1 -1 -1 -1 -1 -1 -1 -1 -1 -1 -1 -1 -1 -1 -1 -1 -1 -1 -1 -1 -1 -1 -1 -1
5 5 7 7 7 7 7 7 7 7 7 7 9 9 9 7 7 5 5 5 5 7 5 6 6 11 11 5 5 7 7 5 5 5 0 2 2 7 9 9 9 6 6 6 8 8 8 8 8 8 5 6 6 6 6 6 6 6 6 10 10 10 10 10 6 6 6 6 6 6 6 6 6 6 6 6 7 7 7 7 7 10 6 6 6 7 7 7 7 7 8 8 8 8 8 6 6 6 6 6 6 1 1 1 10 10 10 10 10 10 10 6 8 8 8 10 10 10 10 10 10 10 10 10 6 6 6 6 6 6 6 6 7 10 10 10 10 10 10 10 8 8 8 8 8 8 8 8 6 6 6 6 7 -1 -1 -1 -1 -1 -1 -1 -1 -1 -1 -1 -1 -1 -1 -1 -1 -1 -1 -1 -1 -1 -1 -1 -1 -1
5 5 7 7 7 7 7 7 7 7 7 7 9 9 9 7 7 5 5 5 5 7 5 6 6 11 11 5 5 7 7 5 5 5 2 0 2 7 9 9 9 6 6 6 8 8 8 8 8 8 5 6 6 6 6 6 6 6 6 10 10 10 10 10 6 6 6 6 6 6 6 6 6 6 6 6 7 7 7 7 7 10 6 6 6 7 7 7 7 7 8 8 8 8 8 6 6 6 6 6 6 3 3 3 10 10 10 10 10 10 10 6 8 8 8 10 10 10 10 10 10 10 10 10 6 6 6 6 6 6 6 6 7 10 10 10 10 10 10 10 8 8 8 8 8 8 8 8 6 6 6 6 7 -1 -1 -1 -1 -1 -1 -1 -1 -1 -1 -1 -1 -1 -1 -1 -1 -1 -1 -1 -1 -1 -1 -1 -1 -1
5 5 7 7 7 7 7 7 7 7 7 7 9 9 9 7 7 5 5 5 5 7 5 6 6 11 11 5 5 7 7 5 5 5 2 2 0 7 9 9 9 6 6 6 8 8 8 8 8 8 5 6 6 6 6 6 6 6 6 10 10 10 10 10 6 6 6 6 6 6 6 6 6 6 6 6 7 7 7 7 7 10 6 6 6 7 7 7 7 7 8 8 8 8 8 6 6 6 6 6 6 3 3 3 10 10 10 10 10 10 10 6 8 8 8 10 10 10 10 10 10 10 10 10 6 6 6 6 6 6 6 6 7 10 10 10 10 10 10 10 8 8 8 8 8 8 8 8 6 6 6 6 7 -1 -1 -1 -1 -1 -1 -1 -1 -1 -1 -1 -1 -1 -1 -1 -1 -1 -1 -1 -1 -1 -1 -1 -1 -1
8 8 6 6 6 6 6 6 6 6 6 6 7 7 9 8 8 4 8 8 8 6 8 7 7 8 8 8 8 4 4 8 8 8 7 7 7 0 4 4 4 7 7 7 7 7 7 7 7 7 8 7 9 9 9 9 9 9 9 4 4 4 4 4 8 8 8 8 8 8 8 8 8 8 8 8 8 8 8 8 8 8 5 5 5 4 4 4 4 4 7 7 7 7 7 9 9 9 9 9 9 8 8 8 7 7 7 7 7 7 7 7 7 7 7 7 7 7 7 7 7 7 7 7 7 7 7 7 7 7 7 7 5 5 5 5 5 5 5 5 7 7 7 7 7 7 7 7 8 8 8 8 8 -1 -1 -1 -1 -1 -1 -1 -1 -1 -1 -1 -1 -1 -1 -1 -1 -1 -1 -1 -1 -1 -1 -1 -1 -1
10 10 8 8 8 8 8 8 8 8 6 6 4 4 4 8 8 8 10 10 10 5 8 4 4 6 6 6 6 5 5 10 10 10 9 9 9 4 0 2 2 4 4 4 9 9 9 9 9 9 10 6 11 11 11 11 11 11 11 2 2 2 2 2 5 5 5 5 5 5 4 4 4 4 4 4 5 5 5 5 5 5 9 9 9 8 8 8 8 8 4 9 9 9 7 11 11 11 11 11 11 5 5 5 6 6 6 6 6 6 6 7 5 5 5 6 6 6 6 6 6 6 6 6 6 6 6 6 6 6 6 6 6 3 3 3 3 3 3 3 4 4 4 4 4 4 4 4 4 4 4 4 10 -1 -1 -1 -1 -1 -1 -1 -1 -1 -1 -1 -1 -1 -1 -1 -1 -1 -1 -1 -1 -1 -1 -1 -1 -1
10 10 8 8 8 8 8 8 8 8 6 6 4 4 4 8 8 8 10 10 10 5 8 4 4 6 6 6 6 5 5 10 10 10 9 9 9 4 2 0 2 4 4 4 9 9 9 9 9 9 10 6 11 11 11 11 11 11 11 2 2 2 2 2 5 5 5 5 5 5 4 4 4 4 4 4 5 5 5 5 5 5 9 9 9 8 8 8 8 8 4 9 9 9 7 11 11 11 11 11 11 5 5 5 6 6 6 6 6 6 6 7 5 5 5 6 6 6 6 6 6 6 6 6 6 6 6 6 6 6 6 6 6 3 3 3 3 3 3 3 4 4 4 4 4 4 4 4 4 4 4 4 10 -1 -1 -1 -1 -1 -1 -1 -1 -1 -1 -1 -1 -1 -1 -1 -1 -1 -1 -1 -1 -1 -1 -1 -1 -1
10 10 8 8 8 8 8 8 8 8 6 6 4 4 4 8 8 8 10 10 10 5 8 4 4 6 6 6 6 5 5 10 10 10 9 9 9 4 2 2 0 4 4 4 9 9 9 9 9 9 10 6 11 11 11 11 11 11 11 2 2 2 2 2 5 5 5 5 5 5 4 4 4 4 4 4 5 5 5 5 5 5 9 9 9 8 8 8 8 8 4 9 9 9 7 11 11 11 11 11 11 5 5 5 6 6 6 6 6 6 6 7 5 5 5 6 6 6 6 6 6 6 6 6 6 6 6 6 6 6 6 6 6 1 1 1 1 1 1 1 4 4 4 4 4 4 4 4 4 4 4 4 10 -1 -1 -1 -1 -1 -1 -1 -1 -1 -1 -1 -1 -1 -1 -1 -1 -1 -1 -1 -1 -1 -1 -1 -1 -1
7 7 3 3 3 3 3 5 5 5 6 6 4 4 4 5 5 5 7 7 7 5 5 4 4 6 6 5 5 7 7 5 5 5 6 6 6 7 4 4 4 0 2 2 4 4 4 4 4 4 5 6 8 8 8 8 8 8 8 8 8 8 8 8 5 5 5 5 5 5 4 4 4 4 4 4 3 3 3 3 3 5 6 6 6 4 4 4 4 4 4 4 4 4 7 8 8 8 8 8 8 5 5 5 6 6 6 6 6 6 6 6 5 5 5 6 6 6 6 6 6 6 6 6 6 6 6 6 6 6 6 6 7 5 5 5 5 5 5 5 4 4 4 4 4 4 4 4 4 4 4 4 3 -1 -1 -1 -1 -1 -1 -1 -1 -1 -1 -1 -1 -1 -1 -1 -1 -1 -1 -1 -1 -1 -1 -1 -1 -1
7 7 3 3 3 3 3 5 5 5 6 6 4 4 4 5 5 5 7 7 7 5 5 4 4 6 6 5 5 7 7 5 5 5 6 6 6 7 4 4 4 2 0 2 4 4 4 4 4 4 5 6 8 8 8 8 8 8 8 8 8 8 8 8 5 5 5 5 5 5 4 4 4 4 4 4 3 3 3 3 3 5 6 6 6 4 4 4 4 4 4 4 4 4 7 8 8 8 8 8 8 5 5 5 6 6 6 6 6 6 6 6 5 5 5 6 6 6 6 6 6 6 6 6 6 6 6 6 6 6 6 6 7 5 5 5 5 5 5 5 4 4 4 4 4 4 4 4 4 4 4 4 3 -1 -1 -1 -1 -1 -1 -1 -1 -1 -1 -1 -1 -1 -1 -1 -1 -1 -1 -1 -1 -1 -1 -1 -1 -1
7 7 3 3 3 3 3 5 5 5 6 6 4 4 4 5 5 5 7 7 7 5 5 4 4 6 6 5 5 7 7 5 5 5 6 6 6 7 4 4 4 2 2 0 4 4 4 4 4 4 5 6 8 8 8 8 8 8 8 8 8 8 8 8 5 5 5 5 5 5 4 4 4 4 4 4 3 3 3 3 3 5 6 6 6 4 4 4 4 4 4 4 4 4 7 8 8 8 8 8 8 5 5 5 6 6 6 6 6 6 6 6 5 5 5 6 6 6 6 6 6 6 6 6 6 6 6 6 6 6 6 6 7 5 5 5 5 5 5 5 4 4 4 4 4 4 4 4 4 4 4 4 3 -1 -1 -1 -1 -1 -1 -1 -1 -1 -1 -1 -1 -1 -1 -1 -1 -1 -1 -1 -1 -1 -1 -1 -1 -1
9 9 1 3 3 3 3 5 5 5 5 5 8 8 10 7 7 7 9 9 9 7 7 6 6 13 13 7 7 7 7 7 7 7 8 8 8 7 9 9 9 4 4 4 0 2 2 2 2 2 7 8 10 10 10 10 10 10 10 9 9 9 9 9 8 8 8 8 8 8 8 8 8 8 8 8 5 5 5 5 5 9 8 8 8 4 4 4 4 4 6 4 4 4 6 10 10 10 10 10 10 9 9 9 8 8 8 8 8 8 8 6 6 6 6 8 8 8 8 8 8 8 8 8 8 8 8 8 8 8 8 8 5 10 10 10 10 10 10 10 4 4 4 4 4 4 4 4 10 10 10 10 5 -1 -1 -1 -1 -1 -1 -1 -1 -1 -1 -1 -1 -1 -1 -1 -1 -1 -1 -1 -1 -1 -1 -1 -1 -1
9 9 1 3 3 3 3 5 5 5 5 5 8 8 10 7 7 7 9 9 9 7 7 6 6 13 13 7 7 7 7 7 7 7 8 8 8 7 9 9 9 4 4 4 2 0 2 2 2 2 7 8 10 10 10 10 10 10 10 9 9 9 9 9 8 8 8 8 8 8 8 8 8 8 8 8 5 5 5 5 5 9 8 8 8 4 4 4 4 4 6 4 4 4 6 10 10 10 10 10 10 9 9 9 8 8 8 8 8 8 8 6 6 6 6 8 8 8 8 8 8 8 8 8 8 8 8 8 8 8 8 8 5 10 10 10 10 10 10 10 4 4 4 4 4 4 4 4 10 10 10 10 5 -1 -1 -1 -1 -1 -1 -1 -1 -1 -1 -1 -1 -1 -1 -1 -1 -1 -1 -1 -1 -1 -1 -1 -1 -1
9 9 1 3 3 3 3 5 5 5 5 5 8 8 10 7 7 7 9 9 9 7 7 6 6 13 13 7 7 7 7 7 7 7 8 8 8 7 9 9 9 4 4 4 2 2 0 2 2 2 7 8 10 10 10 10 10 10 10 9 9 9 9 9 8 8 8 8 8 8 8 8 8 8 8 8 5 5 5 5 5 9 8 8 8 4 4 4 4 4 6 4 4 4 6 10 10 10 10 10 10 9 9 9 8 8 8 8 8 8 8 6 6 6 6 8 8 8 8 8 8 8 8 8 8 8 8 8 8 8 8 8 5 10 10 10 10 10 10 10 4 4 4 4 4 4 4 4 10 10 10 10 5 -1 -1 -1 -1 -1 -1 -1 -1 -1 -1 -1 -1 -1 -1 -1 -1 -1 -1 -1 -1 -1 -1 -1 -1 -1
9 9 1 3 3 3 3 5 5 5 5 5 8 8 10 7 7 7 9 9 9 7 7 6 6 13 13 7 7 7 7 7 7 7 8 8 8 7 9 9 9 4 4 4 2 2 2 0 2 2 7 8 10 10 10 10 10 10 10 9 9 9 9 9 8 8 8 8 8 8 8 8 8 8 8 8 5 5 5 5 5 9 8 8 8 4 4 4 4 4 6 4 4 4 6 10 10 10 10 10 10 9 9 9 8 8 8 8 8 8 8 6 6 6 6 8 8 8 8 8 8 8 8 8 8 8 8 8 8 8 8 8 5 10 10 10 10 10 10 10 4 4 4 4 4 4 4 4 10 10 10 10 5 -1 -1 -1 -1 -1 -1 -1 -1 -1 -1 -1 -1 -1 -1 -1 -1 -1 -1 -1 -1 -1 -1 -1 -1 -1
9 9 1 3 3 3 3 5 5 5 5 5 8 8 10 7 7 7 9 9 9 7 7 6 6 13 13 7 7 7 7 7 7 7 8 8 8 7 9 9 9 4 4 4 2 2 2 2 0 2 7 8 10 10 10 10 10 10 10 9 9 9 9 9 8 8 8 8 8 8 8 8 8 8 8 8 5 5 5 5 5 9 8 8 8 4 4 4 4 4 6 4 4 4 6 10 10 10 10 10 10 9 9 9 8 8 8 8 8 8 8 6 6 6 6 8 8 8 8 8 8 8 8 8 8 8 8 8 8 8 8 8 5 10 10 10 10 10 10 10 4 4 4 4 4 4 4 4 10 10 10 10 5 -1 -1 -1 -1 -1 -1 -1 -1 -1 -1 -1 -1 -1 -1 -1 -1 -1 -1 -1 -1 -1 -1 -1 -1 -1
9 9 1 3 3 3 3 5 5 5 5 5 8 8 10 7 7 7 9 9 9 7 7 6 6 13 13 7 7 7 7 7 7 7 8 8 8 7 9 9 9 4 4 4 2 2 2 2 2 0 7 8 10 10 10 10 10 10 10 9 9 9 9 9 8 8 8 8 8 8 8 8 8 8 8 8 5 5 5 5 5 9 8 8 8 4 4 4 4 4 6 4 4 4 6 10 10 10 10 10 10 9 9 9 8 8 8 8 8 8 8 6 6 6 6 8 8 8 8 8 8 8 8 8 8 8 8 8 8 8 8 8 5 10 10 10 10 10 10 10 4 4 4 4 4 4 4 4 10 10 10 10 5 -1 -1 -1 -1 -1 -1 -1 -1 -1 -1 -1 -1 -1 -1 -1 -1 -1 -1 -1 -1 -1 -1 -1 -1 -1
3 3 6 6 6 6 6 6 6 6 8 8 10 10 10 6 6 2 5 5 5 8 5 5 5 12 12 5 5 8 8 2 2 2 5 5 5 8 10 10 10 5 5 5 7 7 7 7 7 7 0 6 4 4 4 4 4 4 4 11 11 11 11 11 3 3 3 3 3 3 3 3 3 3 3 3 6 6 6 6 6 11 3 3 3 7 7 7 7 7 9 7 7 7 9 2 2 2 2 2 2 6 6 6 11 11 11 11 11 11 11 3 9 9 9 11 11 11 11 11 11 11 11 11 6 6 6 6 6 6 6 6 8 11 11 11 11 11 11 11 7 7 7 7 7 7 7 7 6 6 6 6 6 -1 -1 -1 -1 -1 -1 -1 -1 -1 -1 -1 -1 -1 -1 -1 -1 -1 -1 -1 -1 -1 -1 -1 -1 -1
5 5 7 7 7 7 7 7 7 7 4 4 4 4 9 8 8 7 3 3 1 5 5 8 8 4 4 5 5 6 6 7 7 7 6 6 6 7 6 6 6 6 6 6 8 8 8 8 8 8 6 0 6 6 6 6 6 6 6 7 7 7 7 7 5 5 5 5 5 5 6 6 6 6 6 6 7 7 7 7 7 5 8 8 8 7 7 7 7 7 5 8 8 8 5 6 6 6 6 6 6 5 5 5 2 2 2 2 2 2 2 5 7 7 7 4 4 4 4 4 4 4 4 4 4 4 4 4 4 4 4 4 7 7 7 7 7 7 7 7 6 6 6 6 6 6 6 6 4 4 4 4 9 -1 -1 -1 -1 -1 -1 -1 -1 -1 -1 -1 -1 -1 -1 -1 -1 -1 -1 -1 -1 -1 -1 -1 -1 -1
3 3 9 9 9 9 9 9 9 9 9 9 11 11 11 9 9 7 5 5 5 9 5 8 8 13 13 5 5 9 9 7 7 7 6 6 6 9 11 11 11 8 8 8 10 10 10 10 10 10 4 6 0 2 2 2 2 2 2 12 12 12 12 12 8 8 8 8 8 8 8 8 8 8 8 8 9 9 9 9 9 12 8 8 8 9 9 9 9 9 10 10 10 10 10 4 4 4 4 4 4 7 7 7 12 12 12 12 12 12 12 8 10 10 10 12 12 12 12 12 12 12 12 12 6 6 6 6 6 6 6 6 9 12 12 12 12 12 12 12 10 10 10 10 10 10 10 10 6 6 6 6 9 -1 -1 -1 -1 -1 -1 -1 -1 -1 -1 -1 -1 -1 -1 -1 -1 -1 -1 -1 -1 -1 -1 -1 -1 -1
3 3 9 9 9 9 9 9 9 9 9 9 11 11 11 9 9 7 5 5 5 9 5 8 8 13 13 5 5 9 9 7 7 7 6 6 6 9 11 11 11 8 8 8 10 10 10 10 10 10 4 6 2 0 2 2 2 2 2 12 12 12 12 12 8 8 8 8 8 8 8 8 8 8 8 8 9 9 9 9 9 12 8 8 8 9 9 9 9 9 10 10 10 10 10 4 4 4 4 4 4 7 7 7 12 12 12 12 12 12 12 8 10 10 10 12 12 12 12 12 12 12 12 12 6 6 6 6 6 6 6 6 9 12 12 12 12 12 12 12 10 10 10 10 10 10 10 10 6 6 6 6 9 -1 -1 -1 -1 -1 -1 -1 -1 -1 -1 -1 -1 -1 -1 -1 -1 -1 -1 -1 -1 -1 -1 -1 -1 -1
3 3 9 9 9 9 9 9 9 9 9 9 11 11 11 9 9 7 5 5 5 9 5 8 8 13 13 5 5 9 9 7 7 7 6 6 6 9 11 11 11 8 8 8 10 10 10 10 10 10 4 6 2 2 0 2 2 2 2 12 12 12 12 12 8 8 8 8 8 8 8 8 8 8 8 8 9 9 9 9 9 12 8 8 8 9 9 9 9 9 10 10 10 10 10 4 4 4 4 4 4 7 7 7 12 12 12 12 12 12 12 8 10 10 10 12 12 12 12 12 12 12 12 12 6 6 6 6 6 6 6 6 9 12 12 12 12 12 12 12 10 10 10 10 10 10 10 10 6 6 6 6 9 -1 -1 -1 -1 -1 -1 -1 -1 -1 -1 -1 -1 -1 -1 -1 -1 -1 -1 -1 -1 -1 -1 -1 -1 -1
3 3 9 9 9 9 9 9 9 9 9 9 11 11 11 9 9 7 5 5 5 9 5 8 8 13 13 5 5 9 9 7 7 7 6 6 6 9 11 11 11 8 8 8 10 10 10 10 10 10 4 6 2 2 2 0 2 2 2 12 12 12 12 12 8 8 8 8 8 8 8 8 8 8 8 8 9 9 9 9 9 12 8 8 8 9 9 9 9 9 10 10 10 10 10 4 4 4 4 4 4 7 7 7 12 12 12 12 12 12 12 8 10 10 10 12 12 12 12 12 12 12 12 12 6 6 6 6 6 6 6 6 9 12 12 12 12 12 12 12 10 10 10 10 10 10 10 10 6 6 6 6 9 -1 -1 -1 -1 -1 -1 -1 -1 -1 -1 -1 -1 -1 -1 -1 -1 -1 -1 -1 -1 -1 -1 -1 -1 -1
3 3 9 9 9 9 9 9 9 9 9 9 11 11 11 9 9 7 5 5 5 9 5 8 8 13 13 5 5 9 9 7 7 7 6 6 6 9 11 11 11 8 8 8 10 10 10 10 10 10 4 6 2 2 2 2 0 2 2 12 12 12 12 12 8 8 8 8 8 8 8 8 8 8 8 8 9 9 9 9 9 12 8 8 8 9 9 9 9 9 10 10 10 10 10 4 4 4 4 4 4 7 7 7 12 12 12 12 12 12 12 8 10 10 10 12 12 12 12 12 12 12 12 12 6 6 6 6 6 6 6 6 9 12 12 12 12 12 12 12 10 10 10 10 10 10 10 10 6 6 6 6 9 -1 -1 -1 -1 -1 -1 -1 -1 -1 -1 -1 -1 -1 -1 -1 -1 -1 -1 -1 -1 -1 -1 -1 -1 -1
3 3 9 9 9 9 9 9 9 9 9 9 11 11 11 9 9 7 5 5 5 9 5 8 8 13 13 5 5 9 9 7 7 7 6 6 6 9 11 11 11 8 8 8 10 10 10 10 10 10 4 6 2 2 2 2 2 0 2 12 12 12 12 12 8 8 8 8 8 8 8 8 8 8 8 8 9 9 9 9 9 12 8 8 8 9 9 9 9 9 10 10 10 10 10 4 4 4 4 4 4 7 7 7 12 12 12 12 12 12 12 8 10 10 10 12 12 12 12 12 12 12 12 12 6 6 6 6 6 6 6 6 9 12 12 12 12 12 12 12 10 10 10 10 10 10 10 10 6 6 6 6 9 -1 -1 -1 -1 -1 -1 -1 -1 -1 -1 -1 -1 -1 -1 -1 -1 -1 -1 -1 -1 -1 -1 -1 -1 -1
3 3 9 9 9 9 9 9 9 9 9 9 11 11 11 9 9 7 5 5 5 9 5 8 8 13 13 5 5 9 9 7 7 7 6 6 6 9 11 11 11 8 8 8 10 10 10 10 10 10 4 6 2 2 2 2 2 2 0 12 12 12 12 12 8 8 8 8 8 8 8 8 8 8 8 8 9 9 9 9 9 12 8 8 8 9 9 9 9 9 10 10 10 10 10 4 4 4 4 4 4 7 7 7 12 12 12 12 12 12 12 8 10 10 10 12 12 12 12 12 12 12 12 12 6 6 6 6 6 6 6 6 9 12 12 12 12 12 12 12 10 10 10 10 10 10 10 10 6 6 6 6 9 -1 -1 -1 -1 -1 -1 -1 -1 -1 -1 -1 -1 -1 -1 -1 -1 -1 -1 -1 -1 -1 -1 -1 -1 -1
11 11 8 8 8 8 8 8 8 8 7 7 7 7 9 8 8 8 11 11 11 7 8 9 9 8 8 8 8 5 5 11 11 11 10 10 10 4 2 2 2 8 8 8 9 9 9 9 9 9 11 7 12 12 12 12 12 12 12 0 2 2 2 2 8 8 8 8 8 8 8 8 8 8 8 8 9 9 9 9 9 8 9 9 9 8 8 8 8 8 8 9 9 9 8 12 12 12 12 12 12 8 8 8 7 7 7 7 7 7 7 8 9 9 9 7 7 7 7 7 7 7 7 7 8 8 8 8 8 8 8 8 6 3 3 3 3 3 3 3 8 8 8 8 8 8 8 8 8 8 8 8 11 -1 -1 -1 -1 -1 -1 -1 -1 -1 -1 -1 -1 -1 -1 -1 -1 -1 -1 -1 -1 -1 -1 -1 -1 -1
11 11 8 8 8 8 8 8 8 8 7 7 7 7 9 8 8 8 11 11 11 7 8 9 9 8 8 8 8 5 5 11 11 11 10 10 10 4 2 2 2 8 8 8 9 9 9 9 9 9 11 7 12 12 12 12 12 12 12 2 0 2 2 2 8 8 8 8 8 8 8 8 8 8 8 8 9 9 9 9 9 8 9 9 9 8 8 8 8 8 8 9 9 9 8 12 12 12 12 12 12 8 8 8 7 7 7 7 7 7 7 8 9 9 9 7 7 7 7 7 7 7 7 7 8 8 8 8 8 8 8 8 6 3 3 3 3 3 3 3 8 8 8 8 8 8 8 8 8 8 8 8 11 -1 -1 -1 -1 -1 -1 -1 -1 -1 -1 -1 -1 -1 -1 -1 -1 -1 -1 -1 -1 -1 -1 -1 -1 -1
11 11 8 8 8 8 8 8 8 8 7 7 7 7 9 8 8 8 11 11 11 7 8 9 9 8 8 8 8 5 5 11 11 11 10 10 10 4 2 2 2 8 8 8 9 9 9 9 9 9 11 7 12 12 12 12 12 12 12 2 2 0 2 2 8 8 8 8 8 8 8 8 8 8 8 8 9 9 9 9 9 8 9 9 9 8 8 8 8 8 8 9 9 9 8 12 12 12 12 12 12 8 8 8 7 7 7 7 7 7 7 8 9 9 9 7 7 7 7 7 7 7 7 7 8 8 8 8 8 8 8 8 6 3 3 3 3 3 3 3 8 8 8 8 8 8 8 8 8 8 8 8 11 -1 -1 -1 -1 -1 -1 -1 -1 -1 -1 -1 -1 -1 -1 -1 -1 -1 -1 -1 -1 -1 -1 -1 -1 -1
11 11 8 8 8 8 8 8 8 8 7 7 7 7 9 8 8 8 11 11 11 7 8 9 9 8 8 8 8 5 5 11 11 11 10 10 10 4 2 2 2 8 8 8 9 9 9 9 9 9 11 7 12 12 12 12 12 12 12 2 2 2 0 2 8 8 8 8 8 8 8 8 8 8 8 8 9 9 9 9 9 8 9 9 9 8 8 8 8 8 8 9 9 9 8 12 12 12 12 12 12 8 8 8 7 7 7 7 7 7 7 8 9 9 9 7 7 7 7 7 7 7 7 7 8 8 8 8 8 8 8 8 6 3 3 3 3 3 3 3 8 8 8 8 8 8 8 8 8 8 8 8 11 -1 -1 -1 -1 -1 -1 -1 -1 -1 -1 -1 -1 -1 -1 -1 -1 -1 -1 -1 -1 -1 -1 -1 -1 -1
11 11 8 8 8 8 8 8 8 8 7 7 7 7 9 8 8 8 11 11 11 7 8 9 9 8 8 8 8 5 5 11 11 11 10 10 10 4 2 2 2 8 8 8 9 9 9 9 9 9 11 7 12 12 12 12 12 12 12 2 2 2 2 0 8 8 8 8 8 8 8 8 8 8 8 8 9 9 9 9 9 8 9 9 9 8 8 8 8 8 8 9 9 9 8 12 12 12 12 12 12 8 8 8 7 7 7 7 7 7 7 8 9 9 9 7 7 7 7 7 7 7 7 7 8 8 8 8 8 8 8 8 6 3 3 3 3 3 3 3 8 8 8 8 8 8 8 8 8 8 8 8 11 -1 -1 -1 -1 -1 -1 -1 -1 -1 -1 -1 -1 -1 -1 -1 -1 -1 -1 -1 -1 -1 -1 -1 -1 -1
7 7 7 7 7 7 7 7 7 7 5 5 3 3 5 7 7 3 7 7 7 6 7 5 5 5 5 7 7 7 7 3 3 3 6 6 6 8 5 5 5 5 5 5 8 8 8 8 8 8 3 5 8 8 8 8 8 8 8 8 8 8 8 8 0 2 2 2 2 2 4 4 4 4 4 4 6 6 6 6 6 4 4 4 4 8 8 8 8 8 5 8 8 8 6 8 8 8 8 8 8 4 4 4 5 5 5 5 5 5 5 4 6 6 6 3 3 3 3 3 3 3 3 3 7 7 7 7 7 7 7 7 8 6 6 6 6 6 6 6 5 5 5 5 5 5 5 5 5 5 5 5 7 -1 -1 -1 -1 -1 -1 -1 -1 -1 -1 -1 -1 -1 -1 -1 -1 -1 -1 -1 -1 -1 -1 -1 -1 -1
7 7 7 7 7 7 7 7 7 7 5 5 3 3 5 7 7 3 7 7 7 6 7 5 5 5 5 7 7 7 7 3 3 3 6 6 6 8 5 5 5 5 5 5 8 8 8 8 8 8 3 5 8 8 8 8 8 8 8 8 8 8 8 8 2 0 2 2 2 2 4 4 4 4 4 4 6 6 6 6 6 4 4 4 4 8 8 8 8 8 5 8 8 8 6 8 8 8 8 8 8 4 4 4 5 5 5 5 5 5 5 4 6 6 6 3 3 3 3 3 3 3 3 3 7 7 7 7 7 7 7 7 8 6 6 6 6 6 6 6 5 5 5 5 5 5 5 5 5 5 5 5 7 -1 -1 -1 -1 -1 -1 -1 -1 -1 -1 -1 -1 -1 -1 -1 -1 -1 -1 -1 -1 -1 -1 -1 -1 -1
7 7 7 7 7 7 7 7 7 7 5 5 3 3 5 7 7 3 7 7 7 6 7 5 5 5 5 7 7 7 7 3 3 3 6 6 6 8 5 5 5 5 5 5 8 8 8 8 8 8 3 5 8 8 8 8 8 8 8 8 8 8 8 8 2 2 0 2 2 2 4 4 4 4 4 4 6 6 6 6 6 4 4 4 4 8 8 8 8 8 5 8 8 8 6 8 8 8 8 8 8 4 4 4 5 5 5 5 5 5 5 4 6 6 6 3 3 3 3 3 3 3 3 3 7 7 7 7 7 7 7 7 8 6 6 6 6 6 6 6 5 5 5 5 5 5 5 5 5 5 5 5 7 -1 -1 -1 -1 -1 -1 -1 -1 -1 -1 -1 -1 -1 -1 -1 -1 -1 -1 -1 -1 -1 -1 -1 -1 -1
7 7 7 7 7 7 7 7 7 7 5 5 3 3 5 7 7 3 7 7 7 6 7 5 5 5 5 7 7 7 7 3 3 3 6 6 6 8 5 5 5 5 5 5 8 8 8 8 8 8 3 5 8 8 8 8 8 8 8 8 8 8 8 8 2 2 2 0 2 2 4 4 4 4 4 4 6 6 6 6 6 4 4 4 4 8 8 8 8 8 5 8 8 8 6 8 8 8 8 8 8 4 4 4 5 5 5 5 5 5 5 4 6 6 6 3 3 3 3 3 3 3 3 3 7 7 7 7 7 7 7 7 8 6 6 6 6 6 6 6 5 5 5 5 5 5 5 5 5 5 5 5 7 -1 -1 -1 -1 -1 -1 -1 -1 -1 -1 -1 -1 -1 -1 -1 -1 -1 -1 -1 -1 -1 -1 -1 -1 -1
7 7 7 7 7 7 7 7 7 7 5 5 3 3 5 7 7 3 7 7 7 6 7 5 5 5 5 7 7 7 7 3 3 3 6 6 6 8 5 5 5 5 5 5 8 8 8 8 8 8 3 5 8 8 8 8 8 8 8 8 8 8 8 8 2 2 2 2 0 2 4 4 4 4 4 4 6 6 6 6 6 4 4 4 4 8 8 8 8 8 5 8 8 8 6 8 8 8 8 8 8 4 4 4 5 5 5 5 5 5 5 4 6 6 6 3 3 3 3 3 3 3 3 3 7 7 7 7 7 7 7 7 8 6 6 6 6 6 6 6 5 5 5 5 5 5 5 5 5 5 5 5 7 -1 -1 -1 -1 -1 -1 -1 -1 -1 -1 -1 -1 -1 -1 -1 -1 -1 -1 -1 -1 -1 -1 -1 -1 -1
7 7 7 7 7 7 7 7 7 7 5 5 3 3 5 7 7 3 7 7 7 6 7 5 5 5 5 7 7 7 7 3 3 3 6 6 6 8 5 5 5 5 5 5 8 8 8 8 8 8 3 5 8 8 8 8 8 8 8 8 8 8 8 8 2 2 2 2 2 0 4 4 4 4 4 4 6 6 6 6 6 4 4 4 4 8 8 8 8 8 5 8 8 8 6 8 8 8 8 8 8 4 4 4 5 5 5 5 5 5 5 4 6 6 6 3 3 3 3 3 3 3 3 3 7 7 7 7 7 7 7 7 8 6 6 6 6 6 6 6 5 5 5 5 5 5 5 5 5 5 5 5 7 -1 -1 -1 -1 -1 -1 -1 -1 -1 -1 -1 -1 -1 -1 -1 -1 -1 -1 -1 -1 -1 -1 -1 -1 -1
7 7 7 7 7 7 7 7 7 7 6 6 4 4 4 7 7 3 7 7 7 5 7 4 4 6 6 6 6 7 7 3 3 3 6 6 6 8 4 4 4 4 4 4 8 8 8 8 8 8 3 6 8 8 8 8 8 8 8 8 8 8 8 8 4 4 4 4 4 4 0 2 2 2 2 2 5 5 5 5 5 5 4 4 4 8 8 8 8 8 4 8 8 8 7 8 8 8 8 8 8 5 5 5 6 6 6 6 6 6 6 4 3 3 3 6 6 6 6 6 6 6 6 6 6 6 6 6 6 6 6 6 8 5 5 5 5 5 5 5 4 4 4 4 4 4 4 4 4 4 4 4 7 -1 -1 -1 -1 -1 -1 -1 -1 -1 -1 -1 -1 -1 -1 -1 -1 -1 -1 -1 -1 -1 -1 -1 -1 -1
7 7 7 7 7 7 7 7 7 7 6 6 4 4 4 7 7 3 7 7 7 5 7 4 4 6 6 6 6 7 7 3 3 3 6 6 6 8 4 4 4 4 4 4 8 8 8 8 8 8 3 6 8 8 8 8 8 8 8 8 8 8 8 8 4 4 4 4 4 4 2 0 2 2 2 2 5 5 5 5 5 5 4 4 4 8 8 8 8 8 4 8 8 8 7 8 8 8 8 8 8 5 5 5 6 6 6 6 6 6 6 4 3 3 3 6 6 6 6 6 6 6 6 6 6 6 6 6 6 6 6 6 8 5 5 5 5 5 5 5 4 4 4 4 4 4 4 4 4 4 4 4 7 -1 -1 -1 -1 -1 -1 -1 -1 -1 -1 -1 -1 -1 -1 -1 -1 -1 -1 -1 -1 -1 -1 -1 -1 -1
7 7 7 7 7 7 7 7 7 7 6 6 4 4 4 7 7 3 7 7 7 5 7 4 4 6 6 6 6 7 7 3 3 3 6 6 6 8 4 4 4 4 4 4 8 8 8 8 8 8 3 6 8 8 8 8 8 8 8 8 8 8 8 8 4 4 4 4 4 4 2 2 0 2 2 2 5 5 5 5 5 5 4 4 4 8 8 8 8 8 4 8 8 8 7 8 8 8 8 8 8 5 5 5 6 6 6 6 6 6 6 4 3 3 3 6 6 6 6 6 6 6 6 6 6 6 6 6 6 6 6 6 8 5 5 5 5 5 5 5 4 4 4 4 4 4 4 4 4 4 4 4 7 -1 -1 -1 -1 -1 -1 -1 -1 -1 -1 -1 -1 -1 -1 -1 -1 -1 -1 -1 -1 -1 -1 -1 -1 -1
7 7 7 7 7 7 7 7 7 7 6 6 4 4 4 7 7 3 7 7 7 5 7 4 4 6 6 6 6 7 7 3 3 3 6 6 6 8 4 4 4 4 4 4 8 8 8 8 8 8 3 6 8 8 8 8 8 8 8 8 8 8 8 8 4 4 4 4 4 4 2 2 2 0 2 2 5 5 5 5 5 5 4 4 4 8 8 8 8 8 4 8 8 8 7 8 8 8 8 8 8 5 5 5 6 6 6 6 6 6 6 4 3 3 3 6 6 6 6 6 6 6 6 6 6 6 6 6 6 6 6 6 8 5 5 5 5 5 5 5 4 4 4 4 4 4 4 4 4 4 4 4 7 -1 -1 -1 -1 -1 -1 -1 -1 -1 -1 -1 -1 -1 -1 -1 -1 -1 -1 -1 -1 -1 -1 -1 -1 -1
7 7 7 7 7 7 7 7 7 7 6 6 4 4 4 7 7 3 7 7 7 5 7 4 4 6 6 6 6 7 7 3 3 3 6 6 6 8 4 4 4 4 4 4 8 8 8 8 8 8 3 6 8 8 8 8 8 8 8 8 8 8 8 8 4 4 4 4 4 4 2 2 2 2 0 2 5 5 5 5 5 5 4 4 4 8 8 8 8 8 4 8 8 8 7 8 8 8 8 8 8 5 5 5 6 6 6 6 6 6 6 4 3 3 3 6 6 6 6 6 6 6 6 6 6 6 6 6 6 6 6 6 8 5 5 5 5 5 5 5 4 4 4 4 4 4 4 4 4 4 4 4 7 -1 -1 -1 -1 -1 -1 -1 -1 -1 -1 -1 -1 -1 -1 -1 -1 -1 -1 -1 -1 -1 -1 -1 -1 -1
7 7 7 7 7 7 7 7 7 7 6 6 4 4 4 7 7 3 7 7 7 5 7 4 4 6 6 6 6 7 7 3 3 3 6 6 6 8 4 4 4 4 4 4 8 8 8 8 8 8 3 6 8 8 8 8 8 8 8 8 8 8 8 8 4 4 4 4 4 4 2 2 2 2 2 0 5 5 5 5 5 5 4 4 4 8 8 8 8 8 4 8 8 8 7 8 8 8 8 8 8 5 5 5 6 6 6 6 6 6 6 4 3 3 3 6 6 6 6 6 6 6 6 6 6 6 6 6 6 6 6 6 8 5 5 5 5 5 5 5 4 4 4 4 4 4 4 4 4 4 4 4 7 -1 -1 -1 -1 -1 -1 -1 -1 -1 -1 -1 -1 -1 -1 -1 -1 -1 -1 -1 -1 -1 -1 -1 -1 -1
8 8 4 4 4 4 4 6 6 6 7 7 5 5 5 6 6 6 8 8 8 6 6 5 5 7 7 6 6 8 8 6 6 6 7 7 7 8 5 5 5 3 3 3 5 5 5 5 5 5 6 7 9 9 9 9 9 9 9 9 9 9 9 9 6 6 6 6 6 6 5 5 5 5 5 5 0 2 2 2 2 6 7 7 7 5 5 5 5 5 5 5 5 5 8 9 9 9 9 9 9 6 6 6 7 7 7 7 7 7 7 7 6 6 6 7 7 7 7 7 7 7 7 7 7 7 7 7 7 7 7 7 8 6 6 6 6 6 6 6 5 5 5 5 5 5 5 5 5 5 5 5 4 -1 -1 -1 -1 -1 -1 -1 -1 -1 -1 -1 -1 -1 -1 -1 -1 -1 -1 -1 -1 -1 -1 -1 -1 -1
8 8 4 4 4 4 4 6 6 6 7 7 5 5 5 6 6 6 8 8 8 6 6 5 5 7 7 6 6 8 8 6 6 6 7 7 7 8 5 5 5 3 3 3 5 5 5 5 5 5 6 7 9 9 9 9 9 9 9 9 9 9 9 9 6 6 6 6 6 6 5 5 5 5 5 5 2 0 2 2 2 6 7 7 7 5 5 5 5 5 5 5 5 5 8 9 9 9 9 9 9 6 6 6 7 7 7 7 7 7 7 7 6 6 6 7 7 7 7 7 7 7 7 7 7 7 7 7 7 7 7 7 8 6 6 6 6 6 6 6 5 5 5 5 5 5 5 5 5 5 5 5 4 -1 -1 -1 -1 -1 -1 -1 -1 -1 -1 -1 -1 -1 -1 -1 -1 -1 -1 -1 -1 -1 -1 -1 -1 -1
8 8 4 4 4 4 4 6 6 6 7 7 5 5 5 6 6 6 8 8 8 6 6 5 5 7 7 6 6 8 8 6 6 6 7 7 7 8 5 5 5 3 3 3 5 5 5 5 5 5 6 7 9 9 9 9 9 9 9 9 9 9 9 9 6 6 6 6 6 6 5 5 5 5 5 5 2 2 0 2 2 6 7 7 7 5 5 5 5 5 5 5 5 5 8 9 9 9 9 9 9 6 6 6 7 7 7 7 7 7 7 7 6 6 6 7 7 7 7 7 7 7 7 7 7 7 7 7 7 7 7 7 8 6 6 6 6 6 6 6 5 5 5 5 5 5 5 5 5 5 5 5 4 -1 -1 -1 -1 -1 -1 -1 -1 -1 -1 -1 -1 -1 -1 -1 -1 -1 -1 -1 -1 -1 -1 -1 -1 -1
8 8 4 4 4 4 4 6 6 6 7 7 5 5 5 6 6 6 8 8 8 6 6 5 5 7 7 6 6 8 8 6 6 6 7 7 7 8 5 5 5 3 3 3 5 5 5 5 5 5 6 7 9 9 9 9 9 9 9 9 9 9 9 9 6 6 6 6 6 6 5 5 5 5 5 5 2 2 2 0 2 6 7 7 7 5 5 5 5 5 5 5 5 5 8 9 9 9 9 9 9 6 6 6 7 7 7 7 7 7 7 7 6 6 6 7 7 7 7 7 7 7 7 7 7 7 7 7 7 7 7 7 8 6 6 6 6 6 6 6 5 5 5 5 5 5 5 5 5 5 5 5 4 -1 -1 -1 -1 -1 -1 -1 -1 -1 -1 -1 -1 -1 -1 -1 -1 -1 -1 -1 -1 -1 -1 -1 -1 -1
8 8 4 4 4 4 4 6 6 6 7 7 5 5 5 6 6 6 8 8 8 6 6 5 5 7 7 6 6 8 8 6 6 6 7 7 7 8 5 5 5 3 3 3 5 5 5 5 5 5 6 7 9 9 9 9 9 9 9 9 9 9 9 9 6 6 6 6 6 6 5 5 5 5 5 5 2 2 2 2 0 6 7 7 7 5 5 5 5 5 5 5 5 5 8 9 9 9 9 9 9 6 6 6 7 7 7 7 7 7 7 7 6 6 6 7 7 7 7 7 7 7 7 7 7 7 7 7 7 7 7 7 8 6 6 6 6 6 6 6 5 5 5 5 5 5 5 5 5 5 5 5 4 -1 -1 -1 -1 -1 -1 -1 -1 -1 -1 -1 -1 -1 -1 -1 -1 -1 -1 -1 -1 -1 -1 -1 -1 -1
11 11 8 8 8 8 8 8 8 8 5 5 3 3 5 9 9 8 11 11 11 6 9 5 5 5 5 7 7 7 7 11 11 11 10 10 10 8 5 5 5 5 5 5 9 9 9 9 9 9 11 5 12 12 12 12 12 12 12 8 8 8 8 8 4 4 4 4 4 4 5 5 5 5 5 5 6 6 6 6 6 0 9 9 9 8 8 8 8 8 5 9 9 9 6 12 12 12 12 12 12 4 4 4 5 5 5 5 5 5 5 6 6 6 6 3 3 3 3 3 3 3 3 3 7 7 7 7 7 7 7 7 8 6 6 6 6 6 6 6 5 5 5 5 5 5 5 5 5 5 5 5 11 -1 -1 -1 -1 -1 -1 -1 -1 -1 -1 -1 -1 -1 -1 -1 -1 -1 -1 -1 -1 -1 -1 -1 -1 -1
7 7 7 7 7 7 7 7 7 7 7 7 8 8 10 7 7 3 7 7 7 7 7 6 6 13 13 7 7 5 5 3 3 3 6 6 6 5 9 9 9 6 6 6 8 8 8 8 8 8 3 8 8 8 8 8 8 8 8 9 9 9 9 9 4 4 4 4 4 4 4 4 4 4 4 4 7 7 7 7 7 9 0 2 2 5 5 5 5 5 8 8 8 8 8 8 8 8 8 8 8 7 7 7 8 8 8 8 8 8 8 4 8 8 8 8 8 8 8 8 8 8 8 8 8 8 8 8 8 8 8 8 6 10 10 10 10 10 10 10 8 8 8 8 8 8 8 8 8 8 8 8 7 -1 -1 -1 -1 -1 -1 -1 -1 -1 -1 -1 -1 -1 -1 -1 -1 -1 -1 -1 -1 -1 -1 -1 -1 -1
7 7 7 7 7 7 7 7 7 7 7 7 8 8 10 7 7 3 7 7 7 7 7 6 6 13 13 7 7 5 5 3 3 3 6 6 6 5 9 9 9 6 6 6 8 8 8 8 8 8 3 8 8 8 8 8 8 8 8 9 9 9 9 9 4 4 4 4 4 4 4 4 4 4 4 4 7 7 7 7 7 9 2 0 2 5 5 5 5 5 8 8 8 8 8 8 8 8 8 8 8 7 7 7 8 8 8 8 8 8 8 4 8 8 8 8 8 8 8 8 8 8 8 8 8 8 8 8 8 8 8 8 6 10 10 10 10 10 10 10 8 8 8 8 8 8 8 8 8 8 8 8 7 -1 -1 -1 -1 -1 -1 -1 -1 -1 -1 -1 -1 -1 -1 -1 -1 -1 -1 -1 -1 -1 -1 -1 -1 -1
7 7 7 7 7 7 7 7 7 7 7 7 8 8 10 7 7 3 7 7 7 7 7 6 6 13 13 7 7 5 5 3 3 3 6 6 6 5 9 9 9 6 6 6 8 8 8 8 8 8 3 8 8 8 8 8 8 8 8 9 9 9 9 9 4 4 4 4 4 4 4 4 4 4 4 4 7 7 7 7 7 9 2 2 0 5 5 5 5 5 8 8 8 8 8 8 8 8 8 8 8 7 7 7 8 8 8 8 8 8 8 4 8 8 8 8 8 8 8 8 8 8 8 8 8 8 8 8 8 8 8 8 6 10 10 10 10 10 10 10 8 8 8 8 8 8 8 8 8 8 8 8 7 -1 -1 -1 -1 -1 -1 -1 -1 -1 -1 -1 -1 -1 -1 -1 -1 -1 -1 -1 -1 -1 -1 -1 -1 -1
8 8 3 3 3 3 3 5 5 5 5 5 7 7 9 7 7 4 8 8 8 6 7 6 6 13 13 7 7 4 4 7 7 7 7 7 7 4 8 8 8 4 4 4 4 4 4 4 4 4 7 7 9 9 9 9 9 9 9 8 8 8 8 8 8 8 8 8 8 8 8 8 8 8 8 8 5 5 5 5 5 8 5 5 5 0 2 2 2 2 6 4 4 4 6 9 9 9 9 9 9 8 8 8 7 7 7 7 7 7 7 6 6 6 6 7 7 7 7 7 7 7 7 7 7 7 7 7 7 7 7 7 5 9 9 9 9 9 9 9 4 4 4 4 4 4 4 4 9 9 9 9 5 -1 -1 -1 -1 -1 -1 -1 -1 -1 -1 -1 -1 -1 -1 -1 -1 -1 -1 -1 -1 -1 -1 -1 -1 -1
8 8 3 3 3 3 3 5 5 5 5 5 7 7 9 7 7 4 8 8 8 6 7 6 6 13 13 7 7 4 4 7 7 7 7 7 7 4 8 8 8 4 4 4 4 4 4 4 4 4 7 7 9 9 9 9 9 9 9 8 8 8 8 8 8 8 8 8 8 8 8 8 8 8 8 8 5 5 5 5 5 8 5 5 5 2 0 2 2 2 6 4 4 4 6 9 9 9 9 9 9 8 8 8 7 7 7 7 7 7 7 6 6 6 6 7 7 7 7 7 7 7 7 7 7 7 7 7 7 7 7 7 5 9 9 9 9 9 9 9 4 4 4 4 4 4 4 4 9 9 9 9 5 -1 -1 -1 -1 -1 -1 -1 -1 -1 -1 -1 -1 -1 -1 -1 -1 -1 -1 -1 -1 -1 -1 -1 -1 -1
8 8 3 3 3 3 3 5 5 5 5 5 7 7 9 7 7 4 8 8 8 6 7 6 6 13 13 7 7 4 4 7 7 7 7 7 7 4 8 8 8 4 4 4 4 4 4 4 4 4 7 7 9 9 9 9 9 9 9 8 8 8 8 8 8 8 8 8 8 8 8 8 8 8 8 8 5 5 5 5 5 8 5 5 5 2 2 0 2 2 6 4 4 4 6 9 9 9 9 9 9 8 8 8 7 7 7 7 7 7 7 6 6 6 6 7 7 7 7 7 7 7 7 7 7 7 7 7 7 7 7 7 5 9 9 9 9 9 9 9 4 4 4 4 4 4 4 4 9 9 9 9 5 -1 -1 -1 -1 -1 -1 -1 -1 -1 -1 -1 -1 -1 -1 -1 -1 -1 -1 -1 -1 -1 -1 -1 -1 -1
8 8 3 3 3 3 3 5 5 5 5 5 7 7 9 7 7 4 8 8 8 6 7 6 6 13 13 7 7 4 4 7 7 7 7 7 7 4 8 8 8 4 4 4 4 4 4 4 4 4 7 7 9 9 9 9 9 9 9 8 8 8 8 8 8 8 8 8 8 8 8 8 8 8 8 8 5 5 5 5 5 8 5 5 5 2 2 2 0 2 6 4 4 4 6 9 9 9 9 9 9 8 8 8 7 7 7 7 7 7 7 6 6 6 6 7 7 7 7 7 7 7 7 7 7 7 7 7 7 7 7 7 5 9 9 9 9 9 9 9 4 4 4 4 4 4 4 4 9 9 9 9 5 -1 -1 -1 -1 -1 -1 -1 -1 -1 -1 -1 -1 -1 -1 -1 -1 -1 -1 -1 -1 -1 -1 -1 -1 -1
8 8 3 3 3 3 3 5 5 5 5 5 7 7 9 7 7 4 8 8 8 6 7 6 6 13 13 7 7 4 4 7 7 7 7 7 7 4 8 8 8 4 4 4 4 4 4 4 4 4 7 7 9 9 9 9 9 9 9 8 8 8 8 8 8 8 8 8 8 8 8 8 8 8 8 8 5 5 5 5 5 8 5 5 5 2 2 2 2 0 6 4 4 4 6 9 9 9 9 9 9 8 8 8 7 7 7 7 7 7 7 6 6 6 6 7 7 7 7 7 7 7 7 7 7 7 7 7 7 7 7 7 5 9 9 9 9 9 9 9 4 4 4 4 4 4 4 4 9 9 9 9 5 -1 -1 -1 -1 -1 -1 -1 -1 -1 -1 -1 -1 -1 -1 -1 -1 -1 -1 -1 -1 -1 -1 -1 -1 -1
9 9 5 5 5 5 5 5 5 5 3 1 4 4 4 9 9 7 9 9 9 6 9 4 4 5 5 7 7 7 7 9 9 9 8 8 8 7 4 4 4 4 4 4 6 6 6 6 6 6 9 5 10 10 10 10 10 10 10 8 8 8 8 8 5 5 5 5 5 5 4 4 4 4 4 4 5 5 5 5 5 5 8 8 8 6 6 6 6 6 0 6 6 6 4 10 10 10 10 10 10 5 5 5 5 5 5 5 5 5 5 4 5 5 5 5 5 5 5 5 5 5 5 5 7 7 7 7 7 7 7 7 5 5 5 5 5 5 5 5 4 4 4 4 4 4 4 4 4 4 4 4 9 -1 -1 -1 -1 -1 -1 -1 -1 -1 -1 -1 -1 -1 -1 -1 -1 -1 -1 -1 -1 -1 -1 -1 -1 -1
9 9 3 3 3 1 3 5 5 5 5 5 8 8 10 7 7 7 9 9 9 7 7 6 6 13 13 7 7 7 7 7 7 7 8 8 8 7 9 9 9 4 4 4 4 4 4 4 4 4 7 8 10 10 10 10 10 10 10 9 9 9 9 9 8 8 8 8 8 8 8 8 8 8 8 8 5 5 5 5 5 9 8 8 8 4 4 4 4 4 6 0 2 2 6 10 10 10 10 10 10 9 9 9 8 8 8 8 8 8 8 6 6 6 6 8 8 8 8 8 8 8 8 8 8 8 8 8 8 8 8 8 5 10 10 10 10 10 10 10 4 4 4 4 4 4 4 4 10 10 10 10 5 -1 -1 -1 -1 -1 -1 -1 -1 -1 -1 -1 -1 -1 -1 -1 -1 -1 -1 -1 -1 -1 -1 -1 -1 -1
9 9 3 3 3 1 3 5 5 5 5 5 8 8 10 7 7 7 9 9 9 7 7 6 6 13 13 7 7 7 7 7 7 7 8 8 8 7 9 9 9 4 4 4 4 4 4 4 4 4 7 8 10 10 10 10 10 10 10 9 9 9 9 9 8 8 8 8 8 8 8 8 8 8 8 8 5 5 5 5 5 9 8 8 8 4 4 4 4 4 6 2 0 2 6 10 10 10 10 10 10 9 9 9 8 8 8 8 8 8 8 6 6 6 6 8 8 8 8 8 8 8 8 8 8 8 8 8 8 8 8 8 5 10 10 10 10 10 10 10 4 4 4 4 4 4 4 4 10 10 10 10 5 -1 -1 -1 -1 -1 -1 -1 -1 -1 -1 -1 -1 -1 -1 -1 -1 -1 -1 -1 -1 -1 -1 -1 -1 -1
9 9 3 3 3 1 3 5 5 5 5 5 8 8 10 7 7 7 9 9 9 7 7 6 6 13 13 7 7 7 7 7 7 7 8 8 8 7 9 9 9 4 4 4 4 4 4 4 4 4 7 8 10 10 10 10 10 10 10 9 9 9 9 9 8 8 8 8 8 8 8 8 8 8 8 8 5 5 5 5 5 9 8 8 8 4 4 4 4 4 6 2 2 0 6 10 10 10 10 10 10 9 9 9 8 8 8 8 8 8 8 6 6 6 6 8 8 8 8 8 8 8 8 8 8 8 8 8 8 8 8 8 5 10 10 10 10 10 10 10 4 4 4 4 4 4 4 4 10 10 10 10 5 -1 -1 -1 -1 -1 -1 -1 -1 -1 -1 -1 -1 -1 -1 -1 -1 -1 -1 -1 -1 -1 -1 -1 -1 -1
9 9 5 5 5 5 5 5 5 5 3 3 5 5 10 9 9 7 9 9 9 6 9 8 8 5 5 7 7 7 7 9 9 9 8 8 8 7 7 7 7 7 7 7 6 6 6 6 6 6 9 5 10 10 10 10 10 10 10 8 8 8 8 8 6 6 6 6 6 6 7 7 7 7 7 7 8 8 8 8 8 6 8 8 8 6 6 6 6 6 4 6 6 6 0 10 10 10 10 10 10 6 6 6 5 5 5 5 5 5 5 4 6 6 6 5 5 5 5 5 5 5 5 5 7 7 7 7 7 7 7 7 5 8 8 8 8 8 8 8 6 6 6 6 6 6 6 6 7 7 7 7 9 -1 -1 -1 -1 -1 -1 -1 -1 -1 -1 -1 -1 -1 -1 -1 -1 -1 -1 -1 -1 -1 -1 -1 -1 -1
3 3 9 9 9 9 9 9 9 9 9 9 11 11 11 9 9 7 5 5 5 9 5 8 8 13 13 5 5 9 9 7 7 7 6 6 6 9 11 11 11 8 8 8 10 10 10 10 10 10 2 6 4 4 4 4 4 4 4 12 12 12 12 12 8 8 8 8 8 8 8 8 8 8 8 8 9 9 9 9 9 12 8 8 8 9 9 9 9 9 10 10 10 10 10 0 2 2 2 2 2 7 7 7 12 12 12 12 12 12 12 8 10 10 10 12 12 12 12 12 12 12 12 12 6 6 6 6 6 6 6 6 9 12 12 12 12 12 12 12 10 10 10 10 10 10 10 10 6 6 6 6 9 -1 -1 -1 -1 -1 -1 -1 -1 -1 -1 -1 -1 -1 -1 -1 -1 -1 -1 -1 -1 -1 -1 -1 -1 -1
3 3 9 9 9 9 9 9 9 9 9 9 11 11 11 9 9 7 5 5 5 9 5 8 8 13 13 5 5 9 9 7 7 7 6 6 6 9 11 11 11 8 8 8 10 10 10 10 10 10 2 6 4 4 4 4 4 4 4 12 12 12 12 12 8 8 8 8 8 8 8 8 8 8 8 8 9 9 9 9 9 12 8 8 8 9 9 9 9 9 10 10 10 10 10 2 0 2 2 2 2 7 7 7 12 12 12 12 12 12 12 8 10 10 10 12 12 12 12 12 12 12 12 12 6 6 6 6 6 6 6 6 9 12 12 12 12 12 12 12 10 10 10 10 10 10 10 10 6 6 6 6 9 -1 -1 -1 -1 -1 -1 -1 -1 -1 -1 -1 -1 -1 -1 -1 -1 -1 -1 -1 -1 -1 -1 -1 -1 -1
3 3 9 9 9 9 9 9 9 9 9 9 11 11 11 9 9 7 5 5 5 9 5 8 8 13 13 5 5 9 9 7 7 7 6 6 6 9 11 11 11 8 8 8 10 10 10 10 10 10 2 6 4 4 4 4 4 4 4 12 12 12 12 12 8 8 8 8 8 8 8 8 8 8 8 8 9 9 9 9 9 12 8 8 8 9 9 9 9 9 10 10 10 10 10 2 2 0 2 2 2 7 7 7 12 12 12 12 12 12 12 8 10 10 10 12 12 12 12 12 12 12 12 12 6 6 6 6 6 6 6 6 9 12 12 12 12 12 12 12 10 10 10 10 10 10 10 10 6 6 6 6 9 -1 -1 -1 -1 -1 -1 -1 -1 -1 -1 -1 -1 -1 -1 -1 -1 -1 -1 -1 -1 -1 -1 -1 -1 -1
3 3 9 9 9 9 9 9 9 9 9 9 11 11 11 9 9 7 5 5 5 9 5 8 8 13 13 5 5 9 9 7 7 7 6 6 6 9 11 11 11 8 8 8 10 10 10 10 10 10 2 6 4 4 4 4 4 4 4 12 12 12 12 12 8 8 8 8 8 8 8 8 8 8 8 8 9 9 9 9 9 12 8 8 8 9 9 9 9 9 10 10 10 10 10 2 2 2 0 2 2 7 7 7 12 12 12 12 12 12 12 8 10 10 10 12 12 12 12 12 12 12 12 12 6 6 6 6 6 6 6 6 9 12 12 12 12 12 12 12 10 10 10 10 10 10 10 10 6 6 6 6 9 -1 -1 -1 -1 -1 -1 -1 -1 -1 -1 -1 -1 -1 -1 -1 -1 -1 -1 -1 -1 -1 -1 -1 -1 -1
3 3 9 9 9 9 9 9 9 9 9 9 11 11 11 9 9 7 5 5 5 9 5 8 8 13 13 5 5 9 9 7 7 7 6 6 6 9 11 11 11 8 8 8 10 10 10 10 10 10 2 6 4 4 4 4 4 4 4 12 12 12 12 12 8 8 8 8 8 8 8 8 8 8 8 8 9 9 9 9 9 12 8 8 8 9 9 9 9 9 10 10 10 10 10 2 2 2 2 0 2 7 7 7 12 12 12 12 12 12 12 8 10 10 10 12 12 12 12 12 12 12 12 12 6 6 6 6 6 6 6 6 9 12 12 12 12 12 12 12 10 10 10 10 10 10 10 10 6 6 6 6 9 -1 -1 -1 -1 -1 -1 -1 -1 -1 -1 -1 -1 -1 -1 -1 -1 -1 -1 -1 -1 -1 -1 -1 -1 -1
3 3 9 9 9 9 9 9 9 9 9 9 11 11 11 9 9 7 5 5 5 9 5 8 8 13 13 5 5 9 9 7 7 7 6 6 6 9 11 11 11 8 8 8 10 10 10 10 10 10 2 6 4 4 4 4 4 4 4 12 12 12 12 12 8 8 8 8 8 8 8 8 8 8 8 8 9 9 9 9 9 12 8 8 8 9 9 9 9 9 10 10 10 10 10 2 2 2 2 2 0 7 7 7 12 12 12 12 12 12 12 8 10 10 10 12 12 12 12 12 12 12 12 12 6 6 6 6 6 6 6 6 9 12 12 12 12 12 12 12 10 10 10 10 10 10 10 10 6 6 6 6 9 -1 -1 -1 -1 -1 -1 -1 -1 -1 -1 -1 -1 -1 -1 -1 -1 -1 -1 -1 -1 -1 -1 -1 -1 -1
6 6 8 8 8 8 8 8 8 8 5 5 1 3 5 8 8 6 6 6 6 6 6 5 5 5 5 6 6 7 7 6 6 6 1 3 3 8 5 5 5 5 5 5 9 9 9 9 9 9 6 5 7 7 7 7 7 7 7 8 8 8 8 8 4 4 4 4 4 4 5 5 5 5 5 5 6 6 6 6 6 4 7 7 7 8 8 8 8 8 5 9 9 9 6 7 7 7 7 7 7 0 2 2 5 5 5 5 5 5 5 6 6 6 6 3 3 3 3 3 3 3 3 3 7 7 7 7 7 7 7 7 8 6 6 6 6 6 6 6 5 5 5 5 5 5 5 5 5 5 5 5 8 -1 -1 -1 -1 -1 -1 -1 -1 -1 -1 -1 -1 -1 -1 -1 -1 -1 -1 -1 -1 -1 -1 -1 -1 -1
6 6 8 8 8 8 8 8 8 8 5 5 1 3 5 8 8 6 6 6 6 6 6 5 5 5 5 6 6 7 7 6 6 6 1 3 3 8 5 5 5 5 5 5 9 9 9 9 9 9 6 5 7 7 7 7 7 7 7 8 8 8 8 8 4 4 4 4 4 4 5 5 5 5 5 5 6 6 6 6 6 4 7 7 7 8 8 8 8 8 5 9 9 9 6 7 7 7 7 7 7 2 0 2 5 5 5 5 5 5 5 6 6 6 6 3 3 3 3 3 3 3 3 3 7 7 7 7 7 7 7 7 8 6 6 6 6 6 6 6 5 5 5 5 5 5 5 5 5 5 5 5 8 -1 -1 -1 -1 -1 -1 -1 -1 -1 -1 -1 -1 -1 -1 -1 -1 -1 -1 -1 -1 -1 -1 -1 -1 -1
6 6 8 8 8 8 8 8 8 8 5 5 1 3 5 8 8 6 6 6 6 6 6 5 5 5 5 6 6 7 7 6 6 6 1 3 3 8 5 5 5 5 5 5 9 9 9 9 9 9 6 5 7 7 7 7 7 7 7 8 8 8 8 8 4 4 4 4 4 4 5 5 5 5 5 5 6 6 6 6 6 4 7 7 7 8 8 8 8 8 5 9 9 9 6 7 7 7 7 7 7 2 2 0 5 5 5 5 5 5 5 6 6 6 6 3 3 3 3 3 3 3 3 3 7 7 7 7 7 7 7 7 8 6 6 6 6 6 6 6 5 5 5 5 5 5 5 5 5 5 5 5 8 -1 -1 -1 -1 -1 -1 -1 -1 -1 -1 -1 -1 -1 -1 -1 -1 -1 -1 -1 -1 -1 -1 -1 -1 -1
11 11 7 7 7 7 7 7 7 7 4 4 4 4 9 8 8 7 11 11 11 5 8 9 9 4 4 6 6 6 6 11 11 11 10 10 10 7 6 6 6 6 6 6 8 8 8 8 8 8 11 2 12 12 12 12 12 12 12 7 7 7 7 7 5 5 5 5 5 5 6 6 6 6 6 6 7 7 7 7 7 5 8 8 8 7 7 7 7 7 5 8 8 8 5 12 12 12 12 12 12 5 5 5 0 2 2 2 2 2 2 5 7 7 7 4 4 4 4 4 4 4 4 4 6 6 6 6 6 6 6 6 7 7 7 7 7 7 7 7 6 6 6 6 6 6 6 6 6 6 6 6 11 -1 -1 -1 -1 -1 -1 -1 -1 -1 -1 -1 -1 -1 -1 -1 -1 -1 -1 -1 -1 -1 -1 -1 -1 -1
11 11 7 7 7 7 7 7 7 7 4 4 4 4 9 8 8 7 11 11 11 5 8 9 9 4 4 6 6 6 6 11 11 11 10 10 10 7 6 6 6 6 6 6 8 8 8 8 8 8 11 2 12 12 12 12 12 12 12 7 7 7 7 7 5 5 5 5 5 5 6 6 6 6 6 6 7 7 7 7 7 5 8 8 8 7 7 7 7 7 5 8 8 8 5 12 12 12 12 12 12 5 5 5 2 0 2 2 2 2 2 5 7 7 7 4 4 4 4 4 4 4 4 4 6 6 6 6 6 6 6 6 7 7 7 7 7 7 7 7 6 6 6 6 6 6 6 6 6 6 6 6 11 -1 -1 -1 -1 -1 -1 -1 -1 -1 -1 -1 -1 -1 -1 -1 -1 -1 -1 -1 -1 -1 -1 -1 -1 -1
11 11 7 7 7 7 7 7 7 7 4 4 4 4 9 8 8 7 11 11 11 5 8 9 9 4 4 6 6 6 6 11 11 11 10 10 10 7 6 6 6 6 6 6 8 8 8 8 8 8 11 2 12 12 12 12 12 12 12 7 7 7 7 7 5 5 5 5 5 5 6 6 6 6 6 6 7 7 7 7 7 5 8 8 8 7 7 7 7 7 5 8 8 8 5 12 12 12 12 12 12 5 5 5 2 2 0 2 2 2 2 5 7 7 7 4 4 4 4 4 4 4 4 4 6 6 6 6 6 6 6 6 7 7 7 7 7 7 7 7 6 6 6 6 6 6 6 6 6 6 6 6 11 -1 -1 -1 -1 -1 -1 -1 -1 -1 -1 -1 -1 -1 -1 -1 -1 -1 -1 -1 -1 -1 -1 -1 -1 -1
11 11 7 7 7 7 7 7 7 7 4 4 4 4 9 8 8 7 11 11 11 5 8 9 9 4 4 6 6 6 6 11 11 11 10 10 10 7 6 6 6 6 6 6 8 8 8 8 8 8 11 2 12 12 12 12 12 12 12 7 7 7 7 7 5 5 5 5 5 5 6 6 6 6 6 6 7 7 7 7 7 5 8 8 8 7 7 7 7 7 5 8 8 8 5 12 12 12 12 12 12 5 5 5 2 2 2 0 2 2 2 5 7 7 7 4 4 4 4 4 4 4 4 4 6 6 6 6 6 6 6 6 7 7 7 7 7 7 7 7 6 6 6 6 6 6 6 6 6 6 6 6 11 -1 -1 -1 -1 -1 -1 -1 -1 -1 -1 -1 -1 -1 -1 -1 -1 -1 -1 -1 -1 -1 -1 -1 -1 -1
11 11 7 7 7 7 7 7 7 7 4 4 4 4 9 8 8 7 11 11 11 5 8 9 9 4 4 6 6 6 6 11 11 11 10 10 10 7 6 6 6 6 6 6 8 8 8 8 8 8 11 2 12 12 12 12 12 12 12 7 7 7 7 7 5 5 5 5 5 5 6 6 6 6 6 6 7 7 7 7 7 5 8 8 8 7 7 7 7 7 5 8 8 8 5 12 12 12 12 12 12 5 5 5 2 2 2 2 0 2 2 5 7 7 7 4 4 4 4 4 4 4 4 4 6 6 6 6 6 6 6 6 7 7 7 7 7 7 7 7 6 6 6 6 6 6 6 6 6 6 6 6 11 -1 -1 -1 -1 -1 -1 -1 -1 -1 -1 -1 -1 -1 -1 -1 -1 -1 -1 -1 -1 -1 -1 -1 -1 -1
11 11 7 7 7 7 7 7 7 7 4 4 4 4 9 8 8 7 11 11 11 5 8 9 9 4 4 6 6 6 6 11 11 11 10 10 10 7 6 6 6 6 6 6 8 8 8 8 8 8 11 2 12 12 12 12 12 12 12 7 7 7 7 7 5 5 5 5 5 5 6 6 6 6 6 6 7 7 7 7 7 5 8 8 8 7 7 7 7 7 5 8 8 8 5 12 12 12 12 12 12 5 5 5 2 2 2 2 2 0 2 5 7 7 7 4 4 4 4 4 4 4 4 4 6 6 6 6 6 6 6 6 7 7 7 7 7 7 7 7 6 6 6 6 6 6 6 6 6 6 6 6 11 -1 -1 -1 -1 -1 -1 -1 -1 -1 -1 -1 -1 -1 -1 -1 -1 -1 -1 -1 -1 -1 -1 -1 -1 -1
11 11 7 7 7 7 7 7 7 7 4 4 4 4 9 8 8 7 11 11 11 5 8 9 9 4 4 6 6 6 6 11 11 11 10 10 10 7 6 6 6 6 6 6 8 8 8 8 8 8 11 2 12 12 12 12 12 12 12 7 7 7 7 7 5 5 5 5 5 5 6 6 6 6 6 6 7 7 7 7 7 5 8 8 8 7 7 7 7 7 5 8 8 8 5 12 12 12 12 12 12 5 5 5 2 2 2 2 2 2 0 5 7 7 7 4 4 4 4 4 4 4 4 4 6 6 6 6 6 6 6 6 7 7 7 7 7 7 7 7 6 6 6 6 6 6 6 6 6 6 6 6 11 -1 -1 -1 -1 -1 -1 -1 -1 -1 -1 -1 -1 -1 -1 -1 -1 -1 -1 -1 -1 -1 -1 -1 -1 -1
7 7 5 5 5 5 5 5 5 5 1 3 5 5 10 7 7 3 7 7 7 6 7 6 6 5 5 7 7 7 7 3 3 3 6 6 6 7 7 7 7 6 6 6 6 6 6 6 6 6 3 5 8 8 8 8 8 8 8 8 8 8 8 8 4 4 4 4 4 4 4 4 4 4 4 4 7 7 7 7 7 6 4 4 4 6 6 6 6 6 4 6 6 6 4 8 8 8 8 8 8 6 6 6 5 5 5 5 5 5 5 0 6 6 6 5 5 5 5 5 5 5 5 5 7 7 7 7 7 7 7 7 5 8 8 8 8 8 8 8 6 6 6 6 6 6 6 6 7 7 7 7 7 -1 -1 -1 -1 -1 -1 -1 -1 -1 -1 -1 -1 -1 -1 -1 -1 -1 -1 -1 -1 -1 -1 -1 -1 -1
9 9 5 5 5 5 5 5 5 5 5 5 5 5 5 9 9 7 9 9 9 6 9 5 5 7 7 7 7 7 7 9 9 9 8 8 8 7 5 5 5 5 5 5 6 6 6 6 6 6 9 7 10 10 10 10 10 10 10 9 9 9 9 9 6 6 6 6 6 6 3 3 3 3 3 3 6 6 6 6 6 6 8 8 8 6 6 6 6 6 5 6 6 6 6 10 10 10 10 10 10 6 6 6 7 7 7 7 7 7 7 6 0 2 2 7 7 7 7 7 7 7 7 7 7 7 7 7 7 7 7 7 5 6 6 6 6 6 6 6 5 5 5 5 5 5 5 5 5 5 5 5 9 -1 -1 -1 -1 -1 -1 -1 -1 -1 -1 -1 -1 -1 -1 -1 -1 -1 -1 -1 -1 -1 -1 -1 -1 -1
9 9 5 5 5 5 5 5 5 5 5 5 5 5 5 9 9 7 9 9 9 6 9 5 5 7 7 7 7 7 7 9 9 9 8 8 8 7 5 5 5 5 5 5 6 6 6 6 6 6 9 7 10 10 10 10 10 10 10 9 9 9 9 9 6 6 6 6 6 6 3 3 3 3 3 3 6 6 6 6 6 6 8 8 8 6 6 6 6 6 5 6 6 6 6 10 10 10 10 10 10 6 6 6 7 7 7 7 7 7 7 6 2 0 2 7 7 7 7 7 7 7 7 7 7 7 7 7 7 7 7 7 5 6 6 6 6 6 6 6 5 5 5 5 5 5 5 5 5 5 5 5 9 -1 -1 -1 -1 -1 -1 -1 -1 -1 -1 -1 -1 -1 -1 -1 -1 -1 -1 -1 -1 -1 -1 -1 -1 -1
9 9 5 5 5 5 5 5 5 5 5 5 5 5 5 9 9 7 9 9 9 6 9 5 5 7 7 7 7 7 7 9 9 9 8 8 8 7 5 5 5 5 5 5 6 6 6 6 6 6 9 7 10 10 10 10 10 10 10 9 9 9 9 9 6 6 6 6 6 6 3 3 3 3 3 3 6 6 6 6 6 6 8 8 8 6 6 6 6 6 5 6 6 6 6 10 10 10 10 10 10 6 6 6 7 7 7 7 7 7 7 6 2 2 0 7 7 7 7 7 7 7 7 7 7 7 7 7 7 7 7 7 5 6 6 6 6 6 6 6 5 5 5 5 5 5 5 5 5 5 5 5 9 -1 -1 -1 -1 -1 -1 -1 -1 -1 -1 -1 -1 -1 -1 -1 -1 -1 -1 -1 -1 -1 -1 -1 -1 -1
11 11 7 7 7 7 7 7 7 7 4 4 2 2 9 8 8 7 11 11 11 5 8 9 9 4 4 6 6 6 6 11 11 11 10 10 10 7 6 6 6 6 6 6 8 8 8 8 8 8 11 4 12 12 12 12 12 12 12 7 7 7 7 7 3 3 3 3 3 3 6 6 6 6 6 6 7 7 7 7 7 3 8 8 8 7 7 7 7 7 5 8 8 8 5 12 12 12 12 12 12 3 3 3 4 4 4 4 4 4 4 5 7 7 7 0 2 2 2 2 2 2 2 2 6 6 6 6 6 6 6 6 7 7 7 7 7 7 7 7 6 6 6 6 6 6 6 6 6 6 6 6 11 -1 -1 -1 -1 -1 -1 -1 -1 -1 -1 -1 -1 -1 -1 -1 -1 -1 -1 -1 -1 -1 -1 -1 -1 -1
11 11 7 7 7 7 7 7 7 7 4 4 2 2 9 8 8 7 11 11 11 5 8 9 9 4 4 6 6 6 6 11 11 11 10 10 10 7 6 6 6 6 6 6 8 8 8 8 8 8 11 4 12 12 12 12 12 12 12 7 7 7 7 7 3 3 3 3 3 3 6 6 6 6 6 6 7 7 7 7 7 3 8 8 8 7 7 7 7 7 5 8 8 8 5 12 12 12 12 12 12 3 3 3 4 4 4 4 4 4 4 5 7 7 7 2 0 2 2 2 2 2 2 2 6 6 6 6 6 6 6 6 7 7 7 7 7 7 7 7 6 6 6 6 6 6 6 6 6 6 6 6 11 -1 -1 -1 -1 -1 -1 -1 -1 -1 -1 -1 -1 -1 -1 -1 -1 -1 -1 -1 -1 -1 -1 -1 -1 -1
11 11 7 7 7 7 7 7 7 7 4 4 2 2 9 8 8 7 11 11 11 5 8 9 9 4 4 6 6 6 6 11 11 11 10 10 10 7 6 6 6 6 6 6 8 8 8 8 8 8 11 4 12 12 12 12 12 12 12 7 7 7 7 7 3 3 3 3 3 3 6 6 6 6 6 6 7 7 7 7 7 3 8 8 8 7 7 7 7 7 5 8 8 8 5 12 12 12 12 12 12 3 3 3 4 4 4 4 4 4 4 5 7 7 7 2 2 0 2 2 2 2 2 2 6 6 6 6 6 6 6 6 7 7 7 7 7 7 7 7 6 6 6 6 6 6 6 6 6 6 6 6 11 -1 -1 -1 -1 -1 -1 -1 -1 -1 -1 -1 -1 -1 -1 -1 -1 -1 -1 -1 -1 -1 -1 -1 -1 -1
11 11 7 7 7 7 7 7 7 7 4 4 2 2 9 8 8 7 11 11 11 5 8 9 9 4 4 6 6 6 6 11 11 11 10 10 10 7 6 6 6 6 6 6 8 8 8 8 8 8 11 4 12 12 12 12 12 12 12 7 7 7 7 7 3 3 3 3 3 3 6 6 6 6 6 6 7 7 7 7 7 3 8 8 8 7 7 7 7 7 5 8 8 8 5 12 12 12 12 12 12 3 3 3 4 4 4 4 4 4 4 5 7 7 7 2 2 2 0 2 2 2 2 2 6 6 6 6 6 6 6 6 7 7 7 7 7 7 7 7 6 6 6 6 6 6 6 6 6 6 6 6 11 -1 -1 -1 -1 -1 -1 -1 -1 -1 -1 -1 -1 -1 -1 -1 -1 -1 -1 -1 -1 -1 -1 -1 -1 -1
11 11 7 7 7 7 7 7 7 7 4 4 2 2 9 8 8 7 11 11 11 5 8 9 9 4 4 6 6 6 6 11 11 11 10 10 10 7 6 6 6 6 6 6 8 8 8 8 8 8 11 4 12 12 12 12 12 12 12 7 7 7 7 7 3 3 3 3 3 3 6 6 6 6 6 6 7 7 7 7 7 3 8 8 8 7 7 7 7 7 5 8 8 8 5 12 12 12 12 12 12 3 3 3 4 4 4 4 4 4 4 5 7 7 7 2 2 2 2 0 2 2 2 2 6 6 6 6 6 6 6 6 7 7 7 7 7 7 7 7 6 6 6 6 6 6 6 6 6 6 6 6 11 -1 -1 -1 -1 -1 -1 -1 -1 -1 -1 -1 -1 -1 -1 -1 -1 -1 -1 -1 -1 -1 -1 -1 -1 -1
11 11 7 7 7 7 7 7 7 7 4 4 2 2 9 8 8 7 11 11 11 5 8 9 9 4 4 6 6 6 6 11 11 11 10 10 10 7 6 6 6 6 6 6 8 8 8 8 8 8 11 4 12 12 12 12 12 12 12 7 7 7 7 7 3 3 3 3 3 3 6 6 6 6 6 6 7 7 7 7 7 3 8 8 8 7 7 7 7 7 5 8 8 8 5 12 12 12 12 12 12 3 3 3 4 4 4 4 4 4 4 5 7 7 7 2 2 2 2 2 0 2 2 2 6 6 6 6 6 6 6 6 7 7 7 7 7 7 7 7 6 6 6 6 6 6 6 6 6 6 6 6 11 -1 -1 -1 -1 -1 -1 -1 -1 -1 -1 -1 -1 -1 -1 -1 -1 -1 -1 -1 -1 -1 -1 -1 -1 -1
11 11 7 7 7 7 7 7 7 7 4 4 2 2 9 8 8 7 11 11 11 5 8 9 9 4 4 6 6 6 6 11 11 11 10 10 10 7 6 6 6 6 6 6 8 8 8 8 8 8 11 4 12 12 12 12 12 12 12 7 7 7 7 7 3 3 3 3 3 3 6 6 6 6 6 6 7 7 7 7 7 3 8 8 8 7 7 7 7 7 5 8 8 8 5 12 12 12 12 12 12 3 3 3 4 4 4 4 4 4 4 5 7 7 7 2 2 2 2 2 2 0 2 2 6 6 6 6 6 6 6 6 7 7 7 7 7 7 7 7 6 6 6 6 6 6 6 6 6 6 6 6 11 -1 -1 -1 -1 -1 -1 -1 -1 -1 -1 -1 -1 -1 -1 -1 -1 -1 -1 -1 -1 -1 -1 -1 -1 -1
11 11 7 7 7 7 7 7 7 7 4 4 2 2 9 8 8 7 11 11 11 5 8 9 9 4 4 6 6 6 6 11 11 11 10 10 10 7 6 6 6 6 6 6 8 8 8 8 8 8 11 4 12 12 12 12 12 12 12 7 7 7 7 7 3 3 3 3 3 3 6 6 6 6 6 6 7 7 7 7 7 3 8 8 8 7 7 7 7 7 5 8 8 8 5 12 12 12 12 12 12 3 3 3 4 4 4 4 4 4 4 5 7 7 7 2 2 2 2 2 2 2 0 2 6 6 6 6 6 6 6 6 7 7 7 7 7 7 7 7 6 6 6 6 6 6 6 6 6 6 6 6 11 -1 -1 -1 -1 -1 -1 -1 -1 -1 -1 -1 -1 -1 -1 -1 -1 -1 -1 -1 -1 -1 -1 -1 -1 -1
11 11 7 7 7 7 7 7 7 7 4 4 2 2 9 8 8 7 11 11 11 5 8 9 9 4 4 6 6 6 6 11 11 11 10 10 10 7 6 6 6 6 6 6 8 8 8 8 8 8 11 4 12 12 12 12 12 12 12 7 7 7 7 7 3 3 3 3 3 3 6 6 6 6 6 6 7 7 7 7 7 3 8 8 8 7 7 7 7 7 5 8 8 8 5 12 12 12 12 12 12 3 3 3 4 4 4 4 4 4 4 5 7 7 7 2 2 2 2 2 2 2 2 0 6 6 6 6 6 6 6 6 7 7 7 7 7 7 7 7 6 6 6 6 6 6 6 6 6 6 6 6 11 -1 -1 -1 -1 -1 -1 -1 -1 -1 -1 -1 -1 -1 -1 -1 -1 -1 -1 -1 -1 -1 -1 -1 -1 -1
5 5 7 7 7 7 7 7 7 7 6 6 6 6 10 7 7 7 3 3 3 1 5 8 8 6 6 5 5 7 7 7 7 7 6 6 6 7 6 6 6 6 6 6 8 8 8 8 8 8 6 4 6 6 6 6 6 6 6 8 8 8 8 8 7 7 7 7 7 7 6 6 6 6 6 6 7 7 7 7 7 7 8 8 8 7 7 7 7 7 7 8 8 8 7 6 6 6 6 6 6 7 7 7 6 6 6 6 6 6 6 7 7 7 7 6 6 6 6 6 6 6 6 6 0 2 2 2 2 2 2 2 7 7 7 7 7 7 7 7 6 6 6 6 6 6 6 6 4 4 4 4 9 -1 -1 -1 -1 -1 -1 -1 -1 -1 -1 -1 -1 -1 -1 -1 -1 -1 -1 -1 -1 -1 -1 -1 -1 -1
5 5 7 7 7 7 7 7 7 7 6 6 6 6 10 7 7 7 3 3 3 1 5 8 8 6 6 5 5 7 7 7 7 7 6 6 6 7 6 6 6 6 6 6 8 8 8 8 8 8 6 4 6 6 6 6 6 6 6 8 8 8 8 8 7 7 7 7 7 7 6 6 6 6 6 6 7 7 7 7 7 7 8 8 8 7 7 7 7 7 7 8 8 8 7 6 6 6 6 6 6 7 7 7 6 6 6 6 6 6 6 7 7 7 7 6 6 6 6 6 6 6 6 6 2 0 2 2 2 2 2 2 7 7 7 7 7 7 7 7 6 6 6 6 6 6 6 6 4 4 4 4 9 -1 -1 -1 -1 -1 -1 -1 -1 -1 -1 -1 -1 -1 -1 -1 -1 -1 -1 -1 -1 -1 -1 -1 -1 -1
5 5 7 7 7 7 7 7 7 7 6 6 6 6 10 7 7 7 3 3 3 1 5 8 8 6 6 5 5 7 7 7 7 7 6 6 6 7 6 6 6 6 6 6 8 8 8 8 8 8 6 4 6 6 6 6 6 6 6 8 8 8 8 8 7 7 7 7 7 7 6 6 6 6 6 6 7 7 7 7 7 7 8 8 8 7 7 7 7 7 7 8 8 8 7 6 6 6 6 6 6 7 7 7 6 6 6 6 6 6 6 7 7 7 7 6 6 6 6 6 6 6 6 6 2 2 0 2 2 2 2 2 7 7 7 7 7 7 7 7 6 6 6 6 6 6 6 6 4 4 4 4 9 -1 -1 -1 -1 -1 -1 -1 -1 -1 -1 -1 -1 -1 -1 -1 -1 -1 -1 -1 -1 -1 -1 -1 -1 -1
5 5 7 7 7 7 7 7 7 7 6 6 6 6 10 7 7 7 3 3 3 1 5 8 8 6 6 5 5 7 7 7 7 7 6 6 6 7 6 6 6 6 6 6 8 8 8 8 8 8 6 4 6 6 6 6 6 6 6 8 8 8 8 8 7 7 7 7 7 7 6 6 6 6 6 6 7 7 7 7 7 7 8 8 8 7 7 7 7 7 7 8 8 8 7 6 6 6 6 6 6 7 7 7 6 6 6 6 6 6 6 7 7 7 7 6 6 6 6 6 6 6 6 6 2 2 2 0 2 2 2 2 7 7 7 7 7 7 7 7 6 6 6 6 6 6 6 6 4 4 4 4 9 -1 -1 -1 -1 -1 -1 -1 -1 -1 -1 -1 -1 -1 -1 -1 -1 -1 -1 -1 -1 -1 -1 -1 -1 -1
5 5 7 7 7 7 7 7 7 7 6 6 6 6 10 7 7 7 3 3 3 1 5 8 8 6 6 5 5 7 7 7 7 7 6 6 6 7 6 6 6 6 6 6 8 8 8 8 8 8 6 4 6 6 6 6 6 6 6 8 8 8 8 8 7 7 7 7 7 7 6 6 6 6 6 6 7 7 7 7 7 7 8 8 8 7 7 7 7 7 7 8 8 8 7 6 6 6 6 6 6 7 7 7 6 6 6 6 6 6 6 7 7 7 7 6 6 6 6 6 6 6 6 6 2 2 2 2 0 2 2 2 7 7 7 7 7 7 7 7 6 6 6 6 6 6 6 6 4 4 4 4 9 -1 -1 -1 -1 -1 -1 -1 -1 -1 -1 -1 -1 -1 -1 -1 -1 -1 -1 -1 -1 -1 -1 -1 -1 -1
5 5 7 7 7 7 7 7 7 7 6 6 6 6 10 7 7 7 3 3 3 1 5 8 8 6 6 5 5 7 7 7 7 7 6 6 6 7 6 6 6 6 6 6 8 8 8 8 8 8 6 4 6 6 6 6 6 6 6 8 8 8 8 8 7 7 7 7 7 7 6 6 6 6 6 6 7 7 7 7 7 7 8 8 8 7 7 7 7 7 7 8 8 8 7 6 6 6 6 6 6 7 7 7 6 6 6 6 6 6 6 7 7 7 7 6 6 6 6 6 6 6 6 6 2 2 2 2 2 0 2 2 7 7 7 7 7 7 7 7 6 6 6 6 6 6 6 6 4 4 4 4 9 -1 -1 -1 -1 -1 -1 -1 -1 -1 -1 -1 -1 -1 -1 -1 -1 -1 -1 -1 -1 -1 -1 -1 -1 -1
5 5 7 7 7 7 7 7 7 7 6 6 6 6 10 7 7 7 3 3 3 1 5 8 8 6 6 5 5 7 7 7 7 7 6 6 6 7 6 6 6 6 6 6 8 8 8 8 8 8 6 4 6 6 6 6 6 6 6 8 8 8 8 8 7 7 7 7 7 7 6 6 6 6 6 6 7 7 7 7 7 7 8 8 8 7 7 7 7 7 7 8 8 8 7 6 6 6 6 6 6 7 7 7 6 6 6 6 6 6 6 7 7 7 7 6 6 6 6 6 6 6 6 6 2 2 2 2 2 2 0 2 7 7 7 7 7 7 7 7 6 6 6 6 6 6 6 6 4 4 4 4 9 -1 -1 -1 -1 -1 -1 -1 -1 -1 -1 -1 -1 -1 -1 -1 -1 -1 -1 -1 -1 -1 -1 -1 -1 -1
5 5 7 7 7 7 7 7 7 7 6 6 6 6 10 7 7 7 3 3 3 1 5 8 8 6 6 5 5 7 7 7 7 7 6 6 6 7 6 6 6 6 6 6 8 8 8 8 8 8 6 4 6 6 6 6 6 6 6 8 8 8 8 8 7 7 7 7 7 7 6 6 6 6 6 6 7 7 7 7 7 7 8 8 8 7 7 7 7 7 7 8 8 8 7 6 6 6 6 6 6 7 7 7 6 6 6 6 6 6 6 7 7 7 7 6 6 6 6 6 6 6 6 6 2 2 2 2 2 2 2 0 7 7 7 7 7 7 7 7 6 6 6 6 6 6 6 6 4 4 4 4 9 -1 -1 -1 -1 -1 -1 -1 -1 -1 -1 -1 -1 -1 -1 -1 -1 -1 -1 -1 -1 -1 -1 -1 -1 -1
8 8 4 4 4 4 4 4 4 4 4 4 7 7 9 8 8 5 8 8 8 6 8 7 7 8 8 8 8 1 3 8 8 8 7 7 7 5 6 6 6 7 7 7 5 5 5 5 5 5 8 7 9 9 9 9 9 9 9 6 6 6 6 6 8 8 8 8 8 8 8 8 8 8 8 8 8 8 8 8 8 8 6 6 6 5 5 5 5 5 5 5 5 5 5 9 9 9 9 9 9 8 8 8 7 7 7 7 7 7 7 5 5 5 5 7 7 7 7 7 7 7 7 7 7 7 7 7 7 7 7 7 0 7 7 7 7 7 7 7 5 5 5 5 5 5 5 5 8 8 8 8 8 -1 -1 -1 -1 -1 -1 -1 -1 -1 -1 -1 -1 -1 -1 -1 -1 -1 -1 -1 -1 -1 -1 -1 -1 -1
11 11 9 9 9 9 9 9 9 9 7 7 5 5 5 9 9 9 11 11 11 6 9 5 5 7 7 7 7 6 6 11 11 11 10 10 10 5 3 3 1 5 5 5 10 10 10 10 10 10 11 7 12 12 12 12 12 12 12 3 3 3 3 3 6 6 6 6 6 6 5 5 5 5 5 5 6 6 6 6 6 6 10 10 10 9 9 9 9 9 5 10 10 10 8 12 12 12 12 12 12 6 6 6 7 7 7 7 7 7 7 8 6 6 6 7 7 7 7 7 7 7 7 7 7 7 7 7 7 7 7 7 7 0 2 2 2 2 2 2 5 5 5 5 5 5 5 5 5 5 5 5 11 -1 -1 -1 -1 -1 -1 -1 -1 -1 -1 -1 -1 -1 -1 -1 -1 -1 -1 -1 -1 -1 -1 -1 -1 -1
11 11 9 9 9 9 9 9 9 9 7 7 5 5 5 9 9 9 11 11 11 6 9 5 5 7 7 7 7 6 6 11 11 11 10 10 10 5 3 3 1 5 5 5 10 10 10 10 10 10 11 7 12 12 12 12 12 12 12 3 3 3 3 3 6 6 6 6 6 6 5 5 5 5 5 5 6 6 6 6 6 6 10 10 10 9 9 9 9 9 5 10 10 10 8 12 12 12 12 12 12 6 6 6 7 7 7 7 7 7 7 8 6 6 6 7 7 7 7 7 7 7 7 7 7 7 7 7 7 7 7 7 7 2 0 2 2 2 2 2 5 5 5 5 5 5 5 5 5 5 5 5 11 -1 -1 -1 -1 -1 -1 -1 -1 -1 -1 -1 -1 -1 -1 -1 -1 -1 -1 -1 -1 -1 -1 -1 -1 -1
11 11 9 9 9 9 9 9 9 9 7 7 5 5 5 9 9 9 11 11 11 6 9 5 5 7 7 7 7 6 6 11 11 11 10 10 10 5 3 3 1 5 5 5 10 10 10 10 10 10 11 7 12 12 12 12 12 12 12 3 3 3 3 3 6 6 6 6 6 6 5 5 5 5 5 5 6 6 6 6 6 6 10 10 10 9 9 9 9 9 5 10 10 10 8 12 12 12 12 12 12 6 6 6 7 7 7 7 7 7 7 8 6 6 6 7 7 7 7 7 7 7 7 7 7 7 7 7 7 7 7 7 7 2 2 0 2 2 2 2 5 5 5 5 5 5 5 5 5 5 5 5 11 -1 -1 -1 -1 -1 -1 -1 -1 -1 -1 -1 -1 -1 -1 -1 -1 -1 -1 -1 -1 -1 -1 -1 -1 -1
11 11 9 9 9 9 9 9 9 9 7 7 5 5 5 9 9 9 11 11 11 6 9 5 5 7 7 7 7 6 6 11 11 11 10 10 10 5 3 3 1 5 5 5 10 10 10 10 10 10 11 7 12 12 12 12 12 12 12 3 3 3 3 3 6 6 6 6 6 6 5 5 5 5 5 5 6 6 6 6 6 6 10 10 10 9 9 9 9 9 5 10 10 10 8 12 12 12 12 12 12 6 6 6 7 7 7 7 7 7 7 8 6 6 6 7 7 7 7 7 7 7 7 7 7 7 7 7 7 7 7 7 7 2 2 2 0 2 2 2 5 5 5 5 5 5 5 5 5 5 5 5 11 -1 -1 -1 -1 -1 -1 -1 -1 -1 -1 -1 -1 -1 -1 -1 -1 -1 -1 -1 -1 -1 -1 -1 -1 -1
11 11 9 9 9 9 9 9 9 9 7 7 5 5 5 9 9 9 11 11 11 6 9 5 5 7 7 7 7 6 6 11 11 11 10 10 10 5 3 3 1 5 5 5 10 10 10 10 10 10 11 7 12 12 12 12 12 12 12 3 3 3 3 3 6 6 6 6 6 6 5 5 5 5 5 5 6 6 6 6 6 6 10 10 10 9 9 9 9 9 5 10 10 10 8 12 12 12 12 12 12 6 6 6 7 7 7 7 7 7 7 8 6 6 6 7 7 7 7 7 7 7 7 7 7 7 7 7 7 7 7 7 7 2 2 2 2 0 2 2 5 5 5 5 5 5 5 5 5 5 5 5 11 -1 -1 -1 -1 -1 -1 -1 -1 -1 -1 -1 -1 -1 -1 -1 -1 -1 -1 -1 -1 -1 -1 -1 -1 -1
11 11 9 9 9 9 9 9 9 9 7 7 5 5 5 9 9 9 11 11 11 6 9 5 5 7 7 7 7 6 6 11 11 11 10 10 10 5 3 3 1 5 5 5 10 10 10 10 10 10 11 7 12 12 12 12 12 12 12 3 3 3 3 3 6 6 6 6 6 6 5 5 5 5 5 5 6 6 6 6 6 6 10 10 10 9 9 9 9 9 5 10 10 10 8 12 12 12 12 12 12 6 6 6 7 7 7 7 7 7 7 8 6 6 6 7 7 7 7 7 7 7 7 7 7 7 7 7 7 7 7 7 7 2 2 2 2 2 0 2 5 5 5 5 5 5 5 5 5 5 5 5 11 -1 -1 -1 -1 -1 -1 -1 -1 -1 -1 -1 -1 -1 -1 -1 -1 -1 -1 -1 -1 -1 -1 -1 -1 -1
11 11 9 9 9 9 9 9 9 9 7 7 5 5 5 9 9 9 11 11 11 6 9 5 5 7 7 7 7 6 6 11 11 11 10 10 10 5 3 3 1 5 5 5 10 10 10 10 10 10 11 7 12 12 12 12 12 12 12 3 3 3 3 3 6 6 6 6 6 6 5 5 5 5 5 5 6 6 6 6 6 6 10 10 10 9 9 9 9 9 5 10 10 10 8 12 12 12 12 12 12 6 6 6 7 7 7 7 7 7 7 8 6 6 6 7 7 7 7 7 7 7 7 7 7 7 7 7 7 7 7 7 7 2 2 2 2 2 2 0 5 5 5 5 5 5 5 5 5 5 5 5 11 -1 -1 -1 -1 -1 -1 -1 -1 -1 -1 -1 -1 -1 -1 -1 -1 -1 -1 -1 -1 -1 -1 -1 -1 -1
9 9 3 1 3 3 3 5 5 5 5 5 4 4 4 7 7 7 9 9 9 5 7 4 4 6 6 6 6 7 7 7 7 7 8 8 8 7 4 4 4 4 4 4 4 4 4 4 4 4 7 6 10 10 10 10 10 10 10 8 8 8 8 8 5 5 5 5 5 5 4 4 4 4 4 4 5 5 5 5 5 5 8 8 8 4 4 4 4 4 4 4 4 4 6 10 10 10 10 10 10 5 5 5 6 6 6 6 6 6 6 6 5 5 5 6 6 6 6 6 6 6 6 6 6 6 6 6 6 6 6 6 5 5 5 5 5 5 5 5 0 2 2 2 2 2 2 2 4 4 4 4 5 -1 -1 -1 -1 -1 -1 -1 -1 -1 -1 -1 -1 -1 -1 -1 -1 -1 -1 -1 -1 -1 -1 -1 -1 -1
9 9 3 1 3 3 3 5 5 5 5 5 4 4 4 7 7 7 9 9 9 5 7 4 4 6 6 6 6 7 7 7 7 7 8 8 8 7 4 4 4 4 4 4 4 4 4 4 4 4 7 6 10 10 10 10 10 10 10 8 8 8 8 8 5 5 5 5 5 5 4 4 4 4 4 4 5 5 5 5 5 5 8 8 8 4 4 4 4 4 4 4 4 4 6 10 10 10 10 10 10 5 5 5 6 6 6 6 6 6 6 6 5 5 5 6 6 6 6 6 6 6 6 6 6 6 6 6 6 6 6 6 5 5 5 5 5 5 5 5 2 0 2 2 2 2 2 2 4 4 4 4 5 -1 -1 -1 -1 -1 -1 -1 -1 -1 -1 -1 -1 -1 -1 -1 -1 -1 -1 -1 -1 -1 -1 -1 -1 -1
9 9 3 1 3 3 3 5 5 5 5 5 4 4 4 7 7 7 9 9 9 5 7 4 4 6 6 6 6 7 7 7 7 7 8 8 8 7 4 4 4 4 4 4 4 4 4 4 4 4 7 6 10 10 10 10 10 10 10 8 8 8 8 8 5 5 5 5 5 5 4 4 4 4 4 4 5 5 5 5 5 5 8 8 8 4 4 4 4 4 4 4 4 4 6 10 10 10 10 10 10 5 5 5 6 6 6 6 6 6 6 6 5 5 5 6 6 6 6 6 6 6 6 6 6 6 6 6 6 6 6 6 5 5 5 5 5 5 5 5 2 2 0 2 2 2 2 2 4 4 4 4 5 -1 -1 -1 -1 -1 -1 -1 -1 -1 -1 -1 -1 -1 -1 -1 -1 -1 -1 -1 -1 -1 -1 -1 -1 -1
9 9 3 1 3 3 3 5 5 5 5 5 4 4 4 7 7 7 9 9 9 5 7 4 4 6 6 6 6 7 7 7 7 7 8 8 8 7 4 4 4 4 4 4 4 4 4 4 4 4 7 6 10 10 10 10 10 10 10 8 8 8 8 8 5 5 5 5 5 5 4 4 4 4 4 4 5 5 5 5 5 5 8 8 8 4 4 4 4 4 4 4 4 4 6 10 10 10 10 10 10 5 5 5 6 6 6 6 6 6 6 6 5 5 5 6 6 6 6 6 6 6 6 6 6 6 6 6 6 6 6 6 5 5 5 5 5 5 5 5 2 2 2 0 2 2 2 2 4 4 4 4 5 -1 -1 -1 -1 -1 -1 -1 -1 -1 -1 -1 -1 -1 -1 -1 -1 -1 -1 -1 -1 -1 -1 -1 -1 -1
9 9 3 1 3 3 3 5 5 5 5 5 4 4 4 7 7 7 9 9 9 5 7 4 4 6 6 6 6 7 7 7 7 7 8 8 8 7 4 4 4 4 4 4 4 4 4 4 4 4 7 6 10 10 10 10 10 10 10 8 8 8 8 8 5 5 5 5 5 5 4 4 4 4 4 4 5 5 5 5 5 5 8 8 8 4 4 4 4 4 4 4 4 4 6 10 10 10 10 10 10 5 5 5 6 6 6 6 6 6 6 6 5 5 5 6 6 6 6 6 6 6 6 6 6 6 6 6 6 6 6 6 5 5 5 5 5 5 5 5 2 2 2 2 0 2 2 2 4 4 4 4 5 -1 -1 -1 -1 -1 -1 -1 -1 -1 -1 -1 -1 -1 -1 -1 -1 -1 -1 -1 -1 -1 -1 -1 -1 -1
9 9 3 1 3 3 3 5 5 5 5 5 4 4 4 7 7 7 9 9 9 5 7 4 4 6 6 6 6 7 7 7 7 7 8 8 8 7 4 4 4 4 4 4 4 4 4 4 4 4 7 6 10 10 10 10 10 10 10 8 8 8 8 8 5 5 5 5 5 5 4 4 4 4 4 4 5 5 5 5 5 5 8 8 8 4 4 4 4 4 4 4 4 4 6 10 10 10 10 10 10 5 5 5 6 6 6 6 6 6 6 6 5 5 5 6 6 6 6 6 6 6 6 6 6 6 6 6 6 6 6 6 5 5 5 5 5 5 5 5 2 2 2 2 2 0 2 2 4 4 4 4 5 -1 -1 -1 -1 -1 -1 -1 -1 -1 -1 -1 -1 -1 -1 -1 -1 -1 -1 -1 -1 -1 -1 -1 -1 -1
9 9 3 1 3 3 3 5 5 5 5 5 4 4 4 7 7 7 9 9 9 5 7 4 4 6 6 6 6 7 7 7 7 7 8 8 8 7 4 4 4 4 4 4 4 4 4 4 4 4 7 6 10 10 10 10 10 10 10 8 8 8 8 8 5 5 5 5 5 5 4 4 4 4 4 4 5 5 5 5 5 5 8 8 8 4 4 4 4 4 4 4 4 4 6 10 10 10 10 10 10 5 5 5 6 6 6 6 6 6 6 6 5 5 5 6 6 6 6 6 6 6 6 6 6 6 6 6 6 6 6 6 5 5 5 5 5 5 5 5 2 2 2 2 2 2 0 2 4 4 4 4 5 -1 -1 -1 -1 -1 -1 -1 -1 -1 -1 -1 -1 -1 -1 -1 -1 -1 -1 -1 -1 -1 -1 -1 -1 -1
9 9 3 1 3 3 3 5 5 5 5 5 4 4 4 7 7 7 9 9 9 5 7 4 4 6 6 6 6 7 7 7 7 7 8 8 8 7 4 4 4 4 4 4 4 4 4 4 4 4 7 6 10 10 10 10 10 10 10 8 8 8 8 8 5 5 5 5 5 5 4 4 4 4 4 4 5 5 5 5 5 5 8 8 8 4 4 4 4 4 4 4 4 4 6 10 10 10 10 10 10 5 5 5 6 6 6 6 6 6 6 6 5 5 5 6 6 6 6 6 6 6 6 6 6 6 6 6 6 6 6 6 5 5 5 5 5 5 5 5 2 2 2 2 2 2 2 0 4 4 4 4 5 -1 -1 -1 -1 -1 -1 -1 -1 -1 -1 -1 -1 -1 -1 -1 -1 -1 -1 -1 -1 -1 -1 -1 -1 -1
5 5 9 9 9 9 9 8 8 8 6 6 4 4 4 8 8 7 3 1 3 5 5 4 4 6 6 5 5 7 7 7 7 7 6 6 6 8 4 4 4 4 4 4 10 10 10 10 10 10 6 4 6 6 6 6 6 6 6 8 8 8 8 8 5 5 5 5 5 5 4 4 4 4 4 4 5 5 5 5 5 5 8 8 8 9 9 9 9 9 4 10 10 10 7 6 6 6 6 6 6 5 5 5 6 6 6 6 6 6 6 7 5 5 5 6 6 6 6 6 6 6 6 6 4 4 4 4 4 4 4 4 8 5 5 5 5 5 5 5 4 4 4 4 4 4 4 4 0 2 2 2 9 -1 -1 -1 -1 -1 -1 -1 -1 -1 -1 -1 -1 -1 -1 -1 -1 -1 -1 -1 -1 -1 -1 -1 -1 -1
5 5 9 9 9 9 9 8 8 8 6 6 4 4 4 8 8 7 3 1 3 5 5 4 4 6 6 5 5 7 7 7 7 7 6 6 6 8 4 4 4 4 4 4 10 10 10 10 10 10 6 4 6 6 6 6 6 6 6 8 8 8 8 8 5 5 5 5 5 5 4 4 4 4 4 4 5 5 5 5 5 5 8 8 8 9 9 9 9 9 4 10 10 10 7 6 6 6 6 6 6 5 5 5 6 6 6 6 6 6 6 7 5 5 5 6 6 6 6 6 6 6 6 6 4 4 4 4 4 4 4 4 8 5 5 5 5 5 5 5 4 4 4 4 4 4 4 4 2 0 2 2 9 -1 -1 -1 -1 -1 -1 -1 -1 -1 -1 -1 -1 -1 -1 -1 -1 -1 -1 -1 -1 -1 -1 -1 -1 -1
5 5 9 9 9 9 9 8 8 8 6 6 4 4 4 8 8 7 3 1 3 5 5 4 4 6 6 5 5 7 7 7 7 7 6 6 6 8 4 4 4 4 4 4 10 10 10 10 10 10 6 4 6 6 6 6 6 6 6 8 8 8 8 8 5 5 5 5 5 5 4 4 4 4 4 4 5 5 5 5 5 5 8 8 8 9 9 9 9 9 4 10 10 10 7 6 6 6 6 6 6 5 5 5 6 6 6 6 6 6 6 7 5 5 5 6 6 6 6 6 6 6 6 6 4 4 4 4 4 4 4 4 8 5 5 5 5 5 5 5 4 4 4 4 4 4 4 4 2 2 0 2 9 -1 -1 -1 -1 -1 -1 -1 -1 -1 -1 -1 -1 -1 -1 -1 -1 -1 -1 -1 -1 -1 -1 -1 -1 -1
5 5 9 9 9 9 9 8 8 8 6 6 4 4 4 8 8 7 3 1 3 5 5 4 4 6 6 5 5 7 7 7 7 7 6 6 6 8 4 4 4 4 4 4 10 10 10 10 10 10 6 4 6 6 6 6 6 6 6 8 8 8 8 8 5 5 5 5 5 5 4 4 4 4 4 4 5 5 5 5 5 5 8 8 8 9 9 9 9 9 4 10 10 10 7 6 6 6 6 6 6 5 5 5 6 6 6 6 6 6 6 7 5 5 5 6 6 6 6 6 6 6 6 6 4 4 4 4 4 4 4 4 8 5 5 5 5 5 5 5 4 4 4 4 4 4 4 4 2 2 2 0 9 -1 -1 -1 -1 -1 -1 -1 -1 -1 -1 -1 -1 -1 -1 -1 -1 -1 -1 -1 -1 -1 -1 -1 -1 -1
8 8 4 4 4 4 4 6 6 6 8 8 10 10 10 6 6 6 8 8 8 8 6 5 5 12 12 6 6 8 8 6 6 6 7 7 7 8 10 10 10 3 3 3 5 5 5 5 5 5 6 9 9 9 9 9 9 9 9 11 11 11 11 11 7 7 7 7 7 7 7 7 7 7 7 7 4 4 4 4 4 11 7 7 7 5 5 5 5 5 9 5 5 5 9 9 9 9 9 9 9 8 8 8 11 11 11 11 11 11 11 7 9 9 9 11 11 11 11 11 11 11 11 11 9 9 9 9 9 9 9 9 8 11 11 11 11 11 11 11 5 5 5 5 5 5 5 5 9 9 9 9 0 -1 -1 -1 -1 -1 -1 -1 -1 -1 -1 -1 -1 -1 -1 -1 -1 -1 -1 -1 -1 -1 -1 -1 -1 -1
-1 -1 -1 -1 -1 -1 -1 -1 -1 -1 -1 -1 -1 -1 -1 -1 -1 -1 -1 -1 -1 -1 -1 -1 -1 -1 -1 -1 -1 -1 -1 -1 -1 -1 -1 -1 -1 -1 -1 -1 -1 -1 -1 -1 -1 -1 -1 -1 -1 -1 -1 -1 -1 -1 -1 -1 -1 -1 -1 -1 -1 -1 -1 -1 -1 -1 -1 -1 -1 -1 -1 -1 -1 -1 -1 -1 -1 -1 -1 -1 -1 -1 -1 -1 -1 -1 -1 -1 -1 -1 -1 -1 -1 -1 -1 -1 -1 -1 -1 -1 -1 -1 -1 -1 -1 -1 -1 -1 -1 -1 -1 -1 -1 -1 -1 -1 -1 -1 -1 -1 -1 -1 -1 -1 -1 -1 -1 -1 -1 -1 -1 -1 -1 -1 -1 -1 -1 -1 -1 -1 -1 -1 -1 -1 -1 -1 -1 -1 -1 -1 -1 -1 -1 0 -1 -1 -1 -1 -1 -1 -1 -1 -1 -1 -1 -1 -1 -1 -1 -1 -1 -1 -1 -1 -1 -1 -1 -1
-1 -1 -1 -1 -1 -1 -1 -1 -1 -1 -1 -1 -1 -1 -1 -1 -1 -1 -1 -1 -1 -1 -1 -1 -1 -1 -1 -1 -1 -1 -1 -1 -1 -1 -1 -1 -1 -1 -1 -1 -1 -1 -1 -1 -1 -1 -1 -1 -1 -1 -1 -1 -1 -1 -1 -1 -1 -1 -1 -1 -1 -1 -1 -1 -1 -1 -1 -1 -1 -1 -1 -1 -1 -1 -1 -1 -1 -1 -1 -1 -1 -1 -1 -1 -1 -1 -1 -1 -1 -1 -1 -1 -1 -1 -1 -1 -1 -1 -1 -1 -1 -1 -1 -1 -1 -1 -1 -1 -1 -1 -1 -1 -1 -1 -1 -1 -1 -1 -1 -1 -1 -1 -1 -1 -1 -1 -1 -1 -1 -1 -1 -1 -1 -1 -1 -1 -1 -1 -1 -1 -1 -1 -1 -1 -1 -1 -1 -1 -1 -1 -1 -1 -1 -1 0 -1 -1 -1 -1 -1 -1 -1 -1 -1 -1 -1 -1 -1 -1 -1 -1 -1 -1 -1 -1 -1 -1 -1
-1 -1 -1 -1 -1 -1 -1 -1 -1 -1 -1 -1 -1 -1 -1 -1 -1 -1 -1 -1 -1 -1 -1 -1 -1 -1 -1 -1 -1 -1 -1 -1 -1 -1 -1 -1 -1 -1 -1 -1 -1 -1 -1 -1 -1 -1 -1 -1 -1 -1 -1 -1 -1 -1 -1 -1 -1 -1 -1 -1 -1 -1 -1 -1 -1 -1 -1 -1 -1 -1 -1 -1 -1 -1 -1 -1 -1 -1 -1 -1 -1 -1 -1 -1 -1 -1 -1 -1 -1 -1 -1 -1 -1 -1 -1 -1 -1 -1 -1 -1 -1 -1 -1 -1 -1 -1 -1 -1 -1 -1 -1 -1 -1 -1 -1 -1 -1 -1 -1 -1 -1 -1 -1 -1 -1 -1 -1 -1 -1 -1 -1 -1 -1 -1 -1 -1 -1 -1 -1 -1 -1 -1 -1 -1 -1 -1 -1 -1 -1 -1 -1 -1 -1 -1 -1 0 -1 -1 -1 -1 -1 -1 -1 -1 -1 -1 -1 -1 -1 -1 -1 -1 -1 -1 -1 -1 -1 -1
-1 -1 -1 -1 -1 -1 -1 -1 -1 -1 -1 -1 -1 -1 -1 -1 -1 -1 -1 -1 -1 -1 -1 -1 -1 -1 -1 -1 -1 -1 -1 -1 -1 -1 -1 -1 -1 -1 -1 -1 -1 -1 -1 -1 -1 -1 -1 -1 -1 -1 -1 -1 -1 -1 -1 -1 -1 -1 -1 -1 -1 -1 -1 -1 -1 -1 -1 -1 -1 -1 -1 -1 -1 -1 -1 -1 -1 -1 -1 -1 -1 -1 -1 -1 -1 -1 -1 -1 -1 -1 -1 -1 -1 -1 -1 -1 -1 -1 -1 -1 -1 -1 -1 -1 -1 -1 -1 -1 -1 -1 -1 -1 -1 -1 -1 -1 -1 -1 -1 -1 -1 -1 -1 -1 -1 -1 -1 -1 -1 -1 -1 -1 -1 -1 -1 -1 -1 -1 -1 -1 -1 -1 -1 -1 -1 -1 -1 -1 -1 -1 -1 -1 -1 -1 -1 -1 0 -1 -1 -1 -1 -1 -1 -1 -1 -1 -1 -1 -1 -1 -1 -1 -1 -1 -1 -1 -1 -1
-1 -1 -1 -1 -1 -1 -1 -1 -1 -1 -1 -1 -1 -1 -1 -1 -1 -1 -1 -1 -1 -1 -1 -1 -1 -1 -1 -1 -1 -1 -1 -1 -1 -1 -1 -1 -1 -1 -1 -1 -1 -1 -1 -1 -1 -1 -1 -1 -1 -1 -1 -1 -1 -1 -1 -1 -1 -1 -1 -1 -1 -1 -1 -1 -1 -1 -1 -1 -1 -1 -1 -1 -1 -1 -1 -1 -1 -1 -1 -1 -1 -1 -1 -1 -1 -1 -1 -1 -1 -1 -1 -1 -1 -1 -1 -1 -1 -1 -1 -1 -1 -1 -1 -1 -1 -1 -1 -1 -1 -1 -1 -1 -1 -1 -1 -1 -1 -1 -1 -1 -1 -1 -1 -1 -1 -1 -1 -1 -1 -1 -1 -1 -1 -1 -1 -1 -1 -1 -1 -1 -1 -1 -1 -1 -1 -1 -1 -1 -1 -1 -1 -1 -1 -1 -1 -1 -1 0 -1 -1 -1 -1 -1 -1 -1 -1 -1 -1 -1 -1 -1 -1 -1 -1 -1 -1 -1 -1
-1 -1 -1 -1 -1 -1 -1 -1 -1 -1 -1 -1 -1 -1 -1 -1 -1 -1 -1 -1 -1 -1 -1 -1 -1 -1 -1 -1 -1 -1 -1 -1 -1 -1 -1 -1 -1 -1 -1 -1 -1 -1 -1 -1 -1 -1 -1 -1 -1 -1 -1 -1 -1 -1 -1 -1 -1 -1 -1 -1 -1 -1 -1 -1 -1 -1 -1 -1 -1 -1 -1 -1 -1 -1 -1 -1 -1 -1 -1 -1 -1 -1 -1 -1 -1 -1 -1 -1 -1 -1 -1 -1 -1 -1 -1 -1 -1 -1 -1 -1 -1 -1 -1 -1 -1 -1 -1 -1 -1 -1 -1 -1 -1 -1 -1 -1 -1 -1 -1 -1 -1 -1 -1 -1 -1 -1 -1 -1 -1 -1 -1 -1 -1 -1 -1 -1 -1 -1 -1 -1 -1 -1 -1 -1 -1 -1 -1 -1 -1 -1 -1 -1 -1 -1 -1 -1 -1 -1 0 -1 -1 -1 -1 -1 -1 -1 -1 -1 -1 -1 -1 -1 -1 -1 -1 -1 -1 -1
-1 -1 -1 -1 -1 -1 -1 -1 -1 -1 -1 -1 -1 -1 -1 -1 -1 -1 -1 -1 -1 -1 -1 -1 -1 -1 -1 -1 -1 -1 -1 -1 -1 -1 -1 -1 -1 -1 -1 -1 -1 -1 -1 -1 -1 -1 -1 -1 -1 -1 -1 -1 -1 -1 -1 -1 -1 -1 -1 -1 -1 -1 -1 -1 -1 -1 -1 -1 -1 -1 -1 -1 -1 -1 -1 -1 -1 -1 -1 -1 -1 -1 -1 -1 -1 -1 -1 -1 -1 -1 -1 -1 -1 -1 -1 -1 -1 -1 -1 -1 -1 -1 -1 -1 -1 -1 -1 -1 -1 -1 -1 -1 -1 -1 -1 -1 -1 -1 -1 -1 -1 -1 -1 -1 -1 -1 -1 -1 -1 -1 -1 -1 -1 -1 -1 -1 -1 -1 -1 -1 -1 -1 -1 -1 -1 -1 -1 -1 -1 -1 -1 -1 -1 -1 -1 -1 -1 -1 -1 0 -1 -1 -1 -1 -1 -1 -1 -1 -1 -1 -1 -1 -1 -1 -1 -1 -1 -1
-1 -1 -1 -1 -1 -1 -1 -1 -1 -1 -1 -1 -1 -1 -1 -1 -1 -1 -1 -1 -1 -1 -1 -1 -1 -1 -1 -1 -1 -1 -1 -1 -1 -1 -1 -1 -1 -1 -1 -1 -1 -1 -1 -1 -1 -1 -1 -1 -1 -1 -1 -1 -1 -1 -1 -1 -1 -1 -1 -1 -1 -1 -1 -1 -1 -1 -1 -1 -1 -1 -1 -1 -1 -1 -1 -1 -1 -1 -1 -1 -1 -1 -1 -1 -1 -1 -1 -1 -1 -1 -1 -1 -1 -1 -1 -1 -1 -1 -1 -1 -1 -1 -1 -1 -1 -1 -1 -1 -1 -1 -1 -1 -1 -1 -1 -1 -1 -1 -1 -1 -1 -1 -1 -1 -1 -1 -1 -1 -1 -1 -1 -1 -1 -1 -1 -1 -1 -1 -1 -1 -1 -1 -1 -1 -1 -1 -1 -1 -1 -1 -1 -1 -1 -1 -1 -1 -1 -1 -1 -1 0 -1 -1 -1 -1 -1 -1 -1 -1 -1 -1 -1 -1 -1 -1 -1 -1 -1
-1 -1 -1 -1 -1 -1 -1 -1 -1 -1 -1 -1 -1 -1 -1 -1 -1 -1 -1 -1 -1 -1 -1 -1 -1 -1 -1 -1 -1 -1 -1 -1 -1 -1 -1 -1 -1 -1 -1 -1 -1 -1 -1 -1 -1 -1 -1 -1 -1 -1 -1 -1 -1 -1 -1 -1 -1 -1 -1 -1 -1 -1 -1 -1 -1 -1 -1 -1 -1 -1 -1 -1 -1 -1 -1 -1 -1 -1 -1 -1 -1 -1 -1 -1 -1 -1 -1 -1 -1 -1 -1 -1 -1 -1 -1 -1 -1 -1 -1 -1 -1 -1 -1 -1 -1 -1 -1 -1 -1 -1 -1 -1 -1 -1 -1 -1 -1 -1 -1 -1 -1 -1 -1 -1 -1 -1 -1 -1 -1 -1 -1 -1 -1 -1 -1 -1 -1 -1 -1 -1 -1 -1 -1 -1 -1 -1 -1 -1 -1 -1 -1 -1 -1 -1 -1 -1 -1 -1 -1 -1 -1 0 -1 -1 -1 -1 -1 -1 -1 -1 -1 -1 -1 -1 -1 -1 -1 -1
-1 -1 -1 -1 -1 -1 -1 -1 -1 -1 -1 -1 -1 -1 -1 -1 -1 -1 -1 -1 -1 -1 -1 -1 -1 -1 -1 -1 -1 -1 -1 -1 -1 -1 -1 -1 -1 -1 -1 -1 -1 -1 -1 -1 -1 -1 -1 -1 -1 -1 -1 -1 -1 -1 -1 -1 -1 -1 -1 -1 -1 -1 -1 -1 -1 -1 -1 -1 -1 -1 -1 -1 -1 -1 -1 -1 -1 -1 -1 -1 -1 -1 -1 -1 -1 -1 -1 -1 -1 -1 -1 -1 -1 -1 -1 -1 -1 -1 -1 -1 -1 -1 -1 -1 -1 -1 -1 -1 -1 -1 -1 -1 -1 -1 -1 -1 -1 -1 -1 -1 -1 -1 -1 -1 -1 -1 -1 -1 -1 -1 -1 -1 -1 -1 -1 -1 -1 -1 -1 -1 -1 -1 -1 -1 -1 -1 -1 -1 -1 -1 -1 -1 -1 -1 -1 -1 -1 -1 -1 -1 -1 -1 0 -1 -1 -1 -1 -1 -1 -1 -1 -1 -1 -1 -1 -1 -1 -1
-1 -1 -1 -1 -1 -1 -1 -1 -1 -1 -1 -1 -1 -1 -1 -1 -1 -1 -1 -1 -1 -1 -1 -1 -1 -1 -1 -1 -1 -1 -1 -1 -1 -1 -1 -1 -1 -1 -1 -1 -1 -1 -1 -1 -1 -1 -1 -1 -1 -1 -1 -1 -1 -1 -1 -1 -1 -1 -1 -1 -1 -1 -1 -1 -1 -1 -1 -1 -1 -1 -1 -1 -1 -1 -1 -1 -1 -1 -1 -1 -1 -1 -1 -1 -1 -1 -1 -1 -1 -1 -1 -1 -1 -1 -1 -1 -1 -1 -1 -1 -1 -1 -1 -1 -1 -1 -1 -1 -1 -1 -1 -1 -1 -1 -1 -1 -1 -1 -1 -1 -1 -1 -1 -1 -1 -1 -1 -1 -1 -1 -1 -1 -1 -1 -1 -1 -1 -1 -1 -1 -1 -1 -1 -1 -1 -1 -1 -1 -1 -1 -1 -1 -1 -1 -1 -1 -1 -1 -1 -1 -1 -1 -1 0 -1 -1 -1 -1 -1 -1 -1 -1 -1 -1 -1 -1 -1 -1
-1 -1 -1 -1 -1 -1 -1 -1 -1 -1 -1 -1 -1 -1 -1 -1 -1 -1 -1 -1 -1 -1 -1 -1 -1 -1 -1 -1 -1 -1 -1 -1 -1 -1 -1 -1 -1 -1 -1 -1 -1 -1 -1 -1 -1 -1 -1 -1 -1 -1 -1 -1 -1 -1 -1 -1 -1 -1 -1 -1 -1 -1 -1 -1 -1 -1 -1 -1 -1 -1 -1 -1 -1 -1 -1 -1 -1 -1 -1 -1 -1 -1 -1 -1 -1 -1 -1 -1 -1 -1 -1 -1 -1 -1 -1 -1 -1 -1 -1 -1 -1 -1 -1 -1 -1 -1 -1 -1 -1 -1 -1 -1 -1 -1 -1 -1 -1 -1 -1 -1 -1 -1 -1 -1 -1 -1 -1 -1 -1 -1 -1 -1 -1 -1 -1 -1 -1 -1 -1 -1 -1 -1 -1 -1 -1 -1 -1 -1 -1 -1 -1 -1 -1 -1 -1 -1 -1 -1 -1 -1 -1 -1 -1 -1 0 -1 -1 -1 -1 -1 -1 -1 -1 -1 -1 -1 -1 -1
-1 -1 -1 -1 -1 -1 -1 -1 -1 -1 -1 -1 -1 -1 -1 -1 -1 -1 -1 -1 -1 -1 -1 -1 -1 -1 -1 -1 -1 -1 -1 -1 -1 -1 -1 -1 -1 -1 -1 -1 -1 -1 -1 -1 -1 -1 -1 -1 -1 -1 -1 -1 -1 -1 -1 -1 -1 -1 -1 -1 -1 -1 -1 -1 -1 -1 -1 -1 -1 -1 -1 -1 -1 -1 -1 -1 -1 -1 -1 -1 -1 -1 -1 -1 -1 -1 -1 -1 -1 -1 -1 -1 -1 -1 -1 -1 -1 -1 -1 -1 -1 -1 -1 -1 -1 -1 -1 -1 -1 -1 -1 -1 -1 -1 -1 -1 -1 -1 -1 -1 -1 -1 -1 -1 -1 -1 -1 -1 -1 -1 -1 -1 -1 -1 -1 -1 -1 -1 -1 -1 -1 -1 -1 -1 -1 -1 -1 -1 -1 -1 -1 -1 -1 -1 -1 -1 -1 -1 -1 -1 -1 -1 -1 -1 -1 0 -1 -1 -1 -1 -1 -1 -1 -1 -1 -1 -1 -1
-1 -1 -1 -1 -1 -1 -1 -1 -1 -1 -1 -1 -1 -1 -1 -1 -1 -1 -1 -1 -1 -1 -1 -1 -1 -1 -1 -1 -1 -1 -1 -1 -1 -1 -1 -1 -1 -1 -1 -1 -1 -1 -1 -1 -1 -1 -1 -1 -1 -1 -1 -1 -1 -1 -1 -1 -1 -1 -1 -1 -1 -1 -1 -1 -1 -1 -1 -1 -1 -1 -1 -1 -1 -1 -1 -1 -1 -1 -1 -1 -1 -1 -1 -1 -1 -1 -1 -1 -1 -1 -1 -1 -1 -1 -1 -1 -1 -1 -1 -1 -1 -1 -1 -1 -1 -1 -1 -1 -1 -1 -1 -1 -1 -1 -1 -1 -1 -1 -1 -1 -1 -1 -1 -1 -1 -1 -1 -1 -1 -1 -1 -1 -1 -1 -1 -1 -1 -1 -1 -1 -1 -1 -1 -1 -1 -1 -1 -1 -1 -1 -1 -1 -1 -1 -1 -1 -1 -1 -1 -1 -1 -1 -1 -1 -1 -1 0 -1 -1 -1 -1 -1 -1 -1 -1 -1 -1 -1
-1 -1 -1 -1 -1 -1 -1 -1 -1 -1 -1 -1 -1 -1 -1 -1 -1 -1 -1 -1 -1 -1 -1 -1 -1 -1 -1 -1 -1 -1 -1 -1 -1 -1 -1 -1 -1 -1 -1 -1 -1 -1 -1 -1 -1 -1 -1 -1 -1 -1 -1 -1 -1 -1 -1 -1 -1 -1 -1 -1 -1 -1 -1 -1 -1 -1 -1 -1 -1 -1 -1 -1 -1 -1 -1 -1 -1 -1 -1 -1 -1 -1 -1 -1 -1 -1 -1 -1 -1 -1 -1 -1 -1 -1 -1 -1 -1 -1 -1 -1 -1 -1 -1 -1 -1 -1 -1 -1 -1 -1 -1 -1 -1 -1 -1 -1 -1 -1 -1 -1 -1 -1 -1 -1 -1 -1 -1 -1 -1 -1 -1 -1 -1 -1 -1 -1 -1 -1 -1 -1 -1 -1 -1 -1 -1 -1 -1 -1 -1 -1 -1 -1 -1 -1 -1 -1 -1 -1 -1 -1 -1 -1 -1 -1 -1 -1 -1 0 -1 -1 -1 -1 -1 -1 -1 -1 -1 -1
-1 -1 -1 -1 -1 -1 -1 -1 -1 -1 -1 -1 -1 -1 -1 -1 -1 -1 -1 -1 -1 -1 -1 -1 -1 -1 -1 -1 -1 -1 -1 -1 -1 -1 -1 -1 -1 -1 -1 -1 -1 -1 -1 -1 -1 -1 -1 -1 -1 -1 -1 -1 -1 -1 -1 -1 -1 -1 -1 -1 -1 -1 -1 -1 -1 -1 -1 -1 -1 -1 -1 -1 -1 -1 -1 -1 -1 -1 -1 -1 -1 -1 -1 -1 -1 -1 -1 -1 -1 -1 -1 -1 -1 -1 -1 -1 -1 -1 -1 -1 -1 -1 -1 -1 -1 -1 -1 -1 -1 -1 -1 -1 -1 -1 -1 -1 -1 -1 -1 -1 -1 -1 -1 -1 -1 -1 -1 -1 -1 -1 -1 -1 -1 -1 -1 -1 -1 -1 -1 -1 -1 -1 -1 -1 -1 -1 -1 -1 -1 -1 -1 -1 -1 -1 -1 -1 -1 -1 -1 -1 -1 -1 -1 -1 -1 -1 -1 -1 0 -1 -1 -1 -1 -1 -1 -1 -1 -1
-1 -1 -1 -1 -1 -1 -1 -1 -1 -1 -1 -1 -1 -1 -1 -1 -1 -1 -1 -1 -1 -1 -1 -1 -1 -1 -1 -1 -1 -1 -1 -1 -1 -1 -1 -1 -1 -1 -1 -1 -1 -1 -1 -1 -1 -1 -1 -1 -1 -1 -1 -1 -1 -1 -1 -1 -1 -1 -1 -1 -1 -1 -1 -1 -1 -1 -1 -1 -1 -1 -1 -1 -1 -1 -1 -1 -1 -1 -1 -1 -1 -1 -1 -1 -1 -1 -1 -1 -1 -1 -1 -1 -1 -1 -1 -1 -1 -1 -1 -1 -1 -1 -1 -1 -1 -1 -1 -1 -1 -1 -1 -1 -1 -1 -1 -1 -1 -1 -1 -1 -1 -1 -1 -1 -1 -1 -1 -1 -1 -1 -1 -1 -1 -1 -1 -1 -1 -1 -1 -1 -1 -1 -1 -1 -1 -1 -1 -1 -1 -1 -1 -1 -1 -1 -1 -1 -1 -1 -1 -1 -1 -1 -1 -1 -1 -1 -1 -1 -1 0 -1 -1 -1 -1 -1 -1 -1 -1
-1 -1 -1 -1 -1 -1 -1 -1 -1 -1 -1 -1 -1 -1 -1 -1 -1 -1 -1 -1 -1 -1 -1 -1 -1 -1 -1 -1 -1 -1 -1 -1 -1 -1 -1 -1 -1 -1 -1 -1 -1 -1 -1 -1 -1 -1 -1 -1 -1 -1 -1 -1 -1 -1 -1 -1 -1 -1 -1 -1 -1 -1 -1 -1 -1 -1 -1 -1 -1 -1 -1 -1 -1 -1 -1 -1 -1 -1 -1 -1 -1 -1 -1 -1 -1 -1 -1 -1 -1 -1 -1 -1 -1 -1 -1 -1 -1 -1 -1 -1 -1 -1 -1 -1 -1 -1 -1 -1 -1 -1 -1 -1 -1 -1 -1 -1 -1 -1 -1 -1 -1 -1 -1 -1 -1 -1 -1 -1 -1 -1 -1 -1 -1 -1 -1 -1 -1 -1 -1 -1 -1 -1 -1 -1 -1 -1 -1 -1 -1 -1 -1 -1 -1 -1 -1 -1 -1 -1 -1 -1 -1 -1 -1 -1 -1 -1 -1 -1 -1 -1 0 -1 -1 -1 -1 -1 -1 -1
-1 -1 -1 -1 -1 -1 -1 -1 -1 -1 -1 -1 -1 -1 -1 -1 -1 -1 -1 -1 -1 -1 -1 -1 -1 -1 -1 -1 -1 -1 -1 -1 -1 -1 -1 -1 -1 -1 -1 -1 -1 -1 -1 -1 -1 -1 -1 -1 -1 -1 -1 -1 -1 -1 -1 -1 -1 -1 -1 -1 -1 -1 -1 -1 -1 -1 -1 -1 -1 -1 -1 -1 -1 -1 -1 -1 -1 -1 -1 -1 -1 -1 -1 -1 -1 -1 -1 -1 -1 -1 -1 -1 -1 -1 -1 -1 -1 -1 -1 -1 -1 -1 -1 -1 -1 -1 -1 -1 -1 -1 -1 -1 -1 -1 -1 -1 -1 -1 -1 -1 -1 -1 -1 -1 -1 -1 -1 -1 -1 -1 -1 -1 -1 -1 -1 -1 -1 -1 -1 -1 -1 -1 -1 -1 -1 -1 -1 -1 -1 -1 -1 -1 -1 -1 -1 -1 -1 -1 -1 -1 -1 -1 -1 -1 -1 -1 -1 -1 -1 -1 -1 0 -1 -1 -1 -1 -1 -1
-1 -1 -1 -1 -1 -1 -1 -1 -1 -1 -1 -1 -1 -1 -1 -1 -1 -1 -1 -1 -1 -1 -1 -1 -1 -1 -1 -1 -1 -1 -1 -1 -1 -1 -1 -1 -1 -1 -1 -1 -1 -1 -1 -1 -1 -1 -1 -1 -1 -1 -1 -1 -1 -1 -1 -1 -1 -1 -1 -1 -1 -1 -1 -1 -1 -1 -1 -1 -1 -1 -1 -1 -1 -1 -1 -1 -1 -1 -1 -1 -1 -1 -1 -1 -1 -1 -1 -1 -1 -1 -1 -1 -1 -1 -1 -1 -1 -1 -1 -1 -1 -1 -1 -1 -1 -1 -1 -1 -1 -1 -1 -1 -1 -1 -1 -1 -1 -1 -1 -1 -1 -1 -1 -1 -1 -1 -1 -1 -1 -1 -1 -1 -1 -1 -1 -1 -1 -1 -1 -1 -1 -1 -1 -1 -1 -1 -1 -1 -1 -1 -1 -1 -1 -1 -1 -1 -1 -1 -1 -1 -1 -1 -1 -1 -1 -1 -1 -1 -1 -1 -1 -1 0 -1 -1 -1 -1 -1
-1 -1 -1 -1 -1 -1 -1 -1 -1 -1 -1 -1 -1 -1 -1 -1 -1 -1 -1 -1 -1 -1 -1 -1 -1 -1 -1 -1 -1 -1 -1 -1 -1 -1 -1 -1 -1 -1 -1 -1 -1 -1 -1 -1 -1 -1 -1 -1 -1 -1 -1 -1 -1 -1 -1 -1 -1 -1 -1 -1 -1 -1 -1 -1 -1 -1 -1 -1 -1 -1 -1 -1 -1 -1 -1 -1 -1 -1 -1 -1 -1 -1 -1 -1 -1 -1 -1 -1 -1 -1 -1 -1 -1 -1 -1 -1 -1 -1 -1 -1 -1 -1 -1 -1 -1 -1 -1 -1 -1 -1 -1 -1 -1 -1 -1 -1 -1 -1 -1 -1 -1 -1 -1 -1 -1 -1 -1 -1 -1 -1 -1 -1 -1 -1 -1 -1 -1 -1 -1 -1 -1 -1 -1 -1 -1 -1 -1 -1 -1 -1 -1 -1 -1 -1 -1 -1 -1 -1 -1 -1 -1 -1 -1 -1 -1 -1 -1 -1 -1 -1 -1 -1 -1 0 -1 -1 -1 -1
-1 -1 -1 -1 -1 -1 -1 -1 -1 -1 -1 -1 -1 -1 -1 -1 -1 -1 -1 -1 -1 -1 -1 -1 -1 -1 -1 -1 -1 -1 -1 -1 -1 -1 -1 -1 -1 -1 -1 -1 -1 -1 -1 -1 -1 -1 -1 -1 -1 -1 -1 -1 -1 -1 -1 -1 -1 -1 -1 -1 -1 -1 -1 -1 -1 -1 -1 -1 -1 -1 -1 -1 -1 -1 -1 -1 -1 -1 -1 -1 -1 -1 -1 -1 -1 -1 -1 -1 -1 -1 -1 -1 -1 -1 -1 -1 -1 -1 -1 -1 -1 -1 -1 -1 -1 -1 -1 -1 -1 -1 -1 -1 -1 -1 -1 -1 -1 -1 -1 -1 -1 -1 -1 -1 -1 -1 -1 -1 -1 -1 -1 -1 -1 -1 -1 -1 -1 -1 -1 -1 -1 -1 -1 -1 -1 -1 -1 -1 -1 -1 -1 -1 -1 -1 -1 -1 -1 -1 -1 -1 -1 -1 -1 -1 -1 -1 -1 -1 -1 -1 -1 -1 -1 -1 0 -1 -1 -1
-1 -1 -1 -1 -1 -1 -1 -1 -1 -1 -1 -1 -1 -1 -1 -1 -1 -1 -1 -1 -1 -1 -1 -1 -1 -1 -1 -1 -1 -1 -1 -1 -1 -1 -1 -1 -1 -1 -1 -1 -1 -1 -1 -1 -1 -1 -1 -1 -1 -1 -1 -1 -1 -1 -1 -1 -1 -1 -1 -1 -1 -1 -1 -1 -1 -1 -1 -1 -1 -1 -1 -1 -1 -1 -1 -1 -1 -1 -1 -1 -1 -1 -1 -1 -1 -1 -1 -1 -1 -1 -1 -1 -1 -1 -1 -1 -1 -1 -1 -1 -1 -1 -1 -1 -1 -1 -1 -1 -1 -1 -1 -1 -1 -1 -1 -1 -1 -1 -1 -1 -1 -1 -1 -1 -1 -1 -1 -1 -1 -1 -1 -1 -1 -1 -1 -1 -1 -1 -1 -1 -1 -1 -1 -1 -1 -1 -1 -1 -1 -1 -1 -1 -1 -1 -1 -1 -1 -1 -1 -1 -1 -1 -1 -1 -1 -1 -1 -1 -1 -1 -1 -1 -1 -1 -1 0 -1 -1
-1 -1 -1 -1 -1 -1 -1 -1 -1 -1 -1 -1 -1 -1 -1 -1 -1 -1 -1 -1 -1 -1 -1 -1 -1 -1 -1 -1 -1 -1 -1 -1 -1 -1 -1 -1 -1 -1 -1 -1 -1 -1 -1 -1 -1 -1 -1 -1 -1 -1 -1 -1 -1 -1 -1 -1 -1 -1 -1 -1 -1 -1 -1 -1 -1 -1 -1 -1 -1 -1 -1 -1 -1 -1 -1 -1 -1 -1 -1 -1 -1 -1 -1 -1 -1 -1 -1 -1 -1 -1 -1 -1 -1 -1 -1 -1 -1 -1 -1 -1 -1 -1 -1 -1 -1 -1 -1 -1 -1 -1 -1 -1 -1 -1 -1 -1 -1 -1 -1 -1 -1 -1 -1 -1 -1 -1 -1 -1 -1 -1 -1 -1 -1 -1 -1 -1 -1 -1 -1 -1 -1 -1 -1 -1 -1 -1 -1 -1 -1 -1 -1 -1 -1 -1 -1 -1 -1 -1 -1 -1 -1 -1 -1 -1 -1 -1 -1 -1 -1 -1 -1 -1 -1 -1 -1 -1 0 -1
-1 -1 -1 -1 -1 -1 -1 -1 -1 -1 -1 -1 -1 -1 -1 -1 -1 -1 -1 -1 -1 -1 -1 -1 -1 -1 -1 -1 -1 -1 -1 -1 -1 -1 -1 -1 -1 -1 -1 -1 -1 -1 -1 -1 -1 -1 -1 -1 -1 -1 -1 -1 -1 -1 -1 -1 -1 -1 -1 -1 -1 -1 -1 -1 -1 -1 -1 -1 -1 -1 -1 -1 -1 -1 -1 -1 -1 -1 -1 -1 -1 -1 -1 -1 -1 -1 -1 -1 -1 -1 -1 -1 -1 -1 -1 -1 -1 -1 -1 -1 -1 -1 -1 -1 -1 -1 -1 -1 -1 -1 -1 -1 -1 -1 -1 -1 -1 -1 -1 -1 -1 -1 -1 -1 -1 -1 -1 -1 -1 -1 -1 -1 -1 -1 -1 -1 -1 -1 -1 -1 -1 -1 -1 -1 -1 -1 -1 -1 -1 -1 -1 -1 -1 -1 -1 -1 -1 -1 -1 -1 -1 -1 -1 -1 -1 -1 -1 -1 -1 -1 -1 -1 -1 -1 -1 -1 -1 0
