0 2 9 9 9 4 4 4 9 9 4 4 5 5 5 5 5 5 5 10 10 5 5 5 5 5 5 9 5 5 5 5 5 5 5 5
2 0 9 9 9 4 4 4 9 9 4 4 5 5 5 5 5 5 5 10 10 5 5 5 5 5 5 9 5 5 5 5 5 5 5 5
9 9 0 2 2 4 4 4 4 4 9 9 4 4 4 4 4 4 4 5 5 5 5 5 5 5 3 4 5 5 5 5 5 5 5 5
9 9 2 0 2 4 4 4 4 4 9 9 4 4 4 4 4 4 4 5 5 5 5 5 5 5 1 4 5 5 5 5 5 5 5 5
9 9 2 2 0 4 4 4 4 4 9 9 4 4 4 4 4 4 4 5 5 5 5 5 5 5 3 4 5 5 5 5 5 5 5 5
4 4 4 4 4 0 2 2 4 4 4 4 4 4 4 4 4 4 4 5 5 3 3 3 3 3 3 4 3 3 3 3 3 3 3 3
4 4 4 4 4 2 0 2 4 4 4 4 4 4 4 4 4 4 4 5 5 3 3 3 3 3 3 4 1 1 1 1 1 1 1 1
4 4 4 4 4 2 2 0 4 4 4 4 4 4 4 4 4 4 4 5 5 1 1 1 1 1 3 4 3 3 3 3 3 3 3 3
9 9 4 4 4 4 4 4 0 2 9 9 4 4 4 4 4 4 4 1 1 5 5 5 5 5 5 4 5 5 5 5 5 5 5 5
9 9 4 4 4 4 4 4 2 0 9 9 4 4 4 4 4 4 4 3 3 5 5 5 5 5 5 4 5 5 5 5 5 5 5 5
4 4 9 9 9 4 4 4 9 9 0 2 3 3 3 3 3 3 3 10 10 4 4 4 4 4 5 9 5 5 5 5 5 5 5 5
4 4 9 9 9 4 4 4 9 9 2 0 3 3 3 3 3 3 3 10 10 4 4 4 4 4 5 9 5 5 5 5 5 5 5 5
5 5 4 4 4 4 4 4 4 4 3 3 0 2 2 2 2 2 2 5 5 5 5 5 5 5 5 4 5 5 5 5 5 5 5 5
5 5 4 4 4 4 4 4 4 4 3 3 2 0 2 2 2 2 2 5 5 5 5 5 5 5 5 4 5 5 5 5 5 5 5 5
5 5 4 4 4 4 4 4 4 4 3 3 2 2 0 2 2 2 2 5 5 5 5 5 5 5 5 4 5 5 5 5 5 5 5 5
5 5 4 4 4 4 4 4 4 4 3 3 2 2 2 0 2 2 2 5 5 5 5 5 5 5 5 4 5 5 5 5 5 5 5 5
5 5 4 4 4 4 4 4 4 4 3 3 2 2 2 2 0 2 2 5 5 5 5 5 5 5 5 4 5 5 5 5 5 5 5 5
5 5 4 4 4 4 4 4 4 4 3 3 2 2 2 2 2 0 2 5 5 5 5 5 5 5 5 4 5 5 5 5 5 5 5 5
5 5 4 4 4 4 4 4 4 4 3 3 2 2 2 2 2 2 0 5 5 5 5 5 5 5 5 4 5 5 5 5 5 5 5 5
10 10 5 5 5 5 5 5 1 3 10 10 5 5 5 5 5 5 5 0 2 6 6 6 6 6 6 5 6 6 6 6 6 6 6 6
10 10 5 5 5 5 5 5 1 3 10 10 5 5 5 5 5 5 5 2 0 6 6 6 6 6 6 5 6 6 6 6 6 6 6 6
5 5 5 5 5 3 3 1 5 5 4 4 5 5 5 5 5 5 5 6 6 0 2 2 2 2 4 5 4 4 4 4 4 4 4 4
5 5 5 5 5 3 3 1 5 5 4 4 5 5 5 5 5 5 5 6 6 2 0 2 2 2 4 5 4 4 4 4 4 4 4 4
5 5 5 5 5 3 3 1 5 5 4 4 5 5 5 5 5 5 5 6 6 2 2 0 2 2 4 5 4 4 4 4 4 4 4 4
5 5 5 5 5 3 3 1 5 5 4 4 5 5 5 5 5 5 5 6 6 2 2 2 0 2 4 5 4 4 4 4 4 4 4 4
5 5 5 5 5 3 3 1 5 5 4 4 5 5 5 5 5 5 5 6 6 2 2 2 2 0 4 5 4 4 4 4 4 4 4 4
5 5 3 1 3 3 3 3 5 5 5 5 5 5 5 5 5 5 5 6 6 4 4 4 4 4 0 5 4 4 4 4 4 4 4 4
9 9 4 4 4 4 4 4 4 4 9 9 4 4 4 4 4 4 4 5 5 5 5 5 5 5 5 0 5 5 5 5 5 5 5 5
5 5 5 5 5 3 1 3 5 5 5 5 5 5 5 5 5 5 5 6 6 4 4 4 4 4 4 5 0 2 2 2 2 2 2 2
5 5 5 5 5 3 1 3 5 5 5 5 5 5 5 5 5 5 5 6 6 4 4 4 4 4 4 5 2 0 2 2 2 2 2 2
5 5 5 5 5 3 1 3 5 5 5 5 5 5 5 5 5 5 5 6 6 4 4 4 4 4 4 5 2 2 0 2 2 2 2 2
5 5 5 5 5 3 1 3 5 5 5 5 5 5 5 5 5 5 5 6 6 4 4 4 4 4 4 5 2 2 2 0 2 2 2 2
5 5 5 5 5 3 1 3 5 5 5 5 5 5 5 5 5 5 5 6 6 4 4 4 4 4 4 5 2 2 2 2 0 2 2 2
5 5 5 5 5 3 1 3 5 5 5 5 5 5 5 5 5 5 5 6 6 4 4 4 4 4 4 5 2 2 2 2 2 0 2 2
5 5 5 5 5 3 1 3 5 5 5 5 5 5 5 5 5 5 5 6 6 4 4 4 4 4 4 5 2 2 2 2 2 2 0 2
5 5 5 5 5 3 1 3 5 5 5 5 5 5 5 5 5 5 5 6 6 4 4 4 4 4 4 5 2 2 2 2 2 2 2 0
