0 6 6 6 6 6 5 5 5 4 6 4 4 4 7 7 6 6 6 6 6 2 2 2
6 0 2 2 2 2 4 4 4 4 6 6 6 6 7 7 5 5 5 5 5 5 5 5
6 2 0 2 2 2 4 4 4 4 6 6 6 6 7 7 5 5 5 5 5 5 5 5
6 2 2 0 2 2 4 4 4 4 6 6 6 6 7 7 5 5 5 5 5 5 5 5
6 2 2 2 0 2 4 4 4 4 6 6 6 6 7 7 5 5 5 5 5 5 5 5
6 2 2 2 2 0 4 4 4 4 6 6 6 6 7 7 5 5 5 5 5 5 5 5
5 4 4 4 4 4 0 2 2 4 5 5 5 5 7 7 1 1 1 1 1 5 5 5
5 4 4 4 4 4 2 0 2 4 5 5 5 5 7 7 3 3 3 3 3 5 5 5
5 4 4 4 4 4 2 2 0 4 5 5 5 5 7 7 3 3 3 3 3 5 5 5
4 4 4 4 4 4 4 4 4 0 6 4 4 4 7 7 5 5 5 5 5 1 1 1
6 6 6 6 6 6 5 5 5 6 0 6 6 6 7 7 6 6 6 6 6 7 7 7
4 6 6 6 6 6 5 5 5 4 6 0 2 2 7 7 6 6 6 6 6 5 5 5
4 6 6 6 6 6 5 5 5 4 6 2 0 2 7 7 6 6 6 6 6 5 5 5
4 6 6 6 6 6 5 5 5 4 6 2 2 0 7 7 6 6 6 6 6 5 5 5
7 7 7 7 7 7 7 7 7 7 7 7 7 7 0 2 8 8 8 8 8 8 8 8
7 7 7 7 7 7 7 7 7 7 7 7 7 7 2 0 8 8 8 8 8 8 8 8
6 5 5 5 5 5 1 3 3 5 6 6 6 6 8 8 0 2 2 2 2 6 6 6
6 5 5 5 5 5 1 3 3 5 6 6 6 6 8 8 2 0 2 2 2 6 6 6
6 5 5 5 5 5 1 3 3 5 6 6 6 6 8 8 2 2 0 2 2 6 6 6
6 5 5 5 5 5 1 3 3 5 6 6 6 6 8 8 2 2 2 0 2 6 6 6
6 5 5 5 5 5 1 3 3 5 6 6 6 6 8 8 2 2 2 2 0 6 6 6
2 5 5 5 5 5 5 5 5 1 7 5 5 5 8 8 6 6 6 6 6 0 2 2
2 5 5 5 5 5 5 5 5 1 7 5 5 5 8 8 6 6 6 6 6 2 0 2
2 5 5 5 5 5 5 5 5 1 7 5 5 5 8 8 6 6 6 6 6 2 2 0
