0 7 7 7 10 10 10 10 10 10 7 7 7 7 11 11 11 11 11 11 8 10 12 12 12 5 6 8 4 4 4 4 4 4 5 5 9 9 11 11 4 4 4 4 4 4 17 17 17 7 7 17 17 17 17 12 6 6 6 6 12 12 12 8 6 6 6 6 6 6 5 5 5 5 5 5 5 7 7 7 7 7 8 8 8 8 8 8 8 8 8 8 8 8 8 8 8 8 9 9 9 18 18 9 7 5 5 5 6 6 6 6 6 6 6 8 3 3 3 3 3 3 10 10 10 8 8 8 8 8 8 8 8 8 5 5 5 5 5 5 5 6 4 5 5 5 3 6 3 3 3 8 10 10 10 10 10 10 5 5 5 5 5 5 5 5 5 5 3 3 3 3 3 3 3 13 12 12 8 8 8 8 8 5 5 5 5 6 6 6 6 6 6 8 8 8
7 0 2 2 9 9 9 9 9 5 4 4 4 4 8 8 8 8 8 8 5 5 11 11 11 8 6 5 7 7 7 7 7 7 8 8 8 8 6 6 4 4 7 7 7 7 16 16 16 4 4 16 16 16 16 11 6 6 6 6 11 11 11 5 9 9 9 9 9 9 6 6 6 6 6 6 8 6 6 6 6 6 5 5 5 5 5 5 5 3 3 3 3 3 3 3 3 3 6 6 6 17 17 10 7 8 8 8 6 6 6 6 6 6 6 5 6 6 6 6 6 6 8 8 8 4 4 4 4 4 4 4 4 4 3 3 3 8 8 8 8 7 6 5 5 5 8 7 6 6 6 3 8 8 8 8 8 8 8 8 8 8 8 8 8 8 8 8 8 8 8 8 8 8 8 12 7 7 5 5 5 5 5 8 8 8 8 9 9 9 9 9 9 5 5 5
7 2 0 2 9 9 9 9 9 5 4 4 4 4 8 8 8 8 8 8 5 5 11 11 11 8 6 5 7 7 7 7 7 7 8 8 8 8 6 6 4 4 7 7 7 7 16 16 16 4 4 16 16 16 16 11 6 6 6 6 11 11 11 5 9 9 9 9 9 9 6 6 6 6 6 6 8 6 6 6 6 6 5 5 5 5 5 5 5 3 3 3 3 3 3 3 3 3 6 6 6 17 17 10 7 8 8 8 6 6 6 6 6 6 6 5 6 6 6 6 6 6 8 8 8 4 4 4 4 4 4 4 4 4 3 3 3 8 8 8 8 7 6 5 5 5 8 7 6 6 6 1 8 8 8 8 8 8 8 8 8 8 8 8 8 8 8 8 8 8 8 8 8 8 8 12 7 7 5 5 5 5 5 8 8 8 8 9 9 9 9 9 9 5 5 5
7 2 2 0 9 9 9 9 9 5 4 4 4 4 8 8 8 8 8 8 5 5 11 11 11 8 6 5 7 7 7 7 7 7 8 8 8 8 6 6 4 4 7 7 7 7 16 16 16 4 4 16 16 16 16 11 6 6 6 6 11 11 11 5 9 9 9 9 9 9 6 6 6 6 6 6 8 6 6 6 6 6 5 5 5 5 5 5 5 1 1 1 1 1 1 1 1 1 6 6 6 17 17 10 7 8 8 8 6 6 6 6 6 6 6 5 6 6 6 6 6 6 8 8 8 4 4 4 4 4 4 4 4 4 3 3 3 8 8 8 8 7 6 5 5 5 8 7 6 6 6 3 8 8 8 8 8 8 8 8 8 8 8 8 8 8 8 8 8 8 8 8 8 8 8 12 7 7 5 5 5 5 5 8 8 8 8 9 9 9 9 9 9 5 5 5
10 9 9 9 0 2 2 2 2 8 10 10 10 10 10 10 10 10 10 10 10 10 7 7 7 6 10 10 5 5 5 5 5 5 6 6 11 11 10 10 5 5 10 10 10 10 17 17 17 11 11 17 17 17 17 6 10 10 10 10 7 7 7 12 7 7 7 7 7 7 6 6 6 6 6 6 6 9 9 9 9 9 12 12 12 12 12 12 12 7 7 7 7 7 7 7 7 7 11 11 11 18 18 5 11 11 11 11 10 10 10 10 10 10 10 11 10 10 10 10 10 10 10 10 10 9 9 9 9 9 9 9 9 9 6 6 6 11 11 11 11 7 6 6 6 6 11 10 10 10 10 10 8 8 8 8 8 8 6 6 6 6 6 6 6 6 6 6 11 11 11 11 11 11 11 8 11 11 12 12 12 12 12 6 6 6 6 7 7 7 7 7 7 11 11 11
10 9 9 9 2 0 2 2 2 8 10 10 10 10 10 10 10 10 10 10 10 10 7 7 7 6 10 10 5 5 5 5 5 5 6 6 11 11 10 10 5 5 10 10 10 10 17 17 17 11 11 17 17 17 17 6 10 10 10 10 7 7 7 12 7 7 7 7 7 7 6 6 6 6 6 6 6 9 9 9 9 9 12 12 12 12 12 12 12 7 7 7 7 7 7 7 7 7 11 11 11 18 18 5 11 11 11 11 10 10 10 10 10 10 10 11 10 10 10 10 10 10 10 10 10 9 9 9 9 9 9 9 9 9 6 6 6 11 11 11 11 7 6 6 6 6 11 10 10 10 10 10 8 8 8 8 8 8 6 6 6 6 6 6 6 6 6 6 11 11 11 11 11 11 11 8 11 11 12 12 12 12 12 6 6 6 6 7 7 7 7 7 7 11 11 11
10 9 9 9 2 2 0 2 2 8 10 10 10 10 10 10 10 10 10 10 10 10 7 7 7 6 10 10 5 5 5 5 5 5 6 6 11 11 10 10 5 5 10 10 10 10 17 17 17 11 11 17 17 17 17 6 10 10 10 10 7 7 7 12 7 7 7 7 7 7 6 6 6 6 6 6 6 9 9 9 9 9 12 12 12 12 12 12 12 7 7 7 7 7 7 7 7 7 11 11 11 18 18 5 11 11 11 11 10 10 10 10 10 10 10 11 10 10 10 10 10 10 10 10 10 9 9 9 9 9 9 9 9 9 6 6 6 11 11 11 11 7 6 6 6 6 11 10 10 10 10 10 8 8 8 8 8 8 6 6 6 6 6 6 6 6 6 6 11 11 11 11 11 11 11 8 11 11 12 12 12 12 12 6 6 6 6 7 7 7 7 7 7 11 11 11
10 9 9 9 2 2 2 0 2 8 10 10 10 10 10 10 10 10 10 10 10 10 7 7 7 6 10 10 5 5 5 5 5 5 6 6 11 11 10 10 5 5 10 10 10 10 17 17 17 11 11 17 17 17 17 6 10 10 10 10 7 7 7 12 7 7 7 7 7 7 6 6 6 6 6 6 6 9 9 9 9 9 12 12 12 12 12 12 12 7 7 7 7 7 7 7 7 7 11 11 11 18 18 5 11 11 11 11 10 10 10 10 10 10 10 11 10 10 10 10 10 10 10 10 10 9 9 9 9 9 9 9 9 9 6 6 6 11 11 11 11 7 6 6 6 6 11 10 10 10 10 10 8 8 8 8 8 8 6 6 6 6 6 6 6 6 6 6 11 11 11 11 11 11 11 8 11 11 12 12 12 12 12 6 6 6 6 7 7 7 7 7 7 11 11 11
10 9 9 9 2 2 2 2 0 8 10 10 10 10 10 10 10 10 10 10 10 10 7 7 7 6 10 10 5 5 5 5 5 5 6 6 11 11 10 10 5 5 10 10 10 10 17 17 17 11 11 17 17 17 17 6 10 10 10 10 7 7 7 12 7 7 7 7 7 7 6 6 6 6 6 6 6 9 9 9 9 9 12 12 12 12 12 12 12 7 7 7 7 7 7 7 7 7 11 11 11 18 18 5 11 11 11 11 10 10 10 10 10 10 10 11 10 10 10 10 10 10 10 10 10 9 9 9 9 9 9 9 9 9 6 6 6 11 11 11 11 7 6 6 6 6 11 10 10 10 10 10 8 8 8 8 8 8 6 6 6 6 6 6 6 6 6 6 11 11 11 11 11 11 11 8 11 11 12 12 12 12 12 6 6 6 6 7 7 7 7 7 7 11 11 11
10 5 5 5 8 8 8 8 8 0 8 8 8 8 7 7 7 7 7 7 9 7 10 10 10 9 9 9 9 9 9 9 9 9 9 9 9 9 8 8 5 5 7 7 7 7 16 16 16 11 11 16 16 16 16 10 8 8 8 8 10 10 10 12 10 10 10 10 10 10 9 9 9 9 9 9 8 3 3 3 3 3 9 9 9 9 9 9 9 6 6 6 6 6 6 6 6 6 8 8 8 17 17 9 10 8 8 8 9 9 9 9 9 9 9 8 9 9 9 9 9 9 7 7 7 5 5 5 5 5 5 5 5 5 6 6 6 8 8 8 8 10 10 6 6 6 11 10 8 8 8 6 7 7 7 7 7 7 10 10 10 10 10 10 10 10 10 10 11 11 11 11 11 11 11 11 9 9 12 12 12 12 12 9 9 9 9 10 10 10 10 10 10 9 9 9
7 4 4 4 10 10 10 10 10 8 0 2 2 2 6 6 6 6 6 6 5 5 10 10 10 8 6 5 7 7 7 7 7 7 8 8 8 8 4 4 6 6 7 7 7 7 16 16 16 4 4 16 16 16 16 10 4 4 4 4 10 10 10 5 9 9 9 9 9 9 6 6 6 6 6 6 7 6 6 6 6 6 5 5 5 5 5 5 5 5 5 5 5 5 5 5 5 5 6 6 6 17 17 11 7 7 7 7 6 6 6 6 6 6 6 3 6 6 6 6 6 6 6 6 6 3 3 3 3 3 3 3 3 3 5 5 5 8 8 8 8 7 6 7 7 7 8 7 4 4 4 5 9 9 9 9 9 9 8 8 8 8 8 8 8 8 8 8 8 8 8 8 8 8 8 11 5 5 5 5 5 5 5 8 8 8 8 9 9 9 9 9 9 3 3 3
7 4 4 4 10 10 10 10 10 8 2 0 2 2 6 6 6 6 6 6 5 5 10 10 10 8 6 5 7 7 7 7 7 7 8 8 8 8 4 4 6 6 7 7 7 7 16 16 16 4 4 16 16 16 16 10 4 4 4 4 10 10 10 5 9 9 9 9 9 9 6 6 6 6 6 6 7 6 6 6 6 6 5 5 5 5 5 5 5 5 5 5 5 5 5 5 5 5 6 6 6 17 17 11 7 7 7 7 6 6 6 6 6 6 6 3 6 6 6 6 6 6 6 6 6 1 1 1 1 1 1 1 1 1 5 5 5 8 8 8 8 7 6 7 7 7 8 7 4 4 4 5 9 9 9 9 9 9 8 8 8 8 8 8 8 8 8 8 8 8 8 8 8 8 8 11 5 5 5 5 5 5 5 8 8 8 8 9 9 9 9 9 9 3 3 3
7 4 4 4 10 10 10 10 10 8 2 2 0 2 6 6 6 6 6 6 5 5 10 10 10 8 6 5 7 7 7 7 7 7 8 8 8 8 4 4 6 6 7 7 7 7 16 16 16 4 4 16 16 16 16 10 4 4 4 4 10 10 10 5 9 9 9 9 9 9 6 6 6 6 6 6 7 6 6 6 6 6 5 5 5 5 5 5 5 5 5 5 5 5 5 5 5 5 6 6 6 17 17 11 7 7 7 7 6 6 6 6 6 6 6 3 6 6 6 6 6 6 6 6 6 3 3 3 3 3 3 3 3 3 5 5 5 8 8 8 8 7 6 7 7 7 8 7 4 4 4 5 9 9 9 9 9 9 8 8 8 8 8 8 8 8 8 8 8 8 8 8 8 8 8 11 5 5 5 5 5 5 5 8 8 8 8 9 9 9 9 9 9 1 1 1
7 4 4 4 10 10 10 10 10 8 2 2 2 0 6 6 6 6 6 6 5 5 10 10 10 8 6 5 7 7 7 7 7 7 8 8 8 8 4 4 6 6 7 7 7 7 16 16 16 4 4 16 16 16 16 10 4 4 4 4 10 10 10 5 9 9 9 9 9 9 6 6 6 6 6 6 7 6 6 6 6 6 5 5 5 5 5 5 5 5 5 5 5 5 5 5 5 5 6 6 6 17 17 11 7 7 7 7 6 6 6 6 6 6 6 1 6 6 6 6 6 6 6 6 6 3 3 3 3 3 3 3 3 3 5 5 5 8 8 8 8 7 6 7 7 7 8 7 4 4 4 5 9 9 9 9 9 9 8 8 8 8 8 8 8 8 8 8 8 8 8 8 8 8 8 11 5 5 5 5 5 5 5 8 8 8 8 9 9 9 9 9 9 3 3 3
11 8 8 8 10 10 10 10 10 7 6 6 6 6 0 2 4 4 4 4 6 4 10 10 10 8 8 6 9 9 9 9 9 9 8 8 6 6 6 6 8 8 7 7 7 7 17 17 17 10 10 17 17 17 17 10 6 6 6 6 10 10 10 11 9 9 9 9 9 9 7 7 7 7 7 7 3 4 4 4 4 4 6 6 6 6 6 6 6 8 8 8 8 8 8 8 8 8 5 5 5 18 18 11 9 1 1 1 8 8 8 8 8 8 8 3 8 8 8 8 8 8 4 4 4 7 7 7 7 7 7 7 7 7 9 9 9 8 8 8 8 11 7 9 9 9 12 11 6 6 6 9 7 7 7 7 7 7 10 10 10 10 10 10 10 10 10 10 12 12 12 12 12 12 12 11 7 7 11 11 11 11 11 10 10 10 10 9 9 9 9 9 9 7 7 7
11 8 8 8 10 10 10 10 10 7 6 6 6 6 2 0 4 4 4 4 6 4 10 10 10 8 8 6 9 9 9 9 9 9 8 8 6 6 6 6 8 8 7 7 7 7 17 17 17 10 10 17 17 17 17 10 6 6 6 6 10 10 10 11 9 9 9 9 9 9 7 7 7 7 7 7 3 4 4 4 4 4 6 6 6 6 6 6 6 8 8 8 8 8 8 8 8 8 5 5 5 18 18 11 9 3 3 3 8 8 8 8 8 8 8 3 8 8 8 8 8 8 4 4 4 7 7 7 7 7 7 7 7 7 9 9 9 8 8 8 8 11 7 9 9 9 12 11 6 6 6 9 7 7 7 7 7 7 10 10 10 10 10 10 10 10 10 10 12 12 12 12 12 12 12 11 7 7 11 11 11 11 11 10 10 10 10 9 9 9 9 9 9 7 7 7
11 8 8 8 10 10 10 10 10 7 6 6 6 6 4 4 0 2 2 2 6 2 10 10 10 8 8 6 9 9 9 9 9 9 8 8 6 6 6 6 8 8 7 7 7 7 17 17 17 10 10 17 17 17 17 10 6 6 6 6 10 10 10 11 9 9 9 9 9 9 7 7 7 7 7 7 5 4 4 4 4 4 6 6 6 6 6 6 6 8 8 8 8 8 8 8 8 8 3 3 3 18 18 11 9 5 5 5 8 8 8 8 8 8 8 5 8 8 8 8 8 8 2 2 2 7 7 7 7 7 7 7 7 7 9 9 9 8 8 8 8 11 7 9 9 9 12 11 6 6 6 9 7 7 7 7 7 7 10 10 10 10 10 10 10 10 10 10 12 12 12 12 12 12 12 11 7 7 11 11 11 11 11 10 10 10 10 9 9 9 9 9 9 7 7 7
11 8 8 8 10 10 10 10 10 7 6 6 6 6 4 4 2 0 2 2 6 2 10 10 10 8 8 6 9 9 9 9 9 9 8 8 6 6 6 6 8 8 7 7 7 7 17 17 17 10 10 17 17 17 17 10 6 6 6 6 10 10 10 11 9 9 9 9 9 9 7 7 7 7 7 7 5 4 4 4 4 4 6 6 6 6 6 6 6 8 8 8 8 8 8 8 8 8 3 3 3 18 18 11 9 5 5 5 8 8 8 8 8 8 8 5 8 8 8 8 8 8 2 2 2 7 7 7 7 7 7 7 7 7 9 9 9 8 8 8 8 11 7 9 9 9 12 11 6 6 6 9 7 7 7 7 7 7 10 10 10 10 10 10 10 10 10 10 12 12 12 12 12 12 12 11 7 7 11 11 11 11 11 10 10 10 10 9 9 9 9 9 9 7 7 7
11 8 8 8 10 10 10 10 10 7 6 6 6 6 4 4 2 2 0 2 6 2 10 10 10 8 8 6 9 9 9 9 9 9 8 8 6 6 6 6 8 8 7 7 7 7 17 17 17 10 10 17 17 17 17 10 6 6 6 6 10 10 10 11 9 9 9 9 9 9 7 7 7 7 7 7 5 4 4 4 4 4 6 6 6 6 6 6 6 8 8 8 8 8 8 8 8 8 3 3 3 18 18 11 9 5 5 5 8 8 8 8 8 8 8 5 8 8 8 8 8 8 2 2 2 7 7 7 7 7 7 7 7 7 9 9 9 8 8 8 8 11 7 9 9 9 12 11 6 6 6 9 7 7 7 7 7 7 10 10 10 10 10 10 10 10 10 10 12 12 12 12 12 12 12 11 7 7 11 11 11 11 11 10 10 10 10 9 9 9 9 9 9 7 7 7
11 8 8 8 10 10 10 10 10 7 6 6 6 6 4 4 2 2 2 0 6 2 10 10 10 8 8 6 9 9 9 9 9 9 8 8 6 6 6 6 8 8 7 7 7 7 17 17 17 10 10 17 17 17 17 10 6 6 6 6 10 10 10 11 9 9 9 9 9 9 7 7 7 7 7 7 5 4 4 4 4 4 6 6 6 6 6 6 6 8 8 8 8 8 8 8 8 8 3 3 3 18 18 11 9 5 5 5 8 8 8 8 8 8 8 5 8 8 8 8 8 8 2 2 2 7 7 7 7 7 7 7 7 7 9 9 9 8 8 8 8 11 7 9 9 9 12 11 6 6 6 9 7 7 7 7 7 7 10 10 10 10 10 10 10 10 10 10 12 12 12 12 12 12 12 11 7 7 11 11 11 11 11 10 10 10 10 9 9 9 9 9 9 7 7 7
8 5 5 5 10 10 10 10 10 9 5 5 5 5 6 6 6 6 6 6 0 6 11 11 11 8 8 4 8 8 8 8 8 8 8 8 6 6 8 8 8 8 7 7 7 7 17 17 17 5 5 17 17 17 17 10 8 8 8 8 11 11 11 4 9 9 9 9 9 9 1 1 1 1 1 1 7 6 6 6 6 6 5 5 5 5 5 5 5 6 6 6 6 6 6 6 6 6 5 5 5 18 18 10 9 7 7 7 8 8 8 8 8 8 8 6 8 8 8 8 8 8 6 6 6 6 6 6 6 6 6 6 6 6 6 6 6 8 8 8 8 8 5 9 9 9 9 8 8 8 8 6 7 7 7 7 7 7 9 9 9 9 9 9 9 9 9 9 9 9 9 9 9 9 9 12 9 9 6 6 6 6 6 9 9 9 9 9 9 9 9 9 9 6 6 6
10 5 5 5 10 10 10 10 10 7 5 5 5 5 4 4 2 2 2 2 6 0 10 10 10 7 5 6 9 9 9 9 9 9 7 7 6 6 5 5 5 5 7 7 7 7 16 16 16 9 9 16 16 16 16 10 5 5 5 5 10 10 10 10 8 8 8 8 8 8 7 7 7 7 7 7 5 4 4 4 4 4 6 6 6 6 6 6 6 6 6 6 6 6 6 6 6 6 1 1 1 17 17 11 6 5 5 5 5 5 5 5 5 5 5 5 5 5 5 5 5 5 2 2 2 5 5 5 5 5 5 5 5 5 6 6 6 8 8 8 8 10 7 6 6 6 11 10 5 5 5 6 7 7 7 7 7 7 10 10 10 10 10 10 10 10 10 10 11 11 11 11 11 11 11 11 6 6 10 10 10 10 10 10 10 10 10 8 8 8 8 8 8 6 6 6
12 11 11 11 7 7 7 7 7 10 10 10 10 10 10 10 10 10 10 10 11 10 0 2 2 7 12 11 6 6 6 6 6 6 7 7 11 11 10 10 6 6 11 11 11 11 17 17 17 11 11 17 17 17 17 5 10 10 10 10 4 4 4 12 8 8 8 8 8 8 7 7 7 7 7 7 7 10 10 10 10 10 12 12 12 12 12 12 12 8 8 8 8 8 8 8 8 8 11 11 11 18 18 8 13 11 11 11 12 12 12 12 12 12 12 11 12 12 12 12 12 12 10 10 10 11 11 11 11 11 11 11 11 11 7 7 7 12 12 12 12 6 9 7 7 7 13 12 10 10 10 12 3 3 3 3 3 3 5 5 5 5 5 5 5 5 5 5 13 13 13 13 13 13 13 1 11 11 12 12 12 12 12 7 7 7 7 8 8 8 8 8 8 11 11 11
12 11 11 11 7 7 7 7 7 10 10 10 10 10 10 10 10 10 10 10 11 10 2 0 2 7 12 11 6 6 6 6 6 6 7 7 11 11 10 10 6 6 11 11 11 11 17 17 17 11 11 17 17 17 17 5 10 10 10 10 4 4 4 12 8 8 8 8 8 8 7 7 7 7 7 7 7 10 10 10 10 10 12 12 12 12 12 12 12 8 8 8 8 8 8 8 8 8 11 11 11 18 18 8 13 11 11 11 12 12 12 12 12 12 12 11 12 12 12 12 12 12 10 10 10 11 11 11 11 11 11 11 11 11 7 7 7 12 12 12 12 6 9 7 7 7 13 12 10 10 10 12 3 3 3 3 3 3 5 5 5 5 5 5 5 5 5 5 13 13 13 13 13 13 13 3 11 11 12 12 12 12 12 7 7 7 7 8 8 8 8 8 8 11 11 11
12 11 11 11 7 7 7 7 7 10 10 10 10 10 10 10 10 10 10 10 11 10 2 2 0 7 12 11 6 6 6 6 6 6 7 7 11 11 10 10 6 6 11 11 11 11 17 17 17 11 11 17 17 17 17 5 10 10 10 10 4 4 4 12 8 8 8 8 8 8 7 7 7 7 7 7 7 10 10 10 10 10 12 12 12 12 12 12 12 8 8 8 8 8 8 8 8 8 11 11 11 18 18 8 13 11 11 11 12 12 12 12 12 12 12 11 12 12 12 12 12 12 10 10 10 11 11 11 11 11 11 11 11 11 7 7 7 12 12 12 12 6 9 7 7 7 13 12 10 10 10 12 3 3 3 3 3 3 5 5 5 5 5 5 5 5 5 5 13 13 13 13 13 13 13 3 11 11 12 12 12 12 12 7 7 7 7 8 8 8 8 8 8 11 11 11
5 8 8 8 6 6 6 6 6 9 8 8 8 8 8 8 8 8 8 8 8 7 7 7 7 0 8 8 5 5 5 5 5 5 4 4 8 8 8 8 5 5 5 5 5 5 17 17 17 10 10 17 17 17 17 6 8 8 8 8 7 7 7 11 5 5 5 5 5 5 4 4 4 4 4 4 2 8 8 8 8 8 8 8 8 8 8 8 8 9 9 9 9 9 9 9 9 9 8 8 8 18 18 7 9 6 6 6 8 8 8 8 8 8 8 9 6 6 6 6 6 6 8 8 8 8 8 8 8 8 8 8 8 8 6 6 6 6 6 6 6 7 5 6 6 6 6 11 6 6 6 9 8 8 8 8 8 8 6 6 6 6 6 6 6 6 6 6 6 6 6 6 6 6 6 8 9 9 11 11 11 11 11 6 6 6 6 5 5 5 5 5 5 9 9 9
6 6 6 6 10 10 10 10 10 9 6 6 6 6 8 8 8 8 8 8 8 5 12 12 12 8 0 8 6 6 6 6 6 6 8 8 8 8 6 6 6 6 6 6 6 6 17 17 17 7 7 17 17 17 17 12 4 4 4 4 12 12 12 8 9 9 9 9 9 9 8 8 8 8 8 8 8 7 7 7 7 7 8 8 8 8 8 8 8 7 7 7 7 7 7 7 7 7 6 6 6 18 18 9 1 7 7 7 4 4 4 4 4 4 4 7 4 4 4 4 4 4 8 8 8 6 6 6 6 6 6 6 6 6 7 7 7 7 7 7 7 6 6 7 7 7 7 6 6 6 6 7 9 9 9 9 9 9 7 7 7 7 7 7 7 7 7 7 7 7 7 7 7 7 7 13 7 7 8 8 8 8 8 7 7 7 7 9 9 9 9 9 9 7 7 7
8 5 5 5 10 10 10 10 10 9 5 5 5 5 6 6 6 6 6 6 4 6 11 11 11 8 8 0 8 8 8 8 8 8 8 8 6 6 8 8 8 8 7 7 7 7 17 17 17 5 5 17 17 17 17 10 8 8 8 8 11 11 11 6 9 9 9 9 9 9 5 5 5 5 5 5 7 6 6 6 6 6 6 6 6 6 6 6 6 6 6 6 6 6 6 6 6 6 1 1 1 18 18 10 9 7 7 7 8 8 8 8 8 8 8 6 8 8 8 8 8 8 6 6 6 6 6 6 6 6 6 6 6 6 6 6 6 8 8 8 8 8 5 9 9 9 9 8 8 8 8 6 7 7 7 7 7 7 9 9 9 9 9 9 9 9 9 9 9 9 9 9 9 9 9 12 9 9 6 6 6 6 6 9 9 9 9 9 9 9 9 9 9 6 6 6
4 7 7 7 5 5 5 5 5 9 7 7 7 7 9 9 9 9 9 9 8 9 6 6 6 5 6 8 0 2 2 2 2 2 5 5 9 9 9 9 4 4 4 4 4 4 16 16 16 7 7 16 16 16 16 5 6 6 6 6 6 6 6 8 6 6 6 6 6 6 5 5 5 5 5 5 5 5 5 5 5 5 8 8 8 8 8 8 8 8 8 8 8 8 8 8 8 8 9 9 9 17 17 6 7 5 5 5 6 6 6 6 6 6 6 8 5 5 5 5 5 5 9 9 9 8 8 8 8 8 8 8 8 8 5 5 5 5 5 5 5 2 4 5 5 5 5 4 5 5 5 8 7 7 7 7 7 7 3 3 3 3 3 3 3 3 3 3 5 5 5 5 5 5 5 7 10 10 8 8 8 8 8 1 1 1 1 6 6 6 6 6 6 8 8 8
4 7 7 7 5 5 5 5 5 9 7 7 7 7 9 9 9 9 9 9 8 9 6 6 6 5 6 8 2 0 2 2 2 2 5 5 9 9 9 9 4 4 4 4 4 4 16 16 16 7 7 16 16 16 16 5 6 6 6 6 6 6 6 8 6 6 6 6 6 6 5 5 5 5 5 5 5 5 5 5 5 5 8 8 8 8 8 8 8 8 8 8 8 8 8 8 8 8 9 9 9 17 17 6 7 5 5 5 6 6 6 6 6 6 6 8 5 5 5 5 5 5 9 9 9 8 8 8 8 8 8 8 8 8 5 5 5 5 5 5 5 2 4 5 5 5 5 4 5 5 5 8 7 7 7 7 7 7 3 3 3 3 3 3 3 3 3 3 5 5 5 5 5 5 5 7 10 10 8 8 8 8 8 3 3 3 3 6 6 6 6 6 6 8 8 8
4 7 7 7 5 5 5 5 5 9 7 7 7 7 9 9 9 9 9 9 8 9 6 6 6 5 6 8 2 2 0 2 2 2 5 5 9 9 9 9 4 4 4 4 4 4 16 16 16 7 7 16 16 16 16 5 6 6 6 6 6 6 6 8 6 6 6 6 6 6 5 5 5 5 5 5 5 5 5 5 5 5 8 8 8 8 8 8 8 8 8 8 8 8 8 8 8 8 9 9 9 17 17 6 7 5 5 5 6 6 6 6 6 6 6 8 5 5 5 5 5 5 9 9 9 8 8 8 8 8 8 8 8 8 5 5 5 5 5 5 5 2 4 5 5 5 5 4 5 5 5 8 7 7 7 7 7 7 3 3 3 3 3 3 3 3 3 3 5 5 5 5 5 5 5 7 10 10 8 8 8 8 8 3 3 3 3 6 6 6 6 6 6 8 8 8
4 7 7 7 5 5 5 5 5 9 7 7 7 7 9 9 9 9 9 9 8 9 6 6 6 5 6 8 2 2 2 0 2 2 5 5 9 9 9 9 4 4 4 4 4 4 16 16 16 7 7 16 16 16 16 5 6 6 6 6 6 6 6 8 6 6 6 6 6 6 5 5 5 5 5 5 5 5 5 5 5 5 8 8 8 8 8 8 8 8 8 8 8 8 8 8 8 8 9 9 9 17 17 6 7 5 5 5 6 6 6 6 6 6 6 8 5 5 5 5 5 5 9 9 9 8 8 8 8 8 8 8 8 8 5 5 5 5 5 5 5 2 4 5 5 5 5 4 5 5 5 8 7 7 7 7 7 7 3 3 3 3 3 3 3 3 3 3 5 5 5 5 5 5 5 7 10 10 8 8 8 8 8 3 3 3 3 6 6 6 6 6 6 8 8 8
4 7 7 7 5 5 5 5 5 9 7 7 7 7 9 9 9 9 9 9 8 9 6 6 6 5 6 8 2 2 2 2 0 2 5 5 9 9 9 9 4 4 4 4 4 4 16 16 16 7 7 16 16 16 16 5 6 6 6 6 6 6 6 8 6 6 6 6 6 6 5 5 5 5 5 5 5 5 5 5 5 5 8 8 8 8 8 8 8 8 8 8 8 8 8 8 8 8 9 9 9 17 17 6 7 5 5 5 6 6 6 6 6 6 6 8 5 5 5 5 5 5 9 9 9 8 8 8 8 8 8 8 8 8 5 5 5 5 5 5 5 2 4 5 5 5 5 4 5 5 5 8 7 7 7 7 7 7 3 3 3 3 3 3 3 3 3 3 5 5 5 5 5 5 5 7 10 10 8 8 8 8 8 3 3 3 3 6 6 6 6 6 6 8 8 8
4 7 7 7 5 5 5 5 5 9 7 7 7 7 9 9 9 9 9 9 8 9 6 6 6 5 6 8 2 2 2 2 2 0 5 5 9 9 9 9 4 4 4 4 4 4 16 16 16 7 7 16 16 16 16 5 6 6 6 6 6 6 6 8 6 6 6 6 6 6 5 5 5 5 5 5 5 5 5 5 5 5 8 8 8 8 8 8 8 8 8 8 8 8 8 8 8 8 9 9 9 17 17 6 7 5 5 5 6 6 6 6 6 6 6 8 5 5 5 5 5 5 9 9 9 8 8 8 8 8 8 8 8 8 5 5 5 5 5 5 5 2 4 5 5 5 5 4 5 5 5 8 7 7 7 7 7 7 3 3 3 3 3 3 3 3 3 3 5 5 5 5 5 5 5 7 10 10 8 8 8 8 8 3 3 3 3 6 6 6 6 6 6 8 8 8
5 8 8 8 6 6 6 6 6 9 8 8 8 8 8 8 8 8 8 8 8 7 7 7 7 4 8 8 5 5 5 5 5 5 0 2 8 8 8 8 5 5 5 5 5 5 17 17 17 10 10 17 17 17 17 6 8 8 8 8 7 7 7 11 3 3 3 3 3 3 4 4 4 4 4 4 4 8 8 8 8 8 8 8 8 8 8 8 8 9 9 9 9 9 9 9 9 9 8 8 8 18 18 7 9 6 6 6 8 8 8 8 8 8 8 9 6 6 6 6 6 6 8 8 8 8 8 8 8 8 8 8 8 8 6 6 6 6 6 6 6 7 5 6 6 6 6 11 6 6 6 9 8 8 8 8 8 8 6 6 6 6 6 6 6 6 6 6 6 6 6 6 6 6 6 8 9 9 11 11 11 11 11 6 6 6 6 3 3 3 3 3 3 9 9 9
5 8 8 8 6 6 6 6 6 9 8 8 8 8 8 8 8 8 8 8 8 7 7 7 7 4 8 8 5 5 5 5 5 5 2 0 8 8 8 8 5 5 5 5 5 5 17 17 17 10 10 17 17 17 17 6 8 8 8 8 7 7 7 11 3 3 3 3 3 3 4 4 4 4 4 4 4 8 8 8 8 8 8 8 8 8 8 8 8 9 9 9 9 9 9 9 9 9 8 8 8 18 18 7 9 6 6 6 8 8 8 8 8 8 8 9 6 6 6 6 6 6 8 8 8 8 8 8 8 8 8 8 8 8 6 6 6 6 6 6 6 7 5 6 6 6 6 11 6 6 6 9 8 8 8 8 8 8 6 6 6 6 6 6 6 6 6 6 6 6 6 6 6 6 6 8 9 9 11 11 11 11 11 6 6 6 6 3 3 3 3 3 3 9 9 9
9 8 8 8 11 11 11 11 11 9 8 8 8 8 6 6 6 6 6 6 6 6 11 11 11 8 8 6 9 9 9 9 9 9 8 8 0 2 8 8 8 8 3 3 3 3 16 16 16 8 8 16 16 16 16 11 8 8 8 8 11 11 11 9 9 9 9 9 9 9 7 7 7 7 7 7 7 6 6 6 6 6 6 6 6 6 6 6 6 9 9 9 9 9 9 9 9 9 7 7 7 17 17 11 9 4 4 4 8 8 8 8 8 8 8 7 8 8 8 8 8 8 1 1 1 8 8 8 8 8 8 8 8 8 9 9 9 4 4 4 4 9 7 9 9 9 10 9 8 8 8 9 3 3 3 3 3 3 10 10 10 10 10 10 10 10 10 10 10 10 10 10 10 10 10 12 9 9 9 9 9 9 9 10 10 10 10 9 9 9 9 9 9 9 9 9
9 8 8 8 11 11 11 11 11 9 8 8 8 8 6 6 6 6 6 6 6 6 11 11 11 8 8 6 9 9 9 9 9 9 8 8 2 0 8 8 8 8 3 3 3 3 16 16 16 8 8 16 16 16 16 11 8 8 8 8 11 11 11 9 9 9 9 9 9 9 7 7 7 7 7 7 7 6 6 6 6 6 6 6 6 6 6 6 6 9 9 9 9 9 9 9 9 9 7 7 7 17 17 11 9 4 4 4 8 8 8 8 8 8 8 7 8 8 8 8 8 8 3 3 3 8 8 8 8 8 8 8 8 8 9 9 9 4 4 4 4 9 7 9 9 9 10 9 8 8 8 9 3 3 3 3 3 3 10 10 10 10 10 10 10 10 10 10 10 10 10 10 10 10 10 12 9 9 9 9 9 9 9 10 10 10 10 9 9 9 9 9 9 9 9 9
11 6 6 6 10 10 10 10 10 8 4 4 4 4 6 6 6 6 6 6 8 5 10 10 10 8 6 8 9 9 9 9 9 9 8 8 8 8 0 2 6 6 9 9 9 9 17 17 17 10 10 17 17 17 17 10 4 4 4 4 10 10 10 11 9 9 9 9 9 9 8 8 8 8 8 8 7 6 6 6 6 6 8 8 8 8 8 8 8 7 7 7 7 7 7 7 7 7 6 6 6 18 18 11 7 7 7 7 6 6 6 6 6 6 6 5 6 6 6 6 6 6 6 6 6 5 5 5 5 5 5 5 5 5 7 7 7 10 10 10 10 11 9 7 7 7 12 11 4 4 4 7 9 9 9 9 9 9 10 10 10 10 10 10 10 10 10 10 12 12 12 12 12 12 12 11 1 1 11 11 11 11 11 10 10 10 10 9 9 9 9 9 9 5 5 5
11 6 6 6 10 10 10 10 10 8 4 4 4 4 6 6 6 6 6 6 8 5 10 10 10 8 6 8 9 9 9 9 9 9 8 8 8 8 2 0 6 6 9 9 9 9 17 17 17 10 10 17 17 17 17 10 4 4 4 4 10 10 10 11 9 9 9 9 9 9 8 8 8 8 8 8 7 6 6 6 6 6 8 8 8 8 8 8 8 7 7 7 7 7 7 7 7 7 6 6 6 18 18 11 7 7 7 7 6 6 6 6 6 6 6 5 6 6 6 6 6 6 6 6 6 5 5 5 5 5 5 5 5 5 7 7 7 10 10 10 10 11 9 7 7 7 12 11 4 4 4 7 9 9 9 9 9 9 10 10 10 10 10 10 10 10 10 10 12 12 12 12 12 12 12 11 3 3 11 11 11 11 11 10 10 10 10 9 9 9 9 9 9 5 5 5
4 4 4 4 5 5 5 5 5 5 6 6 6 6 8 8 8 8 8 8 8 5 6 6 6 5 6 8 4 4 4 4 4 4 5 5 8 8 6 6 0 2 4 4 4 4 16 16 16 9 9 16 16 16 16 5 6 6 6 6 6 6 6 10 6 6 6 6 6 6 5 5 5 5 5 5 5 6 6 6 6 6 8 8 8 8 8 8 8 5 5 5 5 5 5 5 5 5 6 6 6 17 17 6 7 5 5 5 6 6 6 6 6 6 6 7 5 5 5 5 5 5 8 8 8 4 4 4 4 4 4 4 4 4 1 1 1 5 5 5 5 6 4 3 3 3 5 10 5 5 5 5 7 7 7 7 7 7 5 5 5 5 5 5 5 5 5 5 5 5 5 5 5 5 5 7 7 7 10 10 10 10 10 5 5 5 5 6 6 6 6 6 6 7 7 7
4 4 4 4 5 5 5 5 5 5 6 6 6 6 8 8 8 8 8 8 8 5 6 6 6 5 6 8 4 4 4 4 4 4 5 5 8 8 6 6 2 0 4 4 4 4 16 16 16 9 9 16 16 16 16 5 6 6 6 6 6 6 6 10 6 6 6 6 6 6 5 5 5 5 5 5 5 6 6 6 6 6 8 8 8 8 8 8 8 5 5 5 5 5 5 5 5 5 6 6 6 17 17 6 7 5 5 5 6 6 6 6 6 6 6 7 5 5 5 5 5 5 8 8 8 4 4 4 4 4 4 4 4 4 3 3 3 5 5 5 5 6 4 1 1 1 5 10 5 5 5 5 7 7 7 7 7 7 5 5 5 5 5 5 5 5 5 5 5 5 5 5 5 5 5 7 7 7 10 10 10 10 10 5 5 5 5 6 6 6 6 6 6 7 7 7
4 7 7 7 10 10 10 10 10 7 7 7 7 7 7 7 7 7 7 7 7 7 11 11 11 5 6 7 4 4 4 4 4 4 5 5 3 3 9 9 4 4 0 2 2 2 16 16 16 7 7 16 16 16 16 10 6 6 6 6 11 11 11 8 6 6 6 6 6 6 5 5 5 5 5 5 5 7 7 7 7 7 7 7 7 7 7 7 7 6 6 6 6 6 6 6 6 6 8 8 8 17 17 9 7 3 3 3 6 6 6 6 6 6 6 8 5 5 5 5 5 5 4 4 4 8 8 8 8 8 8 8 8 8 5 5 5 3 3 3 3 6 2 5 5 5 5 6 5 5 5 8 4 4 4 4 4 4 5 5 5 5 5 5 5 5 5 5 5 5 5 5 5 5 5 12 10 10 8 8 8 8 8 5 5 5 5 6 6 6 6 6 6 8 8 8
4 7 7 7 10 10 10 10 10 7 7 7 7 7 7 7 7 7 7 7 7 7 11 11 11 5 6 7 4 4 4 4 4 4 5 5 3 3 9 9 4 4 2 0 2 2 16 16 16 7 7 16 16 16 16 10 6 6 6 6 11 11 11 8 6 6 6 6 6 6 5 5 5 5 5 5 5 7 7 7 7 7 7 7 7 7 7 7 7 6 6 6 6 6 6 6 6 6 8 8 8 17 17 9 7 1 1 1 6 6 6 6 6 6 6 8 5 5 5 5 5 5 4 4 4 8 8 8 8 8 8 8 8 8 5 5 5 3 3 3 3 6 2 5 5 5 5 6 5 5 5 8 4 4 4 4 4 4 5 5 5 5 5 5 5 5 5 5 5 5 5 5 5 5 5 12 10 10 8 8 8 8 8 5 5 5 5 6 6 6 6 6 6 8 8 8
4 7 7 7 10 10 10 10 10 7 7 7 7 7 7 7 7 7 7 7 7 7 11 11 11 5 6 7 4 4 4 4 4 4 5 5 3 3 9 9 4 4 2 2 0 2 16 16 16 7 7 16 16 16 16 10 6 6 6 6 11 11 11 8 6 6 6 6 6 6 5 5 5 5 5 5 5 7 7 7 7 7 7 7 7 7 7 7 7 6 6 6 6 6 6 6 6 6 8 8 8 17 17 9 7 3 3 3 6 6 6 6 6 6 6 8 5 5 5 5 5 5 4 4 4 8 8 8 8 8 8 8 8 8 5 5 5 3 3 3 3 6 2 5 5 5 5 6 5 5 5 8 4 4 4 4 4 4 5 5 5 5 5 5 5 5 5 5 5 5 5 5 5 5 5 12 10 10 8 8 8 8 8 5 5 5 5 6 6 6 6 6 6 8 8 8
4 7 7 7 10 10 10 10 10 7 7 7 7 7 7 7 7 7 7 7 7 7 11 11 11 5 6 7 4 4 4 4 4 4 5 5 3 3 9 9 4 4 2 2 2 0 16 16 16 7 7 16 16 16 16 10 6 6 6 6 11 11 11 8 6 6 6 6 6 6 5 5 5 5 5 5 5 7 7 7 7 7 7 7 7 7 7 7 7 6 6 6 6 6 6 6 6 6 8 8 8 17 17 9 7 3 3 3 6 6 6 6 6 6 6 8 5 5 5 5 5 5 4 4 4 8 8 8 8 8 8 8 8 8 5 5 5 3 3 3 3 6 2 5 5 5 5 6 5 5 5 8 4 4 4 4 4 4 5 5 5 5 5 5 5 5 5 5 5 5 5 5 5 5 5 12 10 10 8 8 8 8 8 5 5 5 5 6 6 6 6 6 6 8 8 8
17 16 16 16 17 17 17 17 17 16 16 16 16 16 17 17 17 17 17 17 17 16 17 17 17 17 17 17 16 16 16 16 16 16 17 17 16 16 17 17 16 16 16 16 16 16 0 2 2 16 16 4 4 4 4 17 17 17 17 17 17 17 17 17 18 18 18 18 18 18 17 17 17 17 17 17 17 17 17 17 17 17 17 17 17 17 17 17 17 16 16 16 16 16 16 16 16 16 17 17 17 3 3 17 18 17 17 17 17 17 17 17 17 17 17 17 17 17 17 17 17 17 17 17 17 17 17 17 17 17 17 17 17 17 17 17 17 17 17 17 17 17 17 17 17 17 18 17 17 17 17 17 16 16 16 16 16 16 17 17 17 17 17 17 17 17 17 17 18 18 18 18 18 18 18 18 18 18 17 17 17 17 17 17 17 17 17 18 18 18 18 18 18 17 17 17
17 16 16 16 17 17 17 17 17 16 16 16 16 16 17 17 17 17 17 17 17 16 17 17 17 17 17 17 16 16 16 16 16 16 17 17 16 16 17 17 16 16 16 16 16 16 2 0 2 16 16 4 4 4 4 17 17 17 17 17 17 17 17 17 18 18 18 18 18 18 17 17 17 17 17 17 17 17 17 17 17 17 17 17 17 17 17 17 17 16 16 16 16 16 16 16 16 16 17 17 17 3 3 17 18 17 17 17 17 17 17 17 17 17 17 17 17 17 17 17 17 17 17 17 17 17 17 17 17 17 17 17 17 17 17 17 17 17 17 17 17 17 17 17 17 17 18 17 17 17 17 17 16 16 16 16 16 16 17 17 17 17 17 17 17 17 17 17 18 18 18 18 18 18 18 18 18 18 17 17 17 17 17 17 17 17 17 18 18 18 18 18 18 17 17 17
17 16 16 16 17 17 17 17 17 16 16 16 16 16 17 17 17 17 17 17 17 16 17 17 17 17 17 17 16 16 16 16 16 16 17 17 16 16 17 17 16 16 16 16 16 16 2 2 0 16 16 4 4 4 4 17 17 17 17 17 17 17 17 17 18 18 18 18 18 18 17 17 17 17 17 17 17 17 17 17 17 17 17 17 17 17 17 17 17 16 16 16 16 16 16 16 16 16 17 17 17 3 3 17 18 17 17 17 17 17 17 17 17 17 17 17 17 17 17 17 17 17 17 17 17 17 17 17 17 17 17 17 17 17 17 17 17 17 17 17 17 17 17 17 17 17 18 17 17 17 17 17 16 16 16 16 16 16 17 17 17 17 17 17 17 17 17 17 18 18 18 18 18 18 18 18 18 18 17 17 17 17 17 17 17 17 17 18 18 18 18 18 18 17 17 17
7 4 4 4 11 11 11 11 11 11 4 4 4 4 10 10 10 10 10 10 5 9 11 11 11 10 7 5 7 7 7 7 7 7 10 10 8 8 10 10 9 9 7 7 7 7 16 16 16 0 2 16 16 16 16 11 7 7 7 7 11 11 11 5 11 11 11 11 11 11 6 6 6 6 6 6 10 8 8 8 8 8 3 3 3 3 3 3 3 5 5 5 5 5 5 5 5 5 6 6 6 17 17 11 8 8 8 8 7 7 7 7 7 7 7 5 7 7 7 7 7 7 9 9 9 5 5 5 5 5 5 5 5 5 5 5 5 8 8 8 8 7 6 10 10 10 8 7 8 8 8 5 9 9 9 9 9 9 8 8 8 8 8 8 8 8 8 8 8 8 8 8 8 8 8 12 11 11 1 1 1 1 1 8 8 8 8 11 11 11 11 11 11 5 5 5
7 4 4 4 11 11 11 11 11 11 4 4 4 4 10 10 10 10 10 10 5 9 11 11 11 10 7 5 7 7 7 7 7 7 10 10 8 8 10 10 9 9 7 7 7 7 16 16 16 2 0 16 16 16 16 11 7 7 7 7 11 11 11 5 11 11 11 11 11 11 6 6 6 6 6 6 10 8 8 8 8 8 3 3 3 3 3 3 3 5 5 5 5 5 5 5 5 5 6 6 6 17 17 11 8 8 8 8 7 7 7 7 7 7 7 5 7 7 7 7 7 7 9 9 9 5 5 5 5 5 5 5 5 5 5 5 5 8 8 8 8 7 6 10 10 10 8 7 8 8 8 5 9 9 9 9 9 9 8 8 8 8 8 8 8 8 8 8 8 8 8 8 8 8 8 12 11 11 3 3 3 3 3 8 8 8 8 11 11 11 11 11 11 5 5 5
17 16 16 16 17 17 17 17 17 16 16 16 16 16 17 17 17 17 17 17 17 16 17 17 17 17 17 17 16 16 16 16 16 16 17 17 16 16 17 17 16 16 16 16 16 16 4 4 4 16 16 0 2 2 2 17 17 17 17 17 17 17 17 17 18 18 18 18 18 18 17 17 17 17 17 17 17 17 17 17 17 17 17 17 17 17 17 17 17 16 16 16 16 16 16 16 16 16 17 17 17 5 5 17 18 17 17 17 17 17 17 17 17 17 17 17 17 17 17 17 17 17 17 17 17 17 17 17 17 17 17 17 17 17 17 17 17 17 17 17 17 17 17 17 17 17 18 17 17 17 17 17 16 16 16 16 16 16 17 17 17 17 17 17 17 17 17 17 18 18 18 18 18 18 18 18 18 18 17 17 17 17 17 17 17 17 17 18 18 18 18 18 18 17 17 17
17 16 16 16 17 17 17 17 17 16 16 16 16 16 17 17 17 17 17 17 17 16 17 17 17 17 17 17 16 16 16 16 16 16 17 17 16 16 17 17 16 16 16 16 16 16 4 4 4 16 16 2 0 2 2 17 17 17 17 17 17 17 17 17 18 18 18 18 18 18 17 17 17 17 17 17 17 17 17 17 17 17 17 17 17 17 17 17 17 16 16 16 16 16 16 16 16 16 17 17 17 5 5 17 18 17 17 17 17 17 17 17 17 17 17 17 17 17 17 17 17 17 17 17 17 17 17 17 17 17 17 17 17 17 17 17 17 17 17 17 17 17 17 17 17 17 18 17 17 17 17 17 16 16 16 16 16 16 17 17 17 17 17 17 17 17 17 17 18 18 18 18 18 18 18 18 18 18 17 17 17 17 17 17 17 17 17 18 18 18 18 18 18 17 17 17
17 16 16 16 17 17 17 17 17 16 16 16 16 16 17 17 17 17 17 17 17 16 17 17 17 17 17 17 16 16 16 16 16 16 17 17 16 16 17 17 16 16 16 16 16 16 4 4 4 16 16 2 2 0 2 17 17 17 17 17 17 17 17 17 18 18 18 18 18 18 17 17 17 17 17 17 17 17 17 17 17 17 17 17 17 17 17 17 17 16 16 16 16 16 16 16 16 16 17 17 17 5 5 17 18 17 17 17 17 17 17 17 17 17 17 17 17 17 17 17 17 17 17 17 17 17 17 17 17 17 17 17 17 17 17 17 17 17 17 17 17 17 17 17 17 17 18 17 17 17 17 17 16 16 16 16 16 16 17 17 17 17 17 17 17 17 17 17 18 18 18 18 18 18 18 18 18 18 17 17 17 17 17 17 17 17 17 18 18 18 18 18 18 17 17 17
17 16 16 16 17 17 17 17 17 16 16 16 16 16 17 17 17 17 17 17 17 16 17 17 17 17 17 17 16 16 16 16 16 16 17 17 16 16 17 17 16 16 16 16 16 16 4 4 4 16 16 2 2 2 0 17 17 17 17 17 17 17 17 17 18 18 18 18 18 18 17 17 17 17 17 17 17 17 17 17 17 17 17 17 17 17 17 17 17 16 16 16 16 16 16 16 16 16 17 17 17 5 5 17 18 17 17 17 17 17 17 17 17 17 17 17 17 17 17 17 17 17 17 17 17 17 17 17 17 17 17 17 17 17 17 17 17 17 17 17 17 17 17 17 17 17 18 17 17 17 17 17 16 16 16 16 16 16 17 17 17 17 17 17 17 17 17 17 18 18 18 18 18 18 18 18 18 18 17 17 17 17 17 17 17 17 17 18 18 18 18 18 18 17 17 17
12 11 11 11 6 6 6 6 6 10 10 10 10 10 10 10 10 10 10 10 10 10 5 5 5 6 12 10 5 5 5 5 5 5 6 6 11 11 10 10 5 5 10 10 10 10 17 17 17 11 11 17 17 17 17 0 10 10 10 10 5 5 5 12 7 7 7 7 7 7 6 6 6 6 6 6 6 10 10 10 10 10 12 12 12 12 12 12 12 7 7 7 7 7 7 7 7 7 11 11 11 18 18 7 13 11 11 11 12 12 12 12 12 12 12 11 12 12 12 12 12 12 10 10 10 11 11 11 11 11 11 11 11 11 6 6 6 11 11 11 11 1 8 6 6 6 13 11 10 10 10 12 6 6 6 6 6 6 6 6 6 6 6 6 6 6 6 6 13 13 13 13 13 13 13 6 11 11 12 12 12 12 12 6 6 6 6 7 7 7 7 7 7 11 11 11
6 6 6 6 10 10 10 10 10 8 4 4 4 4 6 6 6 6 6 6 8 5 10 10 10 8 4 8 6 6 6 6 6 6 8 8 8 8 4 4 6 6 6 6 6 6 17 17 17 7 7 17 17 17 17 10 0 2 2 2 10 10 10 8 9 9 9 9 9 9 8 8 8 8 8 8 7 6 6 6 6 6 8 8 8 8 8 8 8 7 7 7 7 7 7 7 7 7 6 6 6 18 18 9 5 7 7 7 4 4 4 4 4 4 4 5 4 4 4 4 4 4 6 6 6 5 5 5 5 5 5 5 5 5 7 7 7 7 7 7 7 6 6 7 7 7 7 6 4 4 4 7 9 9 9 9 9 9 7 7 7 7 7 7 7 7 7 7 7 7 7 7 7 7 7 11 5 5 8 8 8 8 8 7 7 7 7 9 9 9 9 9 9 5 5 5
6 6 6 6 10 10 10 10 10 8 4 4 4 4 6 6 6 6 6 6 8 5 10 10 10 8 4 8 6 6 6 6 6 6 8 8 8 8 4 4 6 6 6 6 6 6 17 17 17 7 7 17 17 17 17 10 2 0 2 2 10 10 10 8 9 9 9 9 9 9 8 8 8 8 8 8 7 6 6 6 6 6 8 8 8 8 8 8 8 7 7 7 7 7 7 7 7 7 6 6 6 18 18 9 5 7 7 7 4 4 4 4 4 4 4 5 4 4 4 4 4 4 6 6 6 5 5 5 5 5 5 5 5 5 7 7 7 7 7 7 7 6 6 7 7 7 7 6 4 4 4 7 9 9 9 9 9 9 7 7 7 7 7 7 7 7 7 7 7 7 7 7 7 7 7 11 5 5 8 8 8 8 8 7 7 7 7 9 9 9 9 9 9 5 5 5
6 6 6 6 10 10 10 10 10 8 4 4 4 4 6 6 6 6 6 6 8 5 10 10 10 8 4 8 6 6 6 6 6 6 8 8 8 8 4 4 6 6 6 6 6 6 17 17 17 7 7 17 17 17 17 10 2 2 0 2 10 10 10 8 9 9 9 9 9 9 8 8 8 8 8 8 7 6 6 6 6 6 8 8 8 8 8 8 8 7 7 7 7 7 7 7 7 7 6 6 6 18 18 9 5 7 7 7 4 4 4 4 4 4 4 5 4 4 4 4 4 4 6 6 6 5 5 5 5 5 5 5 5 5 7 7 7 7 7 7 7 6 6 7 7 7 7 6 4 4 4 7 9 9 9 9 9 9 7 7 7 7 7 7 7 7 7 7 7 7 7 7 7 7 7 11 5 5 8 8 8 8 8 7 7 7 7 9 9 9 9 9 9 5 5 5
6 6 6 6 10 10 10 10 10 8 4 4 4 4 6 6 6 6 6 6 8 5 10 10 10 8 4 8 6 6 6 6 6 6 8 8 8 8 4 4 6 6 6 6 6 6 17 17 17 7 7 17 17 17 17 10 2 2 2 0 10 10 10 8 9 9 9 9 9 9 8 8 8 8 8 8 7 6 6 6 6 6 8 8 8 8 8 8 8 7 7 7 7 7 7 7 7 7 6 6 6 18 18 9 5 7 7 7 4 4 4 4 4 4 4 5 4 4 4 4 4 4 6 6 6 5 5 5 5 5 5 5 5 5 7 7 7 7 7 7 7 6 6 7 7 7 7 6 4 4 4 7 9 9 9 9 9 9 7 7 7 7 7 7 7 7 7 7 7 7 7 7 7 7 7 11 5 5 8 8 8 8 8 7 7 7 7 9 9 9 9 9 9 5 5 5
12 11 11 11 7 7 7 7 7 10 10 10 10 10 10 10 10 10 10 10 11 10 4 4 4 7 12 11 6 6 6 6 6 6 7 7 11 11 10 10 6 6 11 11 11 11 17 17 17 11 11 17 17 17 17 5 10 10 10 10 0 2 2 12 8 8 8 8 8 8 7 7 7 7 7 7 7 10 10 10 10 10 12 12 12 12 12 12 12 8 8 8 8 8 8 8 8 8 11 11 11 18 18 8 13 11 11 11 12 12 12 12 12 12 12 11 12 12 12 12 12 12 10 10 10 11 11 11 11 11 11 11 11 11 7 7 7 12 12 12 12 6 9 7 7 7 13 12 10 10 10 12 5 5 5 5 5 5 3 3 3 3 3 3 3 3 3 3 13 13 13 13 13 13 13 5 11 11 12 12 12 12 12 7 7 7 7 8 8 8 8 8 8 11 11 11
12 11 11 11 7 7 7 7 7 10 10 10 10 10 10 10 10 10 10 10 11 10 4 4 4 7 12 11 6 6 6 6 6 6 7 7 11 11 10 10 6 6 11 11 11 11 17 17 17 11 11 17 17 17 17 5 10 10 10 10 2 0 2 12 8 8 8 8 8 8 7 7 7 7 7 7 7 10 10 10 10 10 12 12 12 12 12 12 12 8 8 8 8 8 8 8 8 8 11 11 11 18 18 8 13 11 11 11 12 12 12 12 12 12 12 11 12 12 12 12 12 12 10 10 10 11 11 11 11 11 11 11 11 11 7 7 7 12 12 12 12 6 9 7 7 7 13 12 10 10 10 12 5 5 5 5 5 5 1 1 1 1 1 1 1 1 1 1 13 13 13 13 13 13 13 5 11 11 12 12 12 12 12 7 7 7 7 8 8 8 8 8 8 11 11 11
12 11 11 11 7 7 7 7 7 10 10 10 10 10 10 10 10 10 10 10 11 10 4 4 4 7 12 11 6 6 6 6 6 6 7 7 11 11 10 10 6 6 11 11 11 11 17 17 17 11 11 17 17 17 17 5 10 10 10 10 2 2 0 12 8 8 8 8 8 8 7 7 7 7 7 7 7 10 10 10 10 10 12 12 12 12 12 12 12 8 8 8 8 8 8 8 8 8 11 11 11 18 18 8 13 11 11 11 12 12 12 12 12 12 12 11 12 12 12 12 12 12 10 10 10 11 11 11 11 11 11 11 11 11 7 7 7 12 12 12 12 6 9 7 7 7 13 12 10 10 10 12 5 5 5 5 5 5 3 3 3 3 3 3 3 3 3 3 13 13 13 13 13 13 13 5 11 11 12 12 12 12 12 7 7 7 7 8 8 8 8 8 8 11 11 11
8 5 5 5 12 12 12 12 12 12 5 5 5 5 11 11 11 11 11 11 4 10 12 12 12 11 8 6 8 8 8 8 8 8 11 11 9 9 11 11 10 10 8 8 8 8 17 17 17 5 5 17 17 17 17 12 8 8 8 8 12 12 12 0 12 12 12 12 12 12 5 5 5 5 5 5 11 9 9 9 9 9 1 1 1 1 1 1 1 6 6 6 6 6 6 6 6 6 7 7 7 18 18 12 9 9 9 9 8 8 8 8 8 8 8 6 8 8 8 8 8 8 10 10 10 6 6 6 6 6 6 6 6 6 6 6 6 9 9 9 9 8 7 11 11 11 9 8 9 9 9 6 10 10 10 10 10 10 9 9 9 9 9 9 9 9 9 9 9 9 9 9 9 9 9 13 12 12 6 6 6 6 6 9 9 9 9 12 12 12 12 12 12 6 6 6
6 9 9 9 7 7 7 7 7 10 9 9 9 9 9 9 9 9 9 9 9 8 8 8 8 5 9 9 6 6 6 6 6 6 3 3 9 9 9 9 6 6 6 6 6 6 18 18 18 11 11 18 18 18 18 7 9 9 9 9 8 8 8 12 0 2 2 2 2 2 5 5 5 5 5 5 5 9 9 9 9 9 9 9 9 9 9 9 9 10 10 10 10 10 10 10 10 10 9 9 9 19 19 8 10 7 7 7 9 9 9 9 9 9 9 10 7 7 7 7 7 7 9 9 9 9 9 9 9 9 9 9 9 9 7 7 7 7 7 7 7 8 6 7 7 7 7 12 7 7 7 10 9 9 9 9 9 9 7 7 7 7 7 7 7 7 7 7 7 7 7 7 7 7 7 9 10 10 12 12 12 12 12 7 7 7 7 4 4 4 4 4 4 10 10 10
6 9 9 9 7 7 7 7 7 10 9 9 9 9 9 9 9 9 9 9 9 8 8 8 8 5 9 9 6 6 6 6 6 6 3 3 9 9 9 9 6 6 6 6 6 6 18 18 18 11 11 18 18 18 18 7 9 9 9 9 8 8 8 12 2 0 2 2 2 2 5 5 5 5 5 5 5 9 9 9 9 9 9 9 9 9 9 9 9 10 10 10 10 10 10 10 10 10 9 9 9 19 19 8 10 7 7 7 9 9 9 9 9 9 9 10 7 7 7 7 7 7 9 9 9 9 9 9 9 9 9 9 9 9 7 7 7 7 7 7 7 8 6 7 7 7 7 12 7 7 7 10 9 9 9 9 9 9 7 7 7 7 7 7 7 7 7 7 7 7 7 7 7 7 7 9 10 10 12 12 12 12 12 7 7 7 7 4 4 4 4 4 4 10 10 10
6 9 9 9 7 7 7 7 7 10 9 9 9 9 9 9 9 9 9 9 9 8 8 8 8 5 9 9 6 6 6 6 6 6 3 3 9 9 9 9 6 6 6 6 6 6 18 18 18 11 11 18 18 18 18 7 9 9 9 9 8 8 8 12 2 2 0 2 2 2 5 5 5 5 5 5 5 9 9 9 9 9 9 9 9 9 9 9 9 10 10 10 10 10 10 10 10 10 9 9 9 19 19 8 10 7 7 7 9 9 9 9 9 9 9 10 7 7 7 7 7 7 9 9 9 9 9 9 9 9 9 9 9 9 7 7 7 7 7 7 7 8 6 7 7 7 7 12 7 7 7 10 9 9 9 9 9 9 7 7 7 7 7 7 7 7 7 7 7 7 7 7 7 7 7 9 10 10 12 12 12 12 12 7 7 7 7 4 4 4 4 4 4 10 10 10
6 9 9 9 7 7 7 7 7 10 9 9 9 9 9 9 9 9 9 9 9 8 8 8 8 5 9 9 6 6 6 6 6 6 3 3 9 9 9 9 6 6 6 6 6 6 18 18 18 11 11 18 18 18 18 7 9 9 9 9 8 8 8 12 2 2 2 0 2 2 5 5 5 5 5 5 5 9 9 9 9 9 9 9 9 9 9 9 9 10 10 10 10 10 10 10 10 10 9 9 9 19 19 8 10 7 7 7 9 9 9 9 9 9 9 10 7 7 7 7 7 7 9 9 9 9 9 9 9 9 9 9 9 9 7 7 7 7 7 7 7 8 6 7 7 7 7 12 7 7 7 10 9 9 9 9 9 9 7 7 7 7 7 7 7 7 7 7 7 7 7 7 7 7 7 9 10 10 12 12 12 12 12 7 7 7 7 4 4 4 4 4 4 10 10 10
6 9 9 9 7 7 7 7 7 10 9 9 9 9 9 9 9 9 9 9 9 8 8 8 8 5 9 9 6 6 6 6 6 6 3 3 9 9 9 9 6 6 6 6 6 6 18 18 18 11 11 18 18 18 18 7 9 9 9 9 8 8 8 12 2 2 2 2 0 2 5 5 5 5 5 5 5 9 9 9 9 9 9 9 9 9 9 9 9 10 10 10 10 10 10 10 10 10 9 9 9 19 19 8 10 7 7 7 9 9 9 9 9 9 9 10 7 7 7 7 7 7 9 9 9 9 9 9 9 9 9 9 9 9 7 7 7 7 7 7 7 8 6 7 7 7 7 12 7 7 7 10 9 9 9 9 9 9 7 7 7 7 7 7 7 7 7 7 7 7 7 7 7 7 7 9 10 10 12 12 12 12 12 7 7 7 7 4 4 4 4 4 4 10 10 10
6 9 9 9 7 7 7 7 7 10 9 9 9 9 9 9 9 9 9 9 9 8 8 8 8 5 9 9 6 6 6 6 6 6 3 3 9 9 9 9 6 6 6 6 6 6 18 18 18 11 11 18 18 18 18 7 9 9 9 9 8 8 8 12 2 2 2 2 2 0 5 5 5 5 5 5 5 9 9 9 9 9 9 9 9 9 9 9 9 10 10 10 10 10 10 10 10 10 9 9 9 19 19 8 10 7 7 7 9 9 9 9 9 9 9 10 7 7 7 7 7 7 9 9 9 9 9 9 9 9 9 9 9 9 7 7 7 7 7 7 7 8 6 7 7 7 7 12 7 7 7 10 9 9 9 9 9 9 7 7 7 7 7 7 7 7 7 7 7 7 7 7 7 7 7 9 10 10 12 12 12 12 12 7 7 7 7 4 4 4 4 4 4 10 10 10
5 6 6 6 6 6 6 6 6 9 6 6 6 6 7 7 7 7 7 7 1 7 7 7 7 4 8 5 5 5 5 5 5 5 4 4 7 7 8 8 5 5 5 5 5 5 17 17 17 6 6 17 17 17 17 6 8 8 8 8 7 7 7 5 5 5 5 5 5 5 0 2 2 2 2 2 4 7 7 7 7 7 6 6 6 6 6 6 6 7 7 7 7 7 7 7 7 7 6 6 6 18 18 7 9 6 6 6 8 8 8 8 8 8 8 7 6 6 6 6 6 6 7 7 7 7 7 7 7 7 7 7 7 7 6 6 6 6 6 6 6 7 5 6 6 6 6 9 6 6 6 7 8 8 8 8 8 8 6 6 6 6 6 6 6 6 6 6 6 6 6 6 6 6 6 8 9 9 7 7 7 7 7 6 6 6 6 5 5 5 5 5 5 7 7 7
5 6 6 6 6 6 6 6 6 9 6 6 6 6 7 7 7 7 7 7 1 7 7 7 7 4 8 5 5 5 5 5 5 5 4 4 7 7 8 8 5 5 5 5 5 5 17 17 17 6 6 17 17 17 17 6 8 8 8 8 7 7 7 5 5 5 5 5 5 5 2 0 2 2 2 2 4 7 7 7 7 7 6 6 6 6 6 6 6 7 7 7 7 7 7 7 7 7 6 6 6 18 18 7 9 6 6 6 8 8 8 8 8 8 8 7 6 6 6 6 6 6 7 7 7 7 7 7 7 7 7 7 7 7 6 6 6 6 6 6 6 7 5 6 6 6 6 9 6 6 6 7 8 8 8 8 8 8 6 6 6 6 6 6 6 6 6 6 6 6 6 6 6 6 6 8 9 9 7 7 7 7 7 6 6 6 6 5 5 5 5 5 5 7 7 7
5 6 6 6 6 6 6 6 6 9 6 6 6 6 7 7 7 7 7 7 1 7 7 7 7 4 8 5 5 5 5 5 5 5 4 4 7 7 8 8 5 5 5 5 5 5 17 17 17 6 6 17 17 17 17 6 8 8 8 8 7 7 7 5 5 5 5 5 5 5 2 2 0 2 2 2 4 7 7 7 7 7 6 6 6 6 6 6 6 7 7 7 7 7 7 7 7 7 6 6 6 18 18 7 9 6 6 6 8 8 8 8 8 8 8 7 6 6 6 6 6 6 7 7 7 7 7 7 7 7 7 7 7 7 6 6 6 6 6 6 6 7 5 6 6 6 6 9 6 6 6 7 8 8 8 8 8 8 6 6 6 6 6 6 6 6 6 6 6 6 6 6 6 6 6 8 9 9 7 7 7 7 7 6 6 6 6 5 5 5 5 5 5 7 7 7
5 6 6 6 6 6 6 6 6 9 6 6 6 6 7 7 7 7 7 7 1 7 7 7 7 4 8 5 5 5 5 5 5 5 4 4 7 7 8 8 5 5 5 5 5 5 17 17 17 6 6 17 17 17 17 6 8 8 8 8 7 7 7 5 5 5 5 5 5 5 2 2 2 0 2 2 4 7 7 7 7 7 6 6 6 6 6 6 6 7 7 7 7 7 7 7 7 7 6 6 6 18 18 7 9 6 6 6 8 8 8 8 8 8 8 7 6 6 6 6 6 6 7 7 7 7 7 7 7 7 7 7 7 7 6 6 6 6 6 6 6 7 5 6 6 6 6 9 6 6 6 7 8 8 8 8 8 8 6 6 6 6 6 6 6 6 6 6 6 6 6 6 6 6 6 8 9 9 7 7 7 7 7 6 6 6 6 5 5 5 5 5 5 7 7 7
5 6 6 6 6 6 6 6 6 9 6 6 6 6 7 7 7 7 7 7 1 7 7 7 7 4 8 5 5 5 5 5 5 5 4 4 7 7 8 8 5 5 5 5 5 5 17 17 17 6 6 17 17 17 17 6 8 8 8 8 7 7 7 5 5 5 5 5 5 5 2 2 2 2 0 2 4 7 7 7 7 7 6 6 6 6 6 6 6 7 7 7 7 7 7 7 7 7 6 6 6 18 18 7 9 6 6 6 8 8 8 8 8 8 8 7 6 6 6 6 6 6 7 7 7 7 7 7 7 7 7 7 7 7 6 6 6 6 6 6 6 7 5 6 6 6 6 9 6 6 6 7 8 8 8 8 8 8 6 6 6 6 6 6 6 6 6 6 6 6 6 6 6 6 6 8 9 9 7 7 7 7 7 6 6 6 6 5 5 5 5 5 5 7 7 7
5 6 6 6 6 6 6 6 6 9 6 6 6 6 7 7 7 7 7 7 1 7 7 7 7 4 8 5 5 5 5 5 5 5 4 4 7 7 8 8 5 5 5 5 5 5 17 17 17 6 6 17 17 17 17 6 8 8 8 8 7 7 7 5 5 5 5 5 5 5 2 2 2 2 2 0 4 7 7 7 7 7 6 6 6 6 6 6 6 7 7 7 7 7 7 7 7 7 6 6 6 18 18 7 9 6 6 6 8 8 8 8 8 8 8 7 6 6 6 6 6 6 7 7 7 7 7 7 7 7 7 7 7 7 6 6 6 6 6 6 6 7 5 6 6 6 6 9 6 6 6 7 8 8 8 8 8 8 6 6 6 6 6 6 6 6 6 6 6 6 6 6 6 6 6 8 9 9 7 7 7 7 7 6 6 6 6 5 5 5 5 5 5 7 7 7
5 8 8 8 6 6 6 6 6 8 7 7 7 7 3 3 5 5 5 5 7 5 7 7 7 2 8 7 5 5 5 5 5 5 4 4 7 7 7 7 5 5 5 5 5 5 17 17 17 10 10 17 17 17 17 6 7 7 7 7 7 7 7 11 5 5 5 5 5 5 4 4 4 4 4 4 0 5 5 5 5 5 7 7 7 7 7 7 7 9 9 9 9 9 9 9 9 9 6 6 6 18 18 7 9 4 4 4 8 8 8 8 8 8 8 4 6 6 6 6 6 6 5 5 5 8 8 8 8 8 8 8 8 8 6 6 6 6 6 6 6 7 5 6 6 6 6 11 6 6 6 9 8 8 8 8 8 8 6 6 6 6 6 6 6 6 6 6 6 6 6 6 6 6 6 8 8 8 11 11 11 11 11 6 6 6 6 5 5 5 5 5 5 8 8 8
7 6 6 6 9 9 9 9 9 3 6 6 6 6 4 4 4 4 4 4 6 4 10 10 10 8 7 6 5 5 5 5 5 5 8 8 6 6 6 6 6 6 7 7 7 7 17 17 17 8 8 17 17 17 17 10 6 6 6 6 10 10 10 9 9 9 9 9 9 9 7 7 7 7 7 7 5 0 2 2 2 2 6 6 6 6 6 6 6 7 7 7 7 7 7 7 7 7 5 5 5 18 18 8 8 5 5 5 7 7 7 7 7 7 7 5 7 7 7 7 7 7 4 4 4 6 6 6 6 6 6 6 6 6 7 7 7 8 8 8 8 5 7 7 7 7 8 5 6 6 6 7 7 7 7 7 7 7 6 6 6 6 6 6 6 6 6 6 8 8 8 8 8 8 8 11 7 7 9 9 9 9 9 6 6 6 6 9 9 9 9 9 9 7 7 7
7 6 6 6 9 9 9 9 9 3 6 6 6 6 4 4 4 4 4 4 6 4 10 10 10 8 7 6 5 5 5 5 5 5 8 8 6 6 6 6 6 6 7 7 7 7 17 17 17 8 8 17 17 17 17 10 6 6 6 6 10 10 10 9 9 9 9 9 9 9 7 7 7 7 7 7 5 2 0 2 2 2 6 6 6 6 6 6 6 7 7 7 7 7 7 7 7 7 5 5 5 18 18 8 8 5 5 5 7 7 7 7 7 7 7 5 7 7 7 7 7 7 4 4 4 6 6 6 6 6 6 6 6 6 7 7 7 8 8 8 8 5 7 7 7 7 8 5 6 6 6 7 7 7 7 7 7 7 6 6 6 6 6 6 6 6 6 6 8 8 8 8 8 8 8 11 7 7 9 9 9 9 9 6 6 6 6 9 9 9 9 9 9 7 7 7
7 6 6 6 9 9 9 9 9 3 6 6 6 6 4 4 4 4 4 4 6 4 10 10 10 8 7 6 5 5 5 5 5 5 8 8 6 6 6 6 6 6 7 7 7 7 17 17 17 8 8 17 17 17 17 10 6 6 6 6 10 10 10 9 9 9 9 9 9 9 7 7 7 7 7 7 5 2 2 0 2 2 6 6 6 6 6 6 6 7 7 7 7 7 7 7 7 7 5 5 5 18 18 8 8 5 5 5 7 7 7 7 7 7 7 5 7 7 7 7 7 7 4 4 4 6 6 6 6 6 6 6 6 6 7 7 7 8 8 8 8 5 7 7 7 7 8 5 6 6 6 7 7 7 7 7 7 7 6 6 6 6 6 6 6 6 6 6 8 8 8 8 8 8 8 11 7 7 9 9 9 9 9 6 6 6 6 9 9 9 9 9 9 7 7 7
7 6 6 6 9 9 9 9 9 3 6 6 6 6 4 4 4 4 4 4 6 4 10 10 10 8 7 6 5 5 5 5 5 5 8 8 6 6 6 6 6 6 7 7 7 7 17 17 17 8 8 17 17 17 17 10 6 6 6 6 10 10 10 9 9 9 9 9 9 9 7 7 7 7 7 7 5 2 2 2 0 2 6 6 6 6 6 6 6 7 7 7 7 7 7 7 7 7 5 5 5 18 18 8 8 5 5 5 7 7 7 7 7 7 7 5 7 7 7 7 7 7 4 4 4 6 6 6 6 6 6 6 6 6 7 7 7 8 8 8 8 5 7 7 7 7 8 5 6 6 6 7 7 7 7 7 7 7 6 6 6 6 6 6 6 6 6 6 8 8 8 8 8 8 8 11 7 7 9 9 9 9 9 6 6 6 6 9 9 9 9 9 9 7 7 7
7 6 6 6 9 9 9 9 9 3 6 6 6 6 4 4 4 4 4 4 6 4 10 10 10 8 7 6 5 5 5 5 5 5 8 8 6 6 6 6 6 6 7 7 7 7 17 17 17 8 8 17 17 17 17 10 6 6 6 6 10 10 10 9 9 9 9 9 9 9 7 7 7 7 7 7 5 2 2 2 2 0 6 6 6 6 6 6 6 7 7 7 7 7 7 7 7 7 5 5 5 18 18 8 8 5 5 5 7 7 7 7 7 7 7 5 7 7 7 7 7 7 4 4 4 6 6 6 6 6 6 6 6 6 7 7 7 8 8 8 8 5 7 7 7 7 8 5 6 6 6 7 7 7 7 7 7 7 6 6 6 6 6 6 6 6 6 6 8 8 8 8 8 8 8 11 7 7 9 9 9 9 9 6 6 6 6 9 9 9 9 9 9 7 7 7
8 5 5 5 12 12 12 12 12 9 5 5 5 5 6 6 6 6 6 6 5 6 12 12 12 8 8 6 8 8 8 8 8 8 8 8 6 6 8 8 8 8 7 7 7 7 17 17 17 3 3 17 17 17 17 12 8 8 8 8 12 12 12 1 9 9 9 9 9 9 6 6 6 6 6 6 7 6 6 6 6 6 0 2 2 2 2 2 2 6 6 6 6 6 6 6 6 6 7 7 7 18 18 12 9 7 7 7 8 8 8 8 8 8 8 6 8 8 8 8 8 8 6 6 6 6 6 6 6 6 6 6 6 6 6 6 6 8 8 8 8 8 7 9 9 9 9 8 8 8 8 6 7 7 7 7 7 7 9 9 9 9 9 9 9 9 9 9 9 9 9 9 9 9 9 13 9 9 4 4 4 4 4 9 9 9 9 9 9 9 9 9 9 6 6 6
8 5 5 5 12 12 12 12 12 9 5 5 5 5 6 6 6 6 6 6 5 6 12 12 12 8 8 6 8 8 8 8 8 8 8 8 6 6 8 8 8 8 7 7 7 7 17 17 17 3 3 17 17 17 17 12 8 8 8 8 12 12 12 1 9 9 9 9 9 9 6 6 6 6 6 6 7 6 6 6 6 6 2 0 2 2 2 2 2 6 6 6 6 6 6 6 6 6 7 7 7 18 18 12 9 7 7 7 8 8 8 8 8 8 8 6 8 8 8 8 8 8 6 6 6 6 6 6 6 6 6 6 6 6 6 6 6 8 8 8 8 8 7 9 9 9 9 8 8 8 8 6 7 7 7 7 7 7 9 9 9 9 9 9 9 9 9 9 9 9 9 9 9 9 9 13 9 9 4 4 4 4 4 9 9 9 9 9 9 9 9 9 9 6 6 6
8 5 5 5 12 12 12 12 12 9 5 5 5 5 6 6 6 6 6 6 5 6 12 12 12 8 8 6 8 8 8 8 8 8 8 8 6 6 8 8 8 8 7 7 7 7 17 17 17 3 3 17 17 17 17 12 8 8 8 8 12 12 12 1 9 9 9 9 9 9 6 6 6 6 6 6 7 6 6 6 6 6 2 2 0 2 2 2 2 6 6 6 6 6 6 6 6 6 7 7 7 18 18 12 9 7 7 7 8 8 8 8 8 8 8 6 8 8 8 8 8 8 6 6 6 6 6 6 6 6 6 6 6 6 6 6 6 8 8 8 8 8 7 9 9 9 9 8 8 8 8 6 7 7 7 7 7 7 9 9 9 9 9 9 9 9 9 9 9 9 9 9 9 9 9 13 9 9 4 4 4 4 4 9 9 9 9 9 9 9 9 9 9 6 6 6
8 5 5 5 12 12 12 12 12 9 5 5 5 5 6 6 6 6 6 6 5 6 12 12 12 8 8 6 8 8 8 8 8 8 8 8 6 6 8 8 8 8 7 7 7 7 17 17 17 3 3 17 17 17 17 12 8 8 8 8 12 12 12 1 9 9 9 9 9 9 6 6 6 6 6 6 7 6 6 6 6 6 2 2 2 0 2 2 2 6 6 6 6 6 6 6 6 6 7 7 7 18 18 12 9 7 7 7 8 8 8 8 8 8 8 6 8 8 8 8 8 8 6 6 6 6 6 6 6 6 6 6 6 6 6 6 6 8 8 8 8 8 7 9 9 9 9 8 8 8 8 6 7 7 7 7 7 7 9 9 9 9 9 9 9 9 9 9 9 9 9 9 9 9 9 13 9 9 4 4 4 4 4 9 9 9 9 9 9 9 9 9 9 6 6 6
8 5 5 5 12 12 12 12 12 9 5 5 5 5 6 6 6 6 6 6 5 6 12 12 12 8 8 6 8 8 8 8 8 8 8 8 6 6 8 8 8 8 7 7 7 7 17 17 17 3 3 17 17 17 17 12 8 8 8 8 12 12 12 1 9 9 9 9 9 9 6 6 6 6 6 6 7 6 6 6 6 6 2 2 2 2 0 2 2 6 6 6 6 6 6 6 6 6 7 7 7 18 18 12 9 7 7 7 8 8 8 8 8 8 8 6 8 8 8 8 8 8 6 6 6 6 6 6 6 6 6 6 6 6 6 6 6 8 8 8 8 8 7 9 9 9 9 8 8 8 8 6 7 7 7 7 7 7 9 9 9 9 9 9 9 9 9 9 9 9 9 9 9 9 9 13 9 9 4 4 4 4 4 9 9 9 9 9 9 9 9 9 9 6 6 6
8 5 5 5 12 12 12 12 12 9 5 5 5 5 6 6 6 6 6 6 5 6 12 12 12 8 8 6 8 8 8 8 8 8 8 8 6 6 8 8 8 8 7 7 7 7 17 17 17 3 3 17 17 17 17 12 8 8 8 8 12 12 12 1 9 9 9 9 9 9 6 6 6 6 6 6 7 6 6 6 6 6 2 2 2 2 2 0 2 6 6 6 6 6 6 6 6 6 7 7 7 18 18 12 9 7 7 7 8 8 8 8 8 8 8 6 8 8 8 8 8 8 6 6 6 6 6 6 6 6 6 6 6 6 6 6 6 8 8 8 8 8 7 9 9 9 9 8 8 8 8 6 7 7 7 7 7 7 9 9 9 9 9 9 9 9 9 9 9 9 9 9 9 9 9 13 9 9 4 4 4 4 4 9 9 9 9 9 9 9 9 9 9 6 6 6
8 5 5 5 12 12 12 12 12 9 5 5 5 5 6 6 6 6 6 6 5 6 12 12 12 8 8 6 8 8 8 8 8 8 8 8 6 6 8 8 8 8 7 7 7 7 17 17 17 3 3 17 17 17 17 12 8 8 8 8 12 12 12 1 9 9 9 9 9 9 6 6 6 6 6 6 7 6 6 6 6 6 2 2 2 2 2 2 0 6 6 6 6 6 6 6 6 6 7 7 7 18 18 12 9 7 7 7 8 8 8 8 8 8 8 6 8 8 8 8 8 8 6 6 6 6 6 6 6 6 6 6 6 6 6 6 6 8 8 8 8 8 7 9 9 9 9 8 8 8 8 6 7 7 7 7 7 7 9 9 9 9 9 9 9 9 9 9 9 9 9 9 9 9 9 13 9 9 4 4 4 4 4 9 9 9 9 9 9 9 9 9 9 6 6 6
8 3 3 1 7 7 7 7 7 6 5 5 5 5 8 8 8 8 8 8 6 6 8 8 8 9 7 6 8 8 8 8 8 8 9 9 9 9 7 7 5 5 6 6 6 6 16 16 16 5 5 16 16 16 16 7 7 7 7 7 8 8 8 6 10 10 10 10 10 10 7 7 7 7 7 7 9 7 7 7 7 7 6 6 6 6 6 6 6 0 2 2 2 2 2 2 2 2 7 7 7 17 17 8 8 7 7 7 7 7 7 7 7 7 7 6 7 7 7 7 7 7 8 8 8 5 5 5 5 5 5 5 5 5 4 4 4 7 7 7 7 8 7 6 6 6 9 8 7 7 7 4 6 6 6 6 6 6 9 9 9 9 9 9 9 9 9 9 9 9 9 9 9 9 9 9 8 8 6 6 6 6 6 9 9 9 9 10 10 10 10 10 10 6 6 6
8 3 3 1 7 7 7 7 7 6 5 5 5 5 8 8 8 8 8 8 6 6 8 8 8 9 7 6 8 8 8 8 8 8 9 9 9 9 7 7 5 5 6 6 6 6 16 16 16 5 5 16 16 16 16 7 7 7 7 7 8 8 8 6 10 10 10 10 10 10 7 7 7 7 7 7 9 7 7 7 7 7 6 6 6 6 6 6 6 2 0 2 2 2 2 2 2 2 7 7 7 17 17 8 8 7 7 7 7 7 7 7 7 7 7 6 7 7 7 7 7 7 8 8 8 5 5 5 5 5 5 5 5 5 4 4 4 7 7 7 7 8 7 6 6 6 9 8 7 7 7 4 6 6 6 6 6 6 9 9 9 9 9 9 9 9 9 9 9 9 9 9 9 9 9 9 8 8 6 6 6 6 6 9 9 9 9 10 10 10 10 10 10 6 6 6
8 3 3 1 7 7 7 7 7 6 5 5 5 5 8 8 8 8 8 8 6 6 8 8 8 9 7 6 8 8 8 8 8 8 9 9 9 9 7 7 5 5 6 6 6 6 16 16 16 5 5 16 16 16 16 7 7 7 7 7 8 8 8 6 10 10 10 10 10 10 7 7 7 7 7 7 9 7 7 7 7 7 6 6 6 6 6 6 6 2 2 0 2 2 2 2 2 2 7 7 7 17 17 8 8 7 7 7 7 7 7 7 7 7 7 6 7 7 7 7 7 7 8 8 8 5 5 5 5 5 5 5 5 5 4 4 4 7 7 7 7 8 7 6 6 6 9 8 7 7 7 4 6 6 6 6 6 6 9 9 9 9 9 9 9 9 9 9 9 9 9 9 9 9 9 9 8 8 6 6 6 6 6 9 9 9 9 10 10 10 10 10 10 6 6 6
8 3 3 1 7 7 7 7 7 6 5 5 5 5 8 8 8 8 8 8 6 6 8 8 8 9 7 6 8 8 8 8 8 8 9 9 9 9 7 7 5 5 6 6 6 6 16 16 16 5 5 16 16 16 16 7 7 7 7 7 8 8 8 6 10 10 10 10 10 10 7 7 7 7 7 7 9 7 7 7 7 7 6 6 6 6 6 6 6 2 2 2 0 2 2 2 2 2 7 7 7 17 17 8 8 7 7 7 7 7 7 7 7 7 7 6 7 7 7 7 7 7 8 8 8 5 5 5 5 5 5 5 5 5 4 4 4 7 7 7 7 8 7 6 6 6 9 8 7 7 7 4 6 6 6 6 6 6 9 9 9 9 9 9 9 9 9 9 9 9 9 9 9 9 9 9 8 8 6 6 6 6 6 9 9 9 9 10 10 10 10 10 10 6 6 6
8 3 3 1 7 7 7 7 7 6 5 5 5 5 8 8 8 8 8 8 6 6 8 8 8 9 7 6 8 8 8 8 8 8 9 9 9 9 7 7 5 5 6 6 6 6 16 16 16 5 5 16 16 16 16 7 7 7 7 7 8 8 8 6 10 10 10 10 10 10 7 7 7 7 7 7 9 7 7 7 7 7 6 6 6 6 6 6 6 2 2 2 2 0 2 2 2 2 7 7 7 17 17 8 8 7 7 7 7 7 7 7 7 7 7 6 7 7 7 7 7 7 8 8 8 5 5 5 5 5 5 5 5 5 4 4 4 7 7 7 7 8 7 6 6 6 9 8 7 7 7 4 6 6 6 6 6 6 9 9 9 9 9 9 9 9 9 9 9 9 9 9 9 9 9 9 8 8 6 6 6 6 6 9 9 9 9 10 10 10 10 10 10 6 6 6
8 3 3 1 7 7 7 7 7 6 5 5 5 5 8 8 8 8 8 8 6 6 8 8 8 9 7 6 8 8 8 8 8 8 9 9 9 9 7 7 5 5 6 6 6 6 16 16 16 5 5 16 16 16 16 7 7 7 7 7 8 8 8 6 10 10 10 10 10 10 7 7 7 7 7 7 9 7 7 7 7 7 6 6 6 6 6 6 6 2 2 2 2 2 0 2 2 2 7 7 7 17 17 8 8 7 7 7 7 7 7 7 7 7 7 6 7 7 7 7 7 7 8 8 8 5 5 5 5 5 5 5 5 5 4 4 4 7 7 7 7 8 7 6 6 6 9 8 7 7 7 4 6 6 6 6 6 6 9 9 9 9 9 9 9 9 9 9 9 9 9 9 9 9 9 9 8 8 6 6 6 6 6 9 9 9 9 10 10 10 10 10 10 6 6 6
8 3 3 1 7 7 7 7 7 6 5 5 5 5 8 8 8 8 8 8 6 6 8 8 8 9 7 6 8 8 8 8 8 8 9 9 9 9 7 7 5 5 6 6 6 6 16 16 16 5 5 16 16 16 16 7 7 7 7 7 8 8 8 6 10 10 10 10 10 10 7 7 7 7 7 7 9 7 7 7 7 7 6 6 6 6 6 6 6 2 2 2 2 2 2 0 2 2 7 7 7 17 17 8 8 7 7 7 7 7 7 7 7 7 7 6 7 7 7 7 7 7 8 8 8 5 5 5 5 5 5 5 5 5 4 4 4 7 7 7 7 8 7 6 6 6 9 8 7 7 7 4 6 6 6 6 6 6 9 9 9 9 9 9 9 9 9 9 9 9 9 9 9 9 9 9 8 8 6 6 6 6 6 9 9 9 9 10 10 10 10 10 10 6 6 6
8 3 3 1 7 7 7 7 7 6 5 5 5 5 8 8 8 8 8 8 6 6 8 8 8 9 7 6 8 8 8 8 8 8 9 9 9 9 7 7 5 5 6 6 6 6 16 16 16 5 5 16 16 16 16 7 7 7 7 7 8 8 8 6 10 10 10 10 10 10 7 7 7 7 7 7 9 7 7 7 7 7 6 6 6 6 6 6 6 2 2 2 2 2 2 2 0 2 7 7 7 17 17 8 8 7 7 7 7 7 7 7 7 7 7 6 7 7 7 7 7 7 8 8 8 5 5 5 5 5 5 5 5 5 4 4 4 7 7 7 7 8 7 6 6 6 9 8 7 7 7 4 6 6 6 6 6 6 9 9 9 9 9 9 9 9 9 9 9 9 9 9 9 9 9 9 8 8 6 6 6 6 6 9 9 9 9 10 10 10 10 10 10 6 6 6
8 3 3 1 7 7 7 7 7 6 5 5 5 5 8 8 8 8 8 8 6 6 8 8 8 9 7 6 8 8 8 8 8 8 9 9 9 9 7 7 5 5 6 6 6 6 16 16 16 5 5 16 16 16 16 7 7 7 7 7 8 8 8 6 10 10 10 10 10 10 7 7 7 7 7 7 9 7 7 7 7 7 6 6 6 6 6 6 6 2 2 2 2 2 2 2 2 0 7 7 7 17 17 8 8 7 7 7 7 7 7 7 7 7 7 6 7 7 7 7 7 7 8 8 8 5 5 5 5 5 5 5 5 5 4 4 4 7 7 7 7 8 7 6 6 6 9 8 7 7 7 4 6 6 6 6 6 6 9 9 9 9 9 9 9 9 9 9 9 9 9 9 9 9 9 9 8 8 6 6 6 6 6 9 9 9 9 10 10 10 10 10 10 6 6 6
9 6 6 6 11 11 11 11 11 8 6 6 6 6 5 5 3 3 3 3 5 1 11 11 11 8 6 1 9 9 9 9 9 9 8 8 7 7 6 6 6 6 8 8 8 8 17 17 17 6 6 17 17 17 17 11 6 6 6 6 11 11 11 7 9 9 9 9 9 9 6 6 6 6 6 6 6 5 5 5 5 5 7 7 7 7 7 7 7 7 7 7 7 7 7 7 7 7 0 2 2 18 18 11 7 6 6 6 6 6 6 6 6 6 6 6 6 6 6 6 6 6 3 3 3 6 6 6 6 6 6 6 6 6 7 7 7 9 9 9 9 9 6 7 7 7 10 9 6 6 6 7 8 8 8 8 8 8 10 10 10 10 10 10 10 10 10 10 10 10 10 10 10 10 10 12 7 7 7 7 7 7 7 10 10 10 10 9 9 9 9 9 9 7 7 7
9 6 6 6 11 11 11 11 11 8 6 6 6 6 5 5 3 3 3 3 5 1 11 11 11 8 6 1 9 9 9 9 9 9 8 8 7 7 6 6 6 6 8 8 8 8 17 17 17 6 6 17 17 17 17 11 6 6 6 6 11 11 11 7 9 9 9 9 9 9 6 6 6 6 6 6 6 5 5 5 5 5 7 7 7 7 7 7 7 7 7 7 7 7 7 7 7 7 2 0 2 18 18 11 7 6 6 6 6 6 6 6 6 6 6 6 6 6 6 6 6 6 3 3 3 6 6 6 6 6 6 6 6 6 7 7 7 9 9 9 9 9 6 7 7 7 10 9 6 6 6 7 8 8 8 8 8 8 10 10 10 10 10 10 10 10 10 10 10 10 10 10 10 10 10 12 7 7 7 7 7 7 7 10 10 10 10 9 9 9 9 9 9 7 7 7
9 6 6 6 11 11 11 11 11 8 6 6 6 6 5 5 3 3 3 3 5 1 11 11 11 8 6 1 9 9 9 9 9 9 8 8 7 7 6 6 6 6 8 8 8 8 17 17 17 6 6 17 17 17 17 11 6 6 6 6 11 11 11 7 9 9 9 9 9 9 6 6 6 6 6 6 6 5 5 5 5 5 7 7 7 7 7 7 7 7 7 7 7 7 7 7 7 7 2 2 0 18 18 11 7 6 6 6 6 6 6 6 6 6 6 6 6 6 6 6 6 6 3 3 3 6 6 6 6 6 6 6 6 6 7 7 7 9 9 9 9 9 6 7 7 7 10 9 6 6 6 7 8 8 8 8 8 8 10 10 10 10 10 10 10 10 10 10 10 10 10 10 10 10 10 12 7 7 7 7 7 7 7 10 10 10 10 9 9 9 9 9 9 7 7 7
18 17 17 17 18 18 18 18 18 17 17 17 17 17 18 18 18 18 18 18 18 17 18 18 18 18 18 18 17 17 17 17 17 17 18 18 17 17 18 18 17 17 17 17 17 17 3 3 3 17 17 5 5 5 5 18 18 18 18 18 18 18 18 18 19 19 19 19 19 19 18 18 18 18 18 18 18 18 18 18 18 18 18 18 18 18 18 18 18 17 17 17 17 17 17 17 17 17 18 18 18 0 2 18 19 18 18 18 18 18 18 18 18 18 18 18 18 18 18 18 18 18 18 18 18 18 18 18 18 18 18 18 18 18 18 18 18 18 18 18 18 18 18 18 18 18 19 18 18 18 18 18 17 17 17 17 17 17 18 18 18 18 18 18 18 18 18 18 19 19 19 19 19 19 19 19 19 19 18 18 18 18 18 18 18 18 18 19 19 19 19 19 19 18 18 18
18 17 17 17 18 18 18 18 18 17 17 17 17 17 18 18 18 18 18 18 18 17 18 18 18 18 18 18 17 17 17 17 17 17 18 18 17 17 18 18 17 17 17 17 17 17 3 3 3 17 17 5 5 5 5 18 18 18 18 18 18 18 18 18 19 19 19 19 19 19 18 18 18 18 18 18 18 18 18 18 18 18 18 18 18 18 18 18 18 17 17 17 17 17 17 17 17 17 18 18 18 2 0 18 19 18 18 18 18 18 18 18 18 18 18 18 18 18 18 18 18 18 18 18 18 18 18 18 18 18 18 18 18 18 18 18 18 18 18 18 18 18 18 18 18 18 19 18 18 18 18 18 17 17 17 17 17 17 18 18 18 18 18 18 18 18 18 18 19 19 19 19 19 19 19 19 19 19 18 18 18 18 18 18 18 18 18 19 19 19 19 19 19 18 18 18
9 10 10 10 5 5 5 5 5 9 11 11 11 11 11 11 11 11 11 11 10 11 8 8 8 7 9 10 6 6 6 6 6 6 7 7 11 11 11 11 6 6 9 9 9 9 17 17 17 11 11 17 17 17 17 7 9 9 9 9 8 8 8 12 8 8 8 8 8 8 7 7 7 7 7 7 7 8 8 8 8 8 12 12 12 12 12 12 12 8 8 8 8 8 8 8 8 8 11 11 11 18 18 0 10 10 10 10 9 9 9 9 9 9 9 12 9 9 9 9 9 9 11 11 11 10 10 10 10 10 10 10 10 10 7 7 7 10 10 10 10 7 5 7 7 7 10 7 10 10 10 11 9 9 9 9 9 9 7 7 7 7 7 7 7 7 7 7 10 10 10 10 10 10 10 9 12 12 12 12 12 12 12 7 7 7 7 8 8 8 8 8 8 12 12 12
7 7 7 7 11 11 11 11 11 10 7 7 7 7 9 9 9 9 9 9 9 6 13 13 13 9 1 9 7 7 7 7 7 7 9 9 9 9 7 7 7 7 7 7 7 7 18 18 18 8 8 18 18 18 18 13 5 5 5 5 13 13 13 9 10 10 10 10 10 10 9 9 9 9 9 9 9 8 8 8 8 8 9 9 9 9 9 9 9 8 8 8 8 8 8 8 8 8 7 7 7 19 19 10 0 8 8 8 5 5 5 5 5 5 5 8 5 5 5 5 5 5 9 9 9 7 7 7 7 7 7 7 7 7 8 8 8 8 8 8 8 7 7 8 8 8 8 7 7 7 7 8 10 10 10 10 10 10 8 8 8 8 8 8 8 8 8 8 8 8 8 8 8 8 8 14 8 8 9 9 9 9 9 8 8 8 8 10 10 10 10 10 10 8 8 8
5 8 8 8 11 11 11 11 11 8 7 7 7 7 1 3 5 5 5 5 7 5 11 11 11 6 7 7 5 5 5 5 5 5 6 6 4 4 7 7 5 5 3 1 3 3 17 17 17 8 8 17 17 17 17 11 7 7 7 7 11 11 11 9 7 7 7 7 7 7 6 6 6 6 6 6 4 5 5 5 5 5 7 7 7 7 7 7 7 7 7 7 7 7 7 7 7 7 6 6 6 18 18 10 8 0 2 2 7 7 7 7 7 7 7 4 6 6 6 6 6 6 5 5 5 8 8 8 8 8 8 8 8 8 6 6 6 4 4 4 4 7 3 6 6 6 6 7 6 6 6 9 5 5 5 5 5 5 6 6 6 6 6 6 6 6 6 6 6 6 6 6 6 6 6 12 8 8 9 9 9 9 9 6 6 6 6 7 7 7 7 7 7 8 8 8
5 8 8 8 11 11 11 11 11 8 7 7 7 7 1 3 5 5 5 5 7 5 11 11 11 6 7 7 5 5 5 5 5 5 6 6 4 4 7 7 5 5 3 1 3 3 17 17 17 8 8 17 17 17 17 11 7 7 7 7 11 11 11 9 7 7 7 7 7 7 6 6 6 6 6 6 4 5 5 5 5 5 7 7 7 7 7 7 7 7 7 7 7 7 7 7 7 7 6 6 6 18 18 10 8 2 0 2 7 7 7 7 7 7 7 4 6 6 6 6 6 6 5 5 5 8 8 8 8 8 8 8 8 8 6 6 6 4 4 4 4 7 3 6 6 6 6 7 6 6 6 9 5 5 5 5 5 5 6 6 6 6 6 6 6 6 6 6 6 6 6 6 6 6 6 12 8 8 9 9 9 9 9 6 6 6 6 7 7 7 7 7 7 8 8 8
5 8 8 8 11 11 11 11 11 8 7 7 7 7 1 3 5 5 5 5 7 5 11 11 11 6 7 7 5 5 5 5 5 5 6 6 4 4 7 7 5 5 3 1 3 3 17 17 17 8 8 17 17 17 17 11 7 7 7 7 11 11 11 9 7 7 7 7 7 7 6 6 6 6 6 6 4 5 5 5 5 5 7 7 7 7 7 7 7 7 7 7 7 7 7 7 7 7 6 6 6 18 18 10 8 2 2 0 7 7 7 7 7 7 7 4 6 6 6 6 6 6 5 5 5 8 8 8 8 8 8 8 8 8 6 6 6 4 4 4 4 7 3 6 6 6 6 7 6 6 6 9 5 5 5 5 5 5 6 6 6 6 6 6 6 6 6 6 6 6 6 6 6 6 6 12 8 8 9 9 9 9 9 6 6 6 6 7 7 7 7 7 7 8 8 8
6 6 6 6 10 10 10 10 10 9 6 6 6 6 8 8 8 8 8 8 8 5 12 12 12 8 4 8 6 6 6 6 6 6 8 8 8 8 6 6 6 6 6 6 6 6 17 17 17 7 7 17 17 17 17 12 4 4 4 4 12 12 12 8 9 9 9 9 9 9 8 8 8 8 8 8 8 7 7 7 7 7 8 8 8 8 8 8 8 7 7 7 7 7 7 7 7 7 6 6 6 18 18 9 5 7 7 7 0 2 2 2 2 2 2 7 2 2 2 2 2 2 8 8 8 6 6 6 6 6 6 6 6 6 7 7 7 7 7 7 7 6 6 7 7 7 7 6 6 6 6 7 9 9 9 9 9 9 7 7 7 7 7 7 7 7 7 7 7 7 7 7 7 7 7 13 7 7 8 8 8 8 8 7 7 7 7 9 9 9 9 9 9 7 7 7
6 6 6 6 10 10 10 10 10 9 6 6 6 6 8 8 8 8 8 8 8 5 12 12 12 8 4 8 6 6 6 6 6 6 8 8 8 8 6 6 6 6 6 6 6 6 17 17 17 7 7 17 17 17 17 12 4 4 4 4 12 12 12 8 9 9 9 9 9 9 8 8 8 8 8 8 8 7 7 7 7 7 8 8 8 8 8 8 8 7 7 7 7 7 7 7 7 7 6 6 6 18 18 9 5 7 7 7 2 0 2 2 2 2 2 7 2 2 2 2 2 2 8 8 8 6 6 6 6 6 6 6 6 6 7 7 7 7 7 7 7 6 6 7 7 7 7 6 6 6 6 7 9 9 9 9 9 9 7 7 7 7 7 7 7 7 7 7 7 7 7 7 7 7 7 13 7 7 8 8 8 8 8 7 7 7 7 9 9 9 9 9 9 7 7 7
6 6 6 6 10 10 10 10 10 9 6 6 6 6 8 8 8 8 8 8 8 5 12 12 12 8 4 8 6 6 6 6 6 6 8 8 8 8 6 6 6 6 6 6 6 6 17 17 17 7 7 17 17 17 17 12 4 4 4 4 12 12 12 8 9 9 9 9 9 9 8 8 8 8 8 8 8 7 7 7 7 7 8 8 8 8 8 8 8 7 7 7 7 7 7 7 7 7 6 6 6 18 18 9 5 7 7 7 2 2 0 2 2 2 2 7 2 2 2 2 2 2 8 8 8 6 6 6 6 6 6 6 6 6 7 7 7 7 7 7 7 6 6 7 7 7 7 6 6 6 6 7 9 9 9 9 9 9 7 7 7 7 7 7 7 7 7 7 7 7 7 7 7 7 7 13 7 7 8 8 8 8 8 7 7 7 7 9 9 9 9 9 9 7 7 7
6 6 6 6 10 10 10 10 10 9 6 6 6 6 8 8 8 8 8 8 8 5 12 12 12 8 4 8 6 6 6 6 6 6 8 8 8 8 6 6 6 6 6 6 6 6 17 17 17 7 7 17 17 17 17 12 4 4 4 4 12 12 12 8 9 9 9 9 9 9 8 8 8 8 8 8 8 7 7 7 7 7 8 8 8 8 8 8 8 7 7 7 7 7 7 7 7 7 6 6 6 18 18 9 5 7 7 7 2 2 2 0 2 2 2 7 2 2 2 2 2 2 8 8 8 6 6 6 6 6 6 6 6 6 7 7 7 7 7 7 7 6 6 7 7 7 7 6 6 6 6 7 9 9 9 9 9 9 7 7 7 7 7 7 7 7 7 7 7 7 7 7 7 7 7 13 7 7 8 8 8 8 8 7 7 7 7 9 9 9 9 9 9 7 7 7
6 6 6 6 10 10 10 10 10 9 6 6 6 6 8 8 8 8 8 8 8 5 12 12 12 8 4 8 6 6 6 6 6 6 8 8 8 8 6 6 6 6 6 6 6 6 17 17 17 7 7 17 17 17 17 12 4 4 4 4 12 12 12 8 9 9 9 9 9 9 8 8 8 8 8 8 8 7 7 7 7 7 8 8 8 8 8 8 8 7 7 7 7 7 7 7 7 7 6 6 6 18 18 9 5 7 7 7 2 2 2 2 0 2 2 7 2 2 2 2 2 2 8 8 8 6 6 6 6 6 6 6 6 6 7 7 7 7 7 7 7 6 6 7 7 7 7 6 6 6 6 7 9 9 9 9 9 9 7 7 7 7 7 7 7 7 7 7 7 7 7 7 7 7 7 13 7 7 8 8 8 8 8 7 7 7 7 9 9 9 9 9 9 7 7 7
6 6 6 6 10 10 10 10 10 9 6 6 6 6 8 8 8 8 8 8 8 5 12 12 12 8 4 8 6 6 6 6 6 6 8 8 8 8 6 6 6 6 6 6 6 6 17 17 17 7 7 17 17 17 17 12 4 4 4 4 12 12 12 8 9 9 9 9 9 9 8 8 8 8 8 8 8 7 7 7 7 7 8 8 8 8 8 8 8 7 7 7 7 7 7 7 7 7 6 6 6 18 18 9 5 7 7 7 2 2 2 2 2 0 2 7 2 2 2 2 2 2 8 8 8 6 6 6 6 6 6 6 6 6 7 7 7 7 7 7 7 6 6 7 7 7 7 6 6 6 6 7 9 9 9 9 9 9 7 7 7 7 7 7 7 7 7 7 7 7 7 7 7 7 7 13 7 7 8 8 8 8 8 7 7 7 7 9 9 9 9 9 9 7 7 7
6 6 6 6 10 10 10 10 10 9 6 6 6 6 8 8 8 8 8 8 8 5 12 12 12 8 4 8 6 6 6 6 6 6 8 8 8 8 6 6 6 6 6 6 6 6 17 17 17 7 7 17 17 17 17 12 4 4 4 4 12 12 12 8 9 9 9 9 9 9 8 8 8 8 8 8 8 7 7 7 7 7 8 8 8 8 8 8 8 7 7 7 7 7 7 7 7 7 6 6 6 18 18 9 5 7 7 7 2 2 2 2 2 2 0 7 2 2 2 2 2 2 8 8 8 6 6 6 6 6 6 6 6 6 7 7 7 7 7 7 7 6 6 7 7 7 7 6 6 6 6 7 9 9 9 9 9 9 7 7 7 7 7 7 7 7 7 7 7 7 7 7 7 7 7 13 7 7 8 8 8 8 8 7 7 7 7 9 9 9 9 9 9 7 7 7
8 5 5 5 11 11 11 11 11 8 3 3 3 1 3 3 5 5 5 5 6 5 11 11 11 9 7 6 8 8 8 8 8 8 9 9 7 7 5 5 7 7 8 8 8 8 17 17 17 5 5 17 17 17 17 11 5 5 5 5 11 11 11 6 10 10 10 10 10 10 7 7 7 7 7 7 4 5 5 5 5 5 6 6 6 6 6 6 6 6 6 6 6 6 6 6 6 6 6 6 6 18 18 12 8 4 4 4 7 7 7 7 7 7 7 0 7 7 7 7 7 7 5 5 5 4 4 4 4 4 4 4 4 4 6 6 6 9 9 9 9 8 7 8 8 8 9 8 5 5 5 6 8 8 8 8 8 8 9 9 9 9 9 9 9 9 9 9 9 9 9 9 9 9 9 12 6 6 6 6 6 6 6 9 9 9 9 10 10 10 10 10 10 4 4 4
3 6 6 6 10 10 10 10 10 9 6 6 6 6 8 8 8 8 8 8 8 5 12 12 12 6 4 8 5 5 5 5 5 5 6 6 8 8 6 6 5 5 5 5 5 5 17 17 17 7 7 17 17 17 17 12 4 4 4 4 12 12 12 8 7 7 7 7 7 7 6 6 6 6 6 6 6 7 7 7 7 7 8 8 8 8 8 8 8 7 7 7 7 7 7 7 7 7 6 6 6 18 18 9 5 6 6 6 2 2 2 2 2 2 2 7 0 2 2 2 2 2 8 8 8 6 6 6 6 6 6 6 6 6 6 6 6 6 6 6 6 6 5 6 6 6 4 6 4 4 4 7 9 9 9 9 9 9 6 6 6 6 6 6 6 6 6 6 2 2 2 2 2 2 2 13 7 7 8 8 8 8 8 6 6 6 6 7 7 7 7 7 7 7 7 7
3 6 6 6 10 10 10 10 10 9 6 6 6 6 8 8 8 8 8 8 8 5 12 12 12 6 4 8 5 5 5 5 5 5 6 6 8 8 6 6 5 5 5 5 5 5 17 17 17 7 7 17 17 17 17 12 4 4 4 4 12 12 12 8 7 7 7 7 7 7 6 6 6 6 6 6 6 7 7 7 7 7 8 8 8 8 8 8 8 7 7 7 7 7 7 7 7 7 6 6 6 18 18 9 5 6 6 6 2 2 2 2 2 2 2 7 2 0 2 2 2 2 8 8 8 6 6 6 6 6 6 6 6 6 6 6 6 6 6 6 6 6 5 6 6 6 4 6 4 4 4 7 9 9 9 9 9 9 6 6 6 6 6 6 6 6 6 6 2 2 2 2 2 2 2 13 7 7 8 8 8 8 8 6 6 6 6 7 7 7 7 7 7 7 7 7
3 6 6 6 10 10 10 10 10 9 6 6 6 6 8 8 8 8 8 8 8 5 12 12 12 6 4 8 5 5 5 5 5 5 6 6 8 8 6 6 5 5 5 5 5 5 17 17 17 7 7 17 17 17 17 12 4 4 4 4 12 12 12 8 7 7 7 7 7 7 6 6 6 6 6 6 6 7 7 7 7 7 8 8 8 8 8 8 8 7 7 7 7 7 7 7 7 7 6 6 6 18 18 9 5 6 6 6 2 2 2 2 2 2 2 7 2 2 0 2 2 2 8 8 8 6 6 6 6 6 6 6 6 6 6 6 6 6 6 6 6 6 5 6 6 6 4 6 4 4 4 7 9 9 9 9 9 9 6 6 6 6 6 6 6 6 6 6 2 2 2 2 2 2 2 13 7 7 8 8 8 8 8 6 6 6 6 7 7 7 7 7 7 7 7 7
3 6 6 6 10 10 10 10 10 9 6 6 6 6 8 8 8 8 8 8 8 5 12 12 12 6 4 8 5 5 5 5 5 5 6 6 8 8 6 6 5 5 5 5 5 5 17 17 17 7 7 17 17 17 17 12 4 4 4 4 12 12 12 8 7 7 7 7 7 7 6 6 6 6 6 6 6 7 7 7 7 7 8 8 8 8 8 8 8 7 7 7 7 7 7 7 7 7 6 6 6 18 18 9 5 6 6 6 2 2 2 2 2 2 2 7 2 2 2 0 2 2 8 8 8 6 6 6 6 6 6 6 6 6 6 6 6 6 6 6 6 6 5 6 6 6 4 6 4 4 4 7 9 9 9 9 9 9 6 6 6 6 6 6 6 6 6 6 2 2 2 2 2 2 2 13 7 7 8 8 8 8 8 6 6 6 6 7 7 7 7 7 7 7 7 7
3 6 6 6 10 10 10 10 10 9 6 6 6 6 8 8 8 8 8 8 8 5 12 12 12 6 4 8 5 5 5 5 5 5 6 6 8 8 6 6 5 5 5 5 5 5 17 17 17 7 7 17 17 17 17 12 4 4 4 4 12 12 12 8 7 7 7 7 7 7 6 6 6 6 6 6 6 7 7 7 7 7 8 8 8 8 8 8 8 7 7 7 7 7 7 7 7 7 6 6 6 18 18 9 5 6 6 6 2 2 2 2 2 2 2 7 2 2 2 2 0 2 8 8 8 6 6 6 6 6 6 6 6 6 6 6 6 6 6 6 6 6 5 6 6 6 4 6 4 4 4 7 9 9 9 9 9 9 6 6 6 6 6 6 6 6 6 6 2 2 2 2 2 2 2 13 7 7 8 8 8 8 8 6 6 6 6 7 7 7 7 7 7 7 7 7
3 6 6 6 10 10 10 10 10 9 6 6 6 6 8 8 8 8 8 8 8 5 12 12 12 6 4 8 5 5 5 5 5 5 6 6 8 8 6 6 5 5 5 5 5 5 17 17 17 7 7 17 17 17 17 12 4 4 4 4 12 12 12 8 7 7 7 7 7 7 6 6 6 6 6 6 6 7 7 7 7 7 8 8 8 8 8 8 8 7 7 7 7 7 7 7 7 7 6 6 6 18 18 9 5 6 6 6 2 2 2 2 2 2 2 7 2 2 2 2 2 0 8 8 8 6 6 6 6 6 6 6 6 6 6 6 6 6 6 6 6 6 5 6 6 6 4 6 4 4 4 7 9 9 9 9 9 9 6 6 6 6 6 6 6 6 6 6 2 2 2 2 2 2 2 13 7 7 8 8 8 8 8 6 6 6 6 7 7 7 7 7 7 7 7 7
10 8 8 8 10 10 10 10 10 7 6 6 6 6 4 4 2 2 2 2 6 2 10 10 10 8 8 6 9 9 9 9 9 9 8 8 1 3 6 6 8 8 4 4 4 4 17 17 17 9 9 17 17 17 17 10 6 6 6 6 10 10 10 10 9 9 9 9 9 9 7 7 7 7 7 7 5 4 4 4 4 4 6 6 6 6 6 6 6 8 8 8 8 8 8 8 8 8 3 3 3 18 18 11 9 5 5 5 8 8 8 8 8 8 8 5 8 8 8 8 8 8 0 2 2 7 7 7 7 7 7 7 7 7 9 9 9 5 5 5 5 10 7 9 9 9 11 10 6 6 6 9 4 4 4 4 4 4 10 10 10 10 10 10 10 10 10 10 11 11 11 11 11 11 11 11 7 7 10 10 10 10 10 10 10 10 10 9 9 9 9 9 9 7 7 7
10 8 8 8 10 10 10 10 10 7 6 6 6 6 4 4 2 2 2 2 6 2 10 10 10 8 8 6 9 9 9 9 9 9 8 8 1 3 6 6 8 8 4 4 4 4 17 17 17 9 9 17 17 17 17 10 6 6 6 6 10 10 10 10 9 9 9 9 9 9 7 7 7 7 7 7 5 4 4 4 4 4 6 6 6 6 6 6 6 8 8 8 8 8 8 8 8 8 3 3 3 18 18 11 9 5 5 5 8 8 8 8 8 8 8 5 8 8 8 8 8 8 2 0 2 7 7 7 7 7 7 7 7 7 9 9 9 5 5 5 5 10 7 9 9 9 11 10 6 6 6 9 4 4 4 4 4 4 10 10 10 10 10 10 10 10 10 10 11 11 11 11 11 11 11 11 7 7 10 10 10 10 10 10 10 10 10 9 9 9 9 9 9 7 7 7
10 8 8 8 10 10 10 10 10 7 6 6 6 6 4 4 2 2 2 2 6 2 10 10 10 8 8 6 9 9 9 9 9 9 8 8 1 3 6 6 8 8 4 4 4 4 17 17 17 9 9 17 17 17 17 10 6 6 6 6 10 10 10 10 9 9 9 9 9 9 7 7 7 7 7 7 5 4 4 4 4 4 6 6 6 6 6 6 6 8 8 8 8 8 8 8 8 8 3 3 3 18 18 11 9 5 5 5 8 8 8 8 8 8 8 5 8 8 8 8 8 8 2 2 0 7 7 7 7 7 7 7 7 7 9 9 9 5 5 5 5 10 7 9 9 9 11 10 6 6 6 9 4 4 4 4 4 4 10 10 10 10 10 10 10 10 10 10 11 11 11 11 11 11 11 11 7 7 10 10 10 10 10 10 10 10 10 9 9 9 9 9 9 7 7 7
8 4 4 4 9 9 9 9 9 5 3 1 3 3 7 7 7 7 7 7 6 5 11 11 11 8 6 6 8 8 8 8 8 8 8 8 8 8 5 5 4 4 8 8 8 8 17 17 17 5 5 17 17 17 17 11 5 5 5 5 11 11 11 6 9 9 9 9 9 9 7 7 7 7 7 7 8 6 6 6 6 6 6 6 6 6 6 6 6 5 5 5 5 5 5 5 5 5 6 6 6 18 18 10 7 8 8 8 6 6 6 6 6 6 6 4 6 6 6 6 6 6 7 7 7 0 2 2 2 2 2 2 2 2 5 5 5 9 9 9 9 8 7 5 5 5 9 8 5 5 5 5 8 8 8 8 8 8 9 9 9 9 9 9 9 9 9 9 9 9 9 9 9 9 9 12 6 6 6 6 6 6 6 9 9 9 9 9 9 9 9 9 9 4 4 4
8 4 4 4 9 9 9 9 9 5 3 1 3 3 7 7 7 7 7 7 6 5 11 11 11 8 6 6 8 8 8 8 8 8 8 8 8 8 5 5 4 4 8 8 8 8 17 17 17 5 5 17 17 17 17 11 5 5 5 5 11 11 11 6 9 9 9 9 9 9 7 7 7 7 7 7 8 6 6 6 6 6 6 6 6 6 6 6 6 5 5 5 5 5 5 5 5 5 6 6 6 18 18 10 7 8 8 8 6 6 6 6 6 6 6 4 6 6 6 6 6 6 7 7 7 2 0 2 2 2 2 2 2 2 5 5 5 9 9 9 9 8 7 5 5 5 9 8 5 5 5 5 8 8 8 8 8 8 9 9 9 9 9 9 9 9 9 9 9 9 9 9 9 9 9 12 6 6 6 6 6 6 6 9 9 9 9 9 9 9 9 9 9 4 4 4
8 4 4 4 9 9 9 9 9 5 3 1 3 3 7 7 7 7 7 7 6 5 11 11 11 8 6 6 8 8 8 8 8 8 8 8 8 8 5 5 4 4 8 8 8 8 17 17 17 5 5 17 17 17 17 11 5 5 5 5 11 11 11 6 9 9 9 9 9 9 7 7 7 7 7 7 8 6 6 6 6 6 6 6 6 6 6 6 6 5 5 5 5 5 5 5 5 5 6 6 6 18 18 10 7 8 8 8 6 6 6 6 6 6 6 4 6 6 6 6 6 6 7 7 7 2 2 0 2 2 2 2 2 2 5 5 5 9 9 9 9 8 7 5 5 5 9 8 5 5 5 5 8 8 8 8 8 8 9 9 9 9 9 9 9 9 9 9 9 9 9 9 9 9 9 12 6 6 6 6 6 6 6 9 9 9 9 9 9 9 9 9 9 4 4 4
8 4 4 4 9 9 9 9 9 5 3 1 3 3 7 7 7 7 7 7 6 5 11 11 11 8 6 6 8 8 8 8 8 8 8 8 8 8 5 5 4 4 8 8 8 8 17 17 17 5 5 17 17 17 17 11 5 5 5 5 11 11 11 6 9 9 9 9 9 9 7 7 7 7 7 7 8 6 6 6 6 6 6 6 6 6 6 6 6 5 5 5 5 5 5 5 5 5 6 6 6 18 18 10 7 8 8 8 6 6 6 6 6 6 6 4 6 6 6 6 6 6 7 7 7 2 2 2 0 2 2 2 2 2 5 5 5 9 9 9 9 8 7 5 5 5 9 8 5 5 5 5 8 8 8 8 8 8 9 9 9 9 9 9 9 9 9 9 9 9 9 9 9 9 9 12 6 6 6 6 6 6 6 9 9 9 9 9 9 9 9 9 9 4 4 4
8 4 4 4 9 9 9 9 9 5 3 1 3 3 7 7 7 7 7 7 6 5 11 11 11 8 6 6 8 8 8 8 8 8 8 8 8 8 5 5 4 4 8 8 8 8 17 17 17 5 5 17 17 17 17 11 5 5 5 5 11 11 11 6 9 9 9 9 9 9 7 7 7 7 7 7 8 6 6 6 6 6 6 6 6 6 6 6 6 5 5 5 5 5 5 5 5 5 6 6 6 18 18 10 7 8 8 8 6 6 6 6 6 6 6 4 6 6 6 6 6 6 7 7 7 2 2 2 2 0 2 2 2 2 5 5 5 9 9 9 9 8 7 5 5 5 9 8 5 5 5 5 8 8 8 8 8 8 9 9 9 9 9 9 9 9 9 9 9 9 9 9 9 9 9 12 6 6 6 6 6 6 6 9 9 9 9 9 9 9 9 9 9 4 4 4
8 4 4 4 9 9 9 9 9 5 3 1 3 3 7 7 7 7 7 7 6 5 11 11 11 8 6 6 8 8 8 8 8 8 8 8 8 8 5 5 4 4 8 8 8 8 17 17 17 5 5 17 17 17 17 11 5 5 5 5 11 11 11 6 9 9 9 9 9 9 7 7 7 7 7 7 8 6 6 6 6 6 6 6 6 6 6 6 6 5 5 5 5 5 5 5 5 5 6 6 6 18 18 10 7 8 8 8 6 6 6 6 6 6 6 4 6 6 6 6 6 6 7 7 7 2 2 2 2 2 0 2 2 2 5 5 5 9 9 9 9 8 7 5 5 5 9 8 5 5 5 5 8 8 8 8 8 8 9 9 9 9 9 9 9 9 9 9 9 9 9 9 9 9 9 12 6 6 6 6 6 6 6 9 9 9 9 9 9 9 9 9 9 4 4 4
8 4 4 4 9 9 9 9 9 5 3 1 3 3 7 7 7 7 7 7 6 5 11 11 11 8 6 6 8 8 8 8 8 8 8 8 8 8 5 5 4 4 8 8 8 8 17 17 17 5 5 17 17 17 17 11 5 5 5 5 11 11 11 6 9 9 9 9 9 9 7 7 7 7 7 7 8 6 6 6 6 6 6 6 6 6 6 6 6 5 5 5 5 5 5 5 5 5 6 6 6 18 18 10 7 8 8 8 6 6 6 6 6 6 6 4 6 6 6 6 6 6 7 7 7 2 2 2 2 2 2 0 2 2 5 5 5 9 9 9 9 8 7 5 5 5 9 8 5 5 5 5 8 8 8 8 8 8 9 9 9 9 9 9 9 9 9 9 9 9 9 9 9 9 9 12 6 6 6 6 6 6 6 9 9 9 9 9 9 9 9 9 9 4 4 4
8 4 4 4 9 9 9 9 9 5 3 1 3 3 7 7 7 7 7 7 6 5 11 11 11 8 6 6 8 8 8 8 8 8 8 8 8 8 5 5 4 4 8 8 8 8 17 17 17 5 5 17 17 17 17 11 5 5 5 5 11 11 11 6 9 9 9 9 9 9 7 7 7 7 7 7 8 6 6 6 6 6 6 6 6 6 6 6 6 5 5 5 5 5 5 5 5 5 6 6 6 18 18 10 7 8 8 8 6 6 6 6 6 6 6 4 6 6 6 6 6 6 7 7 7 2 2 2 2 2 2 2 0 2 5 5 5 9 9 9 9 8 7 5 5 5 9 8 5 5 5 5 8 8 8 8 8 8 9 9 9 9 9 9 9 9 9 9 9 9 9 9 9 9 9 12 6 6 6 6 6 6 6 9 9 9 9 9 9 9 9 9 9 4 4 4
8 4 4 4 9 9 9 9 9 5 3 1 3 3 7 7 7 7 7 7 6 5 11 11 11 8 6 6 8 8 8 8 8 8 8 8 8 8 5 5 4 4 8 8 8 8 17 17 17 5 5 17 17 17 17 11 5 5 5 5 11 11 11 6 9 9 9 9 9 9 7 7 7 7 7 7 8 6 6 6 6 6 6 6 6 6 6 6 6 5 5 5 5 5 5 5 5 5 6 6 6 18 18 10 7 8 8 8 6 6 6 6 6 6 6 4 6 6 6 6 6 6 7 7 7 2 2 2 2 2 2 2 2 0 5 5 5 9 9 9 9 8 7 5 5 5 9 8 5 5 5 5 8 8 8 8 8 8 9 9 9 9 9 9 9 9 9 9 9 9 9 9 9 9 9 12 6 6 6 6 6 6 6 9 9 9 9 9 9 9 9 9 9 4 4 4
5 3 3 3 6 6 6 6 6 6 5 5 5 5 9 9 9 9 9 9 6 6 7 7 7 6 7 6 5 5 5 5 5 5 6 6 9 9 7 7 1 3 5 5 5 5 17 17 17 5 5 17 17 17 17 6 7 7 7 7 7 7 7 6 7 7 7 7 7 7 6 6 6 6 6 6 6 7 7 7 7 7 6 6 6 6 6 6 6 4 4 4 4 4 4 4 4 4 7 7 7 18 18 7 8 6 6 6 7 7 7 7 7 7 7 6 6 6 6 6 6 6 9 9 9 5 5 5 5 5 5 5 5 5 0 2 2 6 6 6 6 7 5 4 4 4 6 8 6 6 6 4 8 8 8 8 8 8 6 6 6 6 6 6 6 6 6 6 6 6 6 6 6 6 6 8 8 8 6 6 6 6 6 6 6 6 6 7 7 7 7 7 7 6 6 6
5 3 3 3 6 6 6 6 6 6 5 5 5 5 9 9 9 9 9 9 6 6 7 7 7 6 7 6 5 5 5 5 5 5 6 6 9 9 7 7 1 3 5 5 5 5 17 17 17 5 5 17 17 17 17 6 7 7 7 7 7 7 7 6 7 7 7 7 7 7 6 6 6 6 6 6 6 7 7 7 7 7 6 6 6 6 6 6 6 4 4 4 4 4 4 4 4 4 7 7 7 18 18 7 8 6 6 6 7 7 7 7 7 7 7 6 6 6 6 6 6 6 9 9 9 5 5 5 5 5 5 5 5 5 2 0 2 6 6 6 6 7 5 4 4 4 6 8 6 6 6 4 8 8 8 8 8 8 6 6 6 6 6 6 6 6 6 6 6 6 6 6 6 6 6 8 8 8 6 6 6 6 6 6 6 6 6 7 7 7 7 7 7 6 6 6
5 3 3 3 6 6 6 6 6 6 5 5 5 5 9 9 9 9 9 9 6 6 7 7 7 6 7 6 5 5 5 5 5 5 6 6 9 9 7 7 1 3 5 5 5 5 17 17 17 5 5 17 17 17 17 6 7 7 7 7 7 7 7 6 7 7 7 7 7 7 6 6 6 6 6 6 6 7 7 7 7 7 6 6 6 6 6 6 6 4 4 4 4 4 4 4 4 4 7 7 7 18 18 7 8 6 6 6 7 7 7 7 7 7 7 6 6 6 6 6 6 6 9 9 9 5 5 5 5 5 5 5 5 5 2 2 0 6 6 6 6 7 5 4 4 4 6 8 6 6 6 4 8 8 8 8 8 8 6 6 6 6 6 6 6 6 6 6 6 6 6 6 6 6 6 8 8 8 6 6 6 6 6 6 6 6 6 7 7 7 7 7 7 6 6 6
5 8 8 8 11 11 11 11 11 8 8 8 8 8 8 8 8 8 8 8 8 8 12 12 12 6 7 8 5 5 5 5 5 5 6 6 4 4 10 10 5 5 3 3 3 3 17 17 17 8 8 17 17 17 17 11 7 7 7 7 12 12 12 9 7 7 7 7 7 7 6 6 6 6 6 6 6 8 8 8 8 8 8 8 8 8 8 8 8 7 7 7 7 7 7 7 7 7 9 9 9 18 18 10 8 4 4 4 7 7 7 7 7 7 7 9 6 6 6 6 6 6 5 5 5 9 9 9 9 9 9 9 9 9 6 6 6 0 2 2 2 7 3 6 6 6 6 7 6 6 6 9 5 5 5 5 5 5 6 6 6 6 6 6 6 6 6 6 6 6 6 6 6 6 6 13 11 11 9 9 9 9 9 6 6 6 6 7 7 7 7 7 7 9 9 9
5 8 8 8 11 11 11 11 11 8 8 8 8 8 8 8 8 8 8 8 8 8 12 12 12 6 7 8 5 5 5 5 5 5 6 6 4 4 10 10 5 5 3 3 3 3 17 17 17 8 8 17 17 17 17 11 7 7 7 7 12 12 12 9 7 7 7 7 7 7 6 6 6 6 6 6 6 8 8 8 8 8 8 8 8 8 8 8 8 7 7 7 7 7 7 7 7 7 9 9 9 18 18 10 8 4 4 4 7 7 7 7 7 7 7 9 6 6 6 6 6 6 5 5 5 9 9 9 9 9 9 9 9 9 6 6 6 2 0 2 2 7 3 6 6 6 6 7 6 6 6 9 5 5 5 5 5 5 6 6 6 6 6 6 6 6 6 6 6 6 6 6 6 6 6 13 11 11 9 9 9 9 9 6 6 6 6 7 7 7 7 7 7 9 9 9
5 8 8 8 11 11 11 11 11 8 8 8 8 8 8 8 8 8 8 8 8 8 12 12 12 6 7 8 5 5 5 5 5 5 6 6 4 4 10 10 5 5 3 3 3 3 17 17 17 8 8 17 17 17 17 11 7 7 7 7 12 12 12 9 7 7 7 7 7 7 6 6 6 6 6 6 6 8 8 8 8 8 8 8 8 8 8 8 8 7 7 7 7 7 7 7 7 7 9 9 9 18 18 10 8 4 4 4 7 7 7 7 7 7 7 9 6 6 6 6 6 6 5 5 5 9 9 9 9 9 9 9 9 9 6 6 6 2 2 0 2 7 3 6 6 6 6 7 6 6 6 9 5 5 5 5 5 5 6 6 6 6 6 6 6 6 6 6 6 6 6 6 6 6 6 13 11 11 9 9 9 9 9 6 6 6 6 7 7 7 7 7 7 9 9 9
5 8 8 8 11 11 11 11 11 8 8 8 8 8 8 8 8 8 8 8 8 8 12 12 12 6 7 8 5 5 5 5 5 5 6 6 4 4 10 10 5 5 3 3 3 3 17 17 17 8 8 17 17 17 17 11 7 7 7 7 12 12 12 9 7 7 7 7 7 7 6 6 6 6 6 6 6 8 8 8 8 8 8 8 8 8 8 8 8 7 7 7 7 7 7 7 7 7 9 9 9 18 18 10 8 4 4 4 7 7 7 7 7 7 7 9 6 6 6 6 6 6 5 5 5 9 9 9 9 9 9 9 9 9 6 6 6 2 2 2 0 7 3 6 6 6 6 7 6 6 6 9 5 5 5 5 5 5 6 6 6 6 6 6 6 6 6 6 6 6 6 6 6 6 6 13 11 11 9 9 9 9 9 6 6 6 6 7 7 7 7 7 7 9 9 9
6 7 7 7 7 7 7 7 7 10 7 7 7 7 11 11 11 11 11 11 8 10 6 6 6 7 6 8 2 2 2 2 2 2 7 7 9 9 11 11 6 6 6 6 6 6 17 17 17 7 7 17 17 17 17 1 6 6 6 6 6 6 6 8 8 8 8 8 8 8 7 7 7 7 7 7 7 5 5 5 5 5 8 8 8 8 8 8 8 8 8 8 8 8 8 8 8 8 9 9 9 18 18 7 7 7 7 7 6 6 6 6 6 6 6 8 6 6 6 6 6 6 10 10 10 8 8 8 8 8 8 8 8 8 7 7 7 7 7 7 7 0 6 7 7 7 7 4 7 7 7 8 7 7 7 7 7 7 3 3 3 3 3 3 3 3 3 3 7 7 7 7 7 7 7 7 12 12 8 8 8 8 8 3 3 3 3 8 8 8 8 8 8 8 8 8
4 6 6 6 6 6 6 6 6 10 6 6 6 6 7 7 7 7 7 7 5 7 9 9 9 5 6 5 4 4 4 4 4 4 5 5 7 7 9 9 4 4 2 2 2 2 17 17 17 6 6 17 17 17 17 8 6 6 6 6 9 9 9 7 6 6 6 6 6 6 5 5 5 5 5 5 5 7 7 7 7 7 7 7 7 7 7 7 7 7 7 7 7 7 7 7 7 7 6 6 6 18 18 5 7 3 3 3 6 6 6 6 6 6 6 7 5 5 5 5 5 5 7 7 7 7 7 7 7 7 7 7 7 7 5 5 5 3 3 3 3 6 0 5 5 5 5 6 5 5 5 7 8 8 8 8 8 8 5 5 5 5 5 5 5 5 5 5 5 5 5 5 5 5 5 10 10 10 7 7 7 7 7 5 5 5 5 6 6 6 6 6 6 7 7 7
5 5 5 5 6 6 6 6 6 6 7 7 7 7 9 9 9 9 9 9 9 6 7 7 7 6 7 9 5 5 5 5 5 5 6 6 9 9 7 7 3 1 5 5 5 5 17 17 17 10 10 17 17 17 17 6 7 7 7 7 7 7 7 11 7 7 7 7 7 7 6 6 6 6 6 6 6 7 7 7 7 7 9 9 9 9 9 9 9 6 6 6 6 6 6 6 6 6 7 7 7 18 18 7 8 6 6 6 7 7 7 7 7 7 7 8 6 6 6 6 6 6 9 9 9 5 5 5 5 5 5 5 5 5 4 4 4 6 6 6 6 7 5 0 2 2 6 11 6 6 6 6 8 8 8 8 8 8 6 6 6 6 6 6 6 6 6 6 6 6 6 6 6 6 6 8 8 8 11 11 11 11 11 6 6 6 6 7 7 7 7 7 7 8 8 8
5 5 5 5 6 6 6 6 6 6 7 7 7 7 9 9 9 9 9 9 9 6 7 7 7 6 7 9 5 5 5 5 5 5 6 6 9 9 7 7 3 1 5 5 5 5 17 17 17 10 10 17 17 17 17 6 7 7 7 7 7 7 7 11 7 7 7 7 7 7 6 6 6 6 6 6 6 7 7 7 7 7 9 9 9 9 9 9 9 6 6 6 6 6 6 6 6 6 7 7 7 18 18 7 8 6 6 6 7 7 7 7 7 7 7 8 6 6 6 6 6 6 9 9 9 5 5 5 5 5 5 5 5 5 4 4 4 6 6 6 6 7 5 2 0 2 6 11 6 6 6 6 8 8 8 8 8 8 6 6 6 6 6 6 6 6 6 6 6 6 6 6 6 6 6 8 8 8 11 11 11 11 11 6 6 6 6 7 7 7 7 7 7 8 8 8
5 5 5 5 6 6 6 6 6 6 7 7 7 7 9 9 9 9 9 9 9 6 7 7 7 6 7 9 5 5 5 5 5 5 6 6 9 9 7 7 3 1 5 5 5 5 17 17 17 10 10 17 17 17 17 6 7 7 7 7 7 7 7 11 7 7 7 7 7 7 6 6 6 6 6 6 6 7 7 7 7 7 9 9 9 9 9 9 9 6 6 6 6 6 6 6 6 6 7 7 7 18 18 7 8 6 6 6 7 7 7 7 7 7 7 8 6 6 6 6 6 6 9 9 9 5 5 5 5 5 5 5 5 5 4 4 4 6 6 6 6 7 5 2 2 0 6 11 6 6 6 6 8 8 8 8 8 8 6 6 6 6 6 6 6 6 6 6 6 6 6 6 6 6 6 8 8 8 11 11 11 11 11 6 6 6 6 7 7 7 7 7 7 8 8 8
3 8 8 8 11 11 11 11 11 11 8 8 8 8 12 12 12 12 12 12 9 11 13 13 13 6 7 9 5 5 5 5 5 5 6 6 10 10 12 12 5 5 5 5 5 5 18 18 18 8 8 18 18 18 18 13 7 7 7 7 13 13 13 9 7 7 7 7 7 7 6 6 6 6 6 6 6 8 8 8 8 8 9 9 9 9 9 9 9 9 9 9 9 9 9 9 9 9 10 10 10 19 19 10 8 6 6 6 7 7 7 7 7 7 7 9 4 4 4 4 4 4 11 11 11 9 9 9 9 9 9 9 9 9 6 6 6 6 6 6 6 7 5 6 6 6 0 7 2 2 2 9 11 11 11 11 11 11 6 6 6 6 6 6 6 6 6 6 4 4 4 4 4 4 4 14 13 13 9 9 9 9 9 6 6 6 6 7 7 7 7 7 7 9 9 9
6 7 7 7 10 10 10 10 10 10 7 7 7 7 11 11 11 11 11 11 8 10 12 12 12 11 6 8 4 4 4 4 4 4 11 11 9 9 11 11 10 10 6 6 6 6 17 17 17 7 7 17 17 17 17 11 6 6 6 6 12 12 12 8 12 12 12 12 12 12 9 9 9 9 9 9 11 5 5 5 5 5 8 8 8 8 8 8 8 8 8 8 8 8 8 8 8 8 9 9 9 18 18 7 7 7 7 7 6 6 6 6 6 6 6 8 6 6 6 6 6 6 10 10 10 8 8 8 8 8 8 8 8 8 8 8 8 7 7 7 7 4 6 11 11 11 7 0 7 7 7 8 10 10 10 10 10 10 5 5 5 5 5 5 5 5 5 5 7 7 7 7 7 7 7 13 12 12 8 8 8 8 8 5 5 5 5 12 12 12 12 12 12 8 8 8
3 6 6 6 10 10 10 10 10 8 4 4 4 4 6 6 6 6 6 6 8 5 10 10 10 6 6 8 5 5 5 5 5 5 6 6 8 8 4 4 5 5 5 5 5 5 17 17 17 8 8 17 17 17 17 10 4 4 4 4 10 10 10 9 7 7 7 7 7 7 6 6 6 6 6 6 6 6 6 6 6 6 8 8 8 8 8 8 8 7 7 7 7 7 7 7 7 7 6 6 6 18 18 10 7 6 6 6 6 6 6 6 6 6 6 5 4 4 4 4 4 4 6 6 6 5 5 5 5 5 5 5 5 5 6 6 6 6 6 6 6 7 5 6 6 6 2 7 0 2 2 7 9 9 9 9 9 9 6 6 6 6 6 6 6 6 6 6 4 4 4 4 4 4 4 11 5 5 9 9 9 9 9 6 6 6 6 7 7 7 7 7 7 5 5 5
3 6 6 6 10 10 10 10 10 8 4 4 4 4 6 6 6 6 6 6 8 5 10 10 10 6 6 8 5 5 5 5 5 5 6 6 8 8 4 4 5 5 5 5 5 5 17 17 17 8 8 17 17 17 17 10 4 4 4 4 10 10 10 9 7 7 7 7 7 7 6 6 6 6 6 6 6 6 6 6 6 6 8 8 8 8 8 8 8 7 7 7 7 7 7 7 7 7 6 6 6 18 18 10 7 6 6 6 6 6 6 6 6 6 6 5 4 4 4 4 4 4 6 6 6 5 5 5 5 5 5 5 5 5 6 6 6 6 6 6 6 7 5 6 6 6 2 7 2 0 2 7 9 9 9 9 9 9 6 6 6 6 6 6 6 6 6 6 4 4 4 4 4 4 4 11 5 5 9 9 9 9 9 6 6 6 6 7 7 7 7 7 7 5 5 5
3 6 6 6 10 10 10 10 10 8 4 4 4 4 6 6 6 6 6 6 8 5 10 10 10 6 6 8 5 5 5 5 5 5 6 6 8 8 4 4 5 5 5 5 5 5 17 17 17 8 8 17 17 17 17 10 4 4 4 4 10 10 10 9 7 7 7 7 7 7 6 6 6 6 6 6 6 6 6 6 6 6 8 8 8 8 8 8 8 7 7 7 7 7 7 7 7 7 6 6 6 18 18 10 7 6 6 6 6 6 6 6 6 6 6 5 4 4 4 4 4 4 6 6 6 5 5 5 5 5 5 5 5 5 6 6 6 6 6 6 6 7 5 6 6 6 2 7 2 2 0 7 9 9 9 9 9 9 6 6 6 6 6 6 6 6 6 6 4 4 4 4 4 4 4 11 5 5 9 9 9 9 9 6 6 6 6 7 7 7 7 7 7 5 5 5
8 3 1 3 10 10 10 10 10 6 5 5 5 5 9 9 9 9 9 9 6 6 12 12 12 9 7 6 8 8 8 8 8 8 9 9 9 9 7 7 5 5 8 8 8 8 17 17 17 5 5 17 17 17 17 12 7 7 7 7 12 12 12 6 10 10 10 10 10 10 7 7 7 7 7 7 9 7 7 7 7 7 6 6 6 6 6 6 6 4 4 4 4 4 4 4 4 4 7 7 7 18 18 11 8 9 9 9 7 7 7 7 7 7 7 6 7 7 7 7 7 7 9 9 9 5 5 5 5 5 5 5 5 5 4 4 4 9 9 9 9 8 7 6 6 6 9 8 7 7 7 0 9 9 9 9 9 9 9 9 9 9 9 9 9 9 9 9 9 9 9 9 9 9 9 13 8 8 6 6 6 6 6 9 9 9 9 10 10 10 10 10 10 6 6 6
10 8 8 8 8 8 8 8 8 7 9 9 9 9 7 7 7 7 7 7 7 7 3 3 3 8 9 7 7 7 7 7 7 7 8 8 3 3 9 9 7 7 4 4 4 4 16 16 16 9 9 16 16 16 16 6 9 9 9 9 5 5 5 10 9 9 9 9 9 9 8 8 8 8 8 8 8 7 7 7 7 7 7 7 7 7 7 7 7 6 6 6 6 6 6 6 6 6 8 8 8 17 17 9 10 5 5 5 9 9 9 9 9 9 9 8 9 9 9 9 9 9 4 4 4 8 8 8 8 8 8 8 8 8 8 8 8 5 5 5 5 7 8 8 8 8 11 10 9 9 9 9 0 2 2 2 2 2 6 6 6 6 6 6 6 6 6 6 11 11 11 11 11 11 11 4 10 10 10 10 10 10 10 8 8 8 8 9 9 9 9 9 9 10 10 10
10 8 8 8 8 8 8 8 8 7 9 9 9 9 7 7 7 7 7 7 7 7 3 3 3 8 9 7 7 7 7 7 7 7 8 8 3 3 9 9 7 7 4 4 4 4 16 16 16 9 9 16 16 16 16 6 9 9 9 9 5 5 5 10 9 9 9 9 9 9 8 8 8 8 8 8 8 7 7 7 7 7 7 7 7 7 7 7 7 6 6 6 6 6 6 6 6 6 8 8 8 17 17 9 10 5 5 5 9 9 9 9 9 9 9 8 9 9 9 9 9 9 4 4 4 8 8 8 8 8 8 8 8 8 8 8 8 5 5 5 5 7 8 8 8 8 11 10 9 9 9 9 2 0 2 2 2 2 6 6 6 6 6 6 6 6 6 6 11 11 11 11 11 11 11 4 10 10 10 10 10 10 10 8 8 8 8 9 9 9 9 9 9 10 10 10
10 8 8 8 8 8 8 8 8 7 9 9 9 9 7 7 7 7 7 7 7 7 3 3 3 8 9 7 7 7 7 7 7 7 8 8 3 3 9 9 7 7 4 4 4 4 16 16 16 9 9 16 16 16 16 6 9 9 9 9 5 5 5 10 9 9 9 9 9 9 8 8 8 8 8 8 8 7 7 7 7 7 7 7 7 7 7 7 7 6 6 6 6 6 6 6 6 6 8 8 8 17 17 9 10 5 5 5 9 9 9 9 9 9 9 8 9 9 9 9 9 9 4 4 4 8 8 8 8 8 8 8 8 8 8 8 8 5 5 5 5 7 8 8 8 8 11 10 9 9 9 9 2 2 0 2 2 2 6 6 6 6 6 6 6 6 6 6 11 11 11 11 11 11 11 4 10 10 10 10 10 10 10 8 8 8 8 9 9 9 9 9 9 10 10 10
10 8 8 8 8 8 8 8 8 7 9 9 9 9 7 7 7 7 7 7 7 7 3 3 3 8 9 7 7 7 7 7 7 7 8 8 3 3 9 9 7 7 4 4 4 4 16 16 16 9 9 16 16 16 16 6 9 9 9 9 5 5 5 10 9 9 9 9 9 9 8 8 8 8 8 8 8 7 7 7 7 7 7 7 7 7 7 7 7 6 6 6 6 6 6 6 6 6 8 8 8 17 17 9 10 5 5 5 9 9 9 9 9 9 9 8 9 9 9 9 9 9 4 4 4 8 8 8 8 8 8 8 8 8 8 8 8 5 5 5 5 7 8 8 8 8 11 10 9 9 9 9 2 2 2 0 2 2 6 6 6 6 6 6 6 6 6 6 11 11 11 11 11 11 11 4 10 10 10 10 10 10 10 8 8 8 8 9 9 9 9 9 9 10 10 10
10 8 8 8 8 8 8 8 8 7 9 9 9 9 7 7 7 7 7 7 7 7 3 3 3 8 9 7 7 7 7 7 7 7 8 8 3 3 9 9 7 7 4 4 4 4 16 16 16 9 9 16 16 16 16 6 9 9 9 9 5 5 5 10 9 9 9 9 9 9 8 8 8 8 8 8 8 7 7 7 7 7 7 7 7 7 7 7 7 6 6 6 6 6 6 6 6 6 8 8 8 17 17 9 10 5 5 5 9 9 9 9 9 9 9 8 9 9 9 9 9 9 4 4 4 8 8 8 8 8 8 8 8 8 8 8 8 5 5 5 5 7 8 8 8 8 11 10 9 9 9 9 2 2 2 2 0 2 6 6 6 6 6 6 6 6 6 6 11 11 11 11 11 11 11 4 10 10 10 10 10 10 10 8 8 8 8 9 9 9 9 9 9 10 10 10
10 8 8 8 8 8 8 8 8 7 9 9 9 9 7 7 7 7 7 7 7 7 3 3 3 8 9 7 7 7 7 7 7 7 8 8 3 3 9 9 7 7 4 4 4 4 16 16 16 9 9 16 16 16 16 6 9 9 9 9 5 5 5 10 9 9 9 9 9 9 8 8 8 8 8 8 8 7 7 7 7 7 7 7 7 7 7 7 7 6 6 6 6 6 6 6 6 6 8 8 8 17 17 9 10 5 5 5 9 9 9 9 9 9 9 8 9 9 9 9 9 9 4 4 4 8 8 8 8 8 8 8 8 8 8 8 8 5 5 5 5 7 8 8 8 8 11 10 9 9 9 9 2 2 2 2 2 0 6 6 6 6 6 6 6 6 6 6 11 11 11 11 11 11 11 4 10 10 10 10 10 10 10 8 8 8 8 9 9 9 9 9 9 10 10 10
5 8 8 8 6 6 6 6 6 10 8 8 8 8 10 10 10 10 10 10 9 10 5 5 5 6 7 9 3 3 3 3 3 3 6 6 10 10 10 10 5 5 5 5 5 5 17 17 17 8 8 17 17 17 17 6 7 7 7 7 3 1 3 9 7 7 7 7 7 7 6 6 6 6 6 6 6 6 6 6 6 6 9 9 9 9 9 9 9 9 9 9 9 9 9 9 9 9 10 10 10 18 18 7 8 6 6 6 7 7 7 7 7 7 7 9 6 6 6 6 6 6 10 10 10 9 9 9 9 9 9 9 9 9 6 6 6 6 6 6 6 3 5 6 6 6 6 5 6 6 6 9 6 6 6 6 6 6 0 2 2 2 2 2 2 2 2 2 6 6 6 6 6 6 6 6 11 11 9 9 9 9 9 4 4 4 4 7 7 7 7 7 7 9 9 9
5 8 8 8 6 6 6 6 6 10 8 8 8 8 10 10 10 10 10 10 9 10 5 5 5 6 7 9 3 3 3 3 3 3 6 6 10 10 10 10 5 5 5 5 5 5 17 17 17 8 8 17 17 17 17 6 7 7 7 7 3 1 3 9 7 7 7 7 7 7 6 6 6 6 6 6 6 6 6 6 6 6 9 9 9 9 9 9 9 9 9 9 9 9 9 9 9 9 10 10 10 18 18 7 8 6 6 6 7 7 7 7 7 7 7 9 6 6 6 6 6 6 10 10 10 9 9 9 9 9 9 9 9 9 6 6 6 6 6 6 6 3 5 6 6 6 6 5 6 6 6 9 6 6 6 6 6 6 2 0 2 2 2 2 2 2 2 2 6 6 6 6 6 6 6 6 11 11 9 9 9 9 9 4 4 4 4 7 7 7 7 7 7 9 9 9
5 8 8 8 6 6 6 6 6 10 8 8 8 8 10 10 10 10 10 10 9 10 5 5 5 6 7 9 3 3 3 3 3 3 6 6 10 10 10 10 5 5 5 5 5 5 17 17 17 8 8 17 17 17 17 6 7 7 7 7 3 1 3 9 7 7 7 7 7 7 6 6 6 6 6 6 6 6 6 6 6 6 9 9 9 9 9 9 9 9 9 9 9 9 9 9 9 9 10 10 10 18 18 7 8 6 6 6 7 7 7 7 7 7 7 9 6 6 6 6 6 6 10 10 10 9 9 9 9 9 9 9 9 9 6 6 6 6 6 6 6 3 5 6 6 6 6 5 6 6 6 9 6 6 6 6 6 6 2 2 0 2 2 2 2 2 2 2 6 6 6 6 6 6 6 6 11 11 9 9 9 9 9 4 4 4 4 7 7 7 7 7 7 9 9 9
5 8 8 8 6 6 6 6 6 10 8 8 8 8 10 10 10 10 10 10 9 10 5 5 5 6 7 9 3 3 3 3 3 3 6 6 10 10 10 10 5 5 5 5 5 5 17 17 17 8 8 17 17 17 17 6 7 7 7 7 3 1 3 9 7 7 7 7 7 7 6 6 6 6 6 6 6 6 6 6 6 6 9 9 9 9 9 9 9 9 9 9 9 9 9 9 9 9 10 10 10 18 18 7 8 6 6 6 7 7 7 7 7 7 7 9 6 6 6 6 6 6 10 10 10 9 9 9 9 9 9 9 9 9 6 6 6 6 6 6 6 3 5 6 6 6 6 5 6 6 6 9 6 6 6 6 6 6 2 2 2 0 2 2 2 2 2 2 6 6 6 6 6 6 6 6 11 11 9 9 9 9 9 4 4 4 4 7 7 7 7 7 7 9 9 9
5 8 8 8 6 6 6 6 6 10 8 8 8 8 10 10 10 10 10 10 9 10 5 5 5 6 7 9 3 3 3 3 3 3 6 6 10 10 10 10 5 5 5 5 5 5 17 17 17 8 8 17 17 17 17 6 7 7 7 7 3 1 3 9 7 7 7 7 7 7 6 6 6 6 6 6 6 6 6 6 6 6 9 9 9 9 9 9 9 9 9 9 9 9 9 9 9 9 10 10 10 18 18 7 8 6 6 6 7 7 7 7 7 7 7 9 6 6 6 6 6 6 10 10 10 9 9 9 9 9 9 9 9 9 6 6 6 6 6 6 6 3 5 6 6 6 6 5 6 6 6 9 6 6 6 6 6 6 2 2 2 2 0 2 2 2 2 2 6 6 6 6 6 6 6 6 11 11 9 9 9 9 9 4 4 4 4 7 7 7 7 7 7 9 9 9
5 8 8 8 6 6 6 6 6 10 8 8 8 8 10 10 10 10 10 10 9 10 5 5 5 6 7 9 3 3 3 3 3 3 6 6 10 10 10 10 5 5 5 5 5 5 17 17 17 8 8 17 17 17 17 6 7 7 7 7 3 1 3 9 7 7 7 7 7 7 6 6 6 6 6 6 6 6 6 6 6 6 9 9 9 9 9 9 9 9 9 9 9 9 9 9 9 9 10 10 10 18 18 7 8 6 6 6 7 7 7 7 7 7 7 9 6 6 6 6 6 6 10 10 10 9 9 9 9 9 9 9 9 9 6 6 6 6 6 6 6 3 5 6 6 6 6 5 6 6 6 9 6 6 6 6 6 6 2 2 2 2 2 0 2 2 2 2 6 6 6 6 6 6 6 6 11 11 9 9 9 9 9 4 4 4 4 7 7 7 7 7 7 9 9 9
5 8 8 8 6 6 6 6 6 10 8 8 8 8 10 10 10 10 10 10 9 10 5 5 5 6 7 9 3 3 3 3 3 3 6 6 10 10 10 10 5 5 5 5 5 5 17 17 17 8 8 17 17 17 17 6 7 7 7 7 3 1 3 9 7 7 7 7 7 7 6 6 6 6 6 6 6 6 6 6 6 6 9 9 9 9 9 9 9 9 9 9 9 9 9 9 9 9 10 10 10 18 18 7 8 6 6 6 7 7 7 7 7 7 7 9 6 6 6 6 6 6 10 10 10 9 9 9 9 9 9 9 9 9 6 6 6 6 6 6 6 3 5 6 6 6 6 5 6 6 6 9 6 6 6 6 6 6 2 2 2 2 2 2 0 2 2 2 6 6 6 6 6 6 6 6 11 11 9 9 9 9 9 4 4 4 4 7 7 7 7 7 7 9 9 9
5 8 8 8 6 6 6 6 6 10 8 8 8 8 10 10 10 10 10 10 9 10 5 5 5 6 7 9 3 3 3 3 3 3 6 6 10 10 10 10 5 5 5 5 5 5 17 17 17 8 8 17 17 17 17 6 7 7 7 7 3 1 3 9 7 7 7 7 7 7 6 6 6 6 6 6 6 6 6 6 6 6 9 9 9 9 9 9 9 9 9 9 9 9 9 9 9 9 10 10 10 18 18 7 8 6 6 6 7 7 7 7 7 7 7 9 6 6 6 6 6 6 10 10 10 9 9 9 9 9 9 9 9 9 6 6 6 6 6 6 6 3 5 6 6 6 6 5 6 6 6 9 6 6 6 6 6 6 2 2 2 2 2 2 2 0 2 2 6 6 6 6 6 6 6 6 11 11 9 9 9 9 9 4 4 4 4 7 7 7 7 7 7 9 9 9
5 8 8 8 6 6 6 6 6 10 8 8 8 8 10 10 10 10 10 10 9 10 5 5 5 6 7 9 3 3 3 3 3 3 6 6 10 10 10 10 5 5 5 5 5 5 17 17 17 8 8 17 17 17 17 6 7 7 7 7 3 1 3 9 7 7 7 7 7 7 6 6 6 6 6 6 6 6 6 6 6 6 9 9 9 9 9 9 9 9 9 9 9 9 9 9 9 9 10 10 10 18 18 7 8 6 6 6 7 7 7 7 7 7 7 9 6 6 6 6 6 6 10 10 10 9 9 9 9 9 9 9 9 9 6 6 6 6 6 6 6 3 5 6 6 6 6 5 6 6 6 9 6 6 6 6 6 6 2 2 2 2 2 2 2 2 0 2 6 6 6 6 6 6 6 6 11 11 9 9 9 9 9 4 4 4 4 7 7 7 7 7 7 9 9 9
5 8 8 8 6 6 6 6 6 10 8 8 8 8 10 10 10 10 10 10 9 10 5 5 5 6 7 9 3 3 3 3 3 3 6 6 10 10 10 10 5 5 5 5 5 5 17 17 17 8 8 17 17 17 17 6 7 7 7 7 3 1 3 9 7 7 7 7 7 7 6 6 6 6 6 6 6 6 6 6 6 6 9 9 9 9 9 9 9 9 9 9 9 9 9 9 9 9 10 10 10 18 18 7 8 6 6 6 7 7 7 7 7 7 7 9 6 6 6 6 6 6 10 10 10 9 9 9 9 9 9 9 9 9 6 6 6 6 6 6 6 3 5 6 6 6 6 5 6 6 6 9 6 6 6 6 6 6 2 2 2 2 2 2 2 2 2 0 6 6 6 6 6 6 6 6 11 11 9 9 9 9 9 4 4 4 4 7 7 7 7 7 7 9 9 9
3 8 8 8 11 11 11 11 11 11 8 8 8 8 12 12 12 12 12 12 9 11 13 13 13 6 7 9 5 5 5 5 5 5 6 6 10 10 12 12 5 5 5 5 5 5 18 18 18 8 8 18 18 18 18 13 7 7 7 7 13 13 13 9 7 7 7 7 7 7 6 6 6 6 6 6 6 8 8 8 8 8 9 9 9 9 9 9 9 9 9 9 9 9 9 9 9 9 10 10 10 19 19 10 8 6 6 6 7 7 7 7 7 7 7 9 2 2 2 2 2 2 11 11 11 9 9 9 9 9 9 9 9 9 6 6 6 6 6 6 6 7 5 6 6 6 4 7 4 4 4 9 11 11 11 11 11 11 6 6 6 6 6 6 6 6 6 6 0 2 2 2 2 2 2 14 13 13 9 9 9 9 9 6 6 6 6 7 7 7 7 7 7 9 9 9
3 8 8 8 11 11 11 11 11 11 8 8 8 8 12 12 12 12 12 12 9 11 13 13 13 6 7 9 5 5 5 5 5 5 6 6 10 10 12 12 5 5 5 5 5 5 18 18 18 8 8 18 18 18 18 13 7 7 7 7 13 13 13 9 7 7 7 7 7 7 6 6 6 6 6 6 6 8 8 8 8 8 9 9 9 9 9 9 9 9 9 9 9 9 9 9 9 9 10 10 10 19 19 10 8 6 6 6 7 7 7 7 7 7 7 9 2 2 2 2 2 2 11 11 11 9 9 9 9 9 9 9 9 9 6 6 6 6 6 6 6 7 5 6 6 6 4 7 4 4 4 9 11 11 11 11 11 11 6 6 6 6 6 6 6 6 6 6 2 0 2 2 2 2 2 14 13 13 9 9 9 9 9 6 6 6 6 7 7 7 7 7 7 9 9 9
3 8 8 8 11 11 11 11 11 11 8 8 8 8 12 12 12 12 12 12 9 11 13 13 13 6 7 9 5 5 5 5 5 5 6 6 10 10 12 12 5 5 5 5 5 5 18 18 18 8 8 18 18 18 18 13 7 7 7 7 13 13 13 9 7 7 7 7 7 7 6 6 6 6 6 6 6 8 8 8 8 8 9 9 9 9 9 9 9 9 9 9 9 9 9 9 9 9 10 10 10 19 19 10 8 6 6 6 7 7 7 7 7 7 7 9 2 2 2 2 2 2 11 11 11 9 9 9 9 9 9 9 9 9 6 6 6 6 6 6 6 7 5 6 6 6 4 7 4 4 4 9 11 11 11 11 11 11 6 6 6 6 6 6 6 6 6 6 2 2 0 2 2 2 2 14 13 13 9 9 9 9 9 6 6 6 6 7 7 7 7 7 7 9 9 9
3 8 8 8 11 11 11 11 11 11 8 8 8 8 12 12 12 12 12 12 9 11 13 13 13 6 7 9 5 5 5 5 5 5 6 6 10 10 12 12 5 5 5 5 5 5 18 18 18 8 8 18 18 18 18 13 7 7 7 7 13 13 13 9 7 7 7 7 7 7 6 6 6 6 6 6 6 8 8 8 8 8 9 9 9 9 9 9 9 9 9 9 9 9 9 9 9 9 10 10 10 19 19 10 8 6 6 6 7 7 7 7 7 7 7 9 2 2 2 2 2 2 11 11 11 9 9 9 9 9 9 9 9 9 6 6 6 6 6 6 6 7 5 6 6 6 4 7 4 4 4 9 11 11 11 11 11 11 6 6 6 6 6 6 6 6 6 6 2 2 2 0 2 2 2 14 13 13 9 9 9 9 9 6 6 6 6 7 7 7 7 7 7 9 9 9
3 8 8 8 11 11 11 11 11 11 8 8 8 8 12 12 12 12 12 12 9 11 13 13 13 6 7 9 5 5 5 5 5 5 6 6 10 10 12 12 5 5 5 5 5 5 18 18 18 8 8 18 18 18 18 13 7 7 7 7 13 13 13 9 7 7 7 7 7 7 6 6 6 6 6 6 6 8 8 8 8 8 9 9 9 9 9 9 9 9 9 9 9 9 9 9 9 9 10 10 10 19 19 10 8 6 6 6 7 7 7 7 7 7 7 9 2 2 2 2 2 2 11 11 11 9 9 9 9 9 9 9 9 9 6 6 6 6 6 6 6 7 5 6 6 6 4 7 4 4 4 9 11 11 11 11 11 11 6 6 6 6 6 6 6 6 6 6 2 2 2 2 0 2 2 14 13 13 9 9 9 9 9 6 6 6 6 7 7 7 7 7 7 9 9 9
3 8 8 8 11 11 11 11 11 11 8 8 8 8 12 12 12 12 12 12 9 11 13 13 13 6 7 9 5 5 5 5 5 5 6 6 10 10 12 12 5 5 5 5 5 5 18 18 18 8 8 18 18 18 18 13 7 7 7 7 13 13 13 9 7 7 7 7 7 7 6 6 6 6 6 6 6 8 8 8 8 8 9 9 9 9 9 9 9 9 9 9 9 9 9 9 9 9 10 10 10 19 19 10 8 6 6 6 7 7 7 7 7 7 7 9 2 2 2 2 2 2 11 11 11 9 9 9 9 9 9 9 9 9 6 6 6 6 6 6 6 7 5 6 6 6 4 7 4 4 4 9 11 11 11 11 11 11 6 6 6 6 6 6 6 6 6 6 2 2 2 2 2 0 2 14 13 13 9 9 9 9 9 6 6 6 6 7 7 7 7 7 7 9 9 9
3 8 8 8 11 11 11 11 11 11 8 8 8 8 12 12 12 12 12 12 9 11 13 13 13 6 7 9 5 5 5 5 5 5 6 6 10 10 12 12 5 5 5 5 5 5 18 18 18 8 8 18 18 18 18 13 7 7 7 7 13 13 13 9 7 7 7 7 7 7 6 6 6 6 6 6 6 8 8 8 8 8 9 9 9 9 9 9 9 9 9 9 9 9 9 9 9 9 10 10 10 19 19 10 8 6 6 6 7 7 7 7 7 7 7 9 2 2 2 2 2 2 11 11 11 9 9 9 9 9 9 9 9 9 6 6 6 6 6 6 6 7 5 6 6 6 4 7 4 4 4 9 11 11 11 11 11 11 6 6 6 6 6 6 6 6 6 6 2 2 2 2 2 2 0 14 13 13 9 9 9 9 9 6 6 6 6 7 7 7 7 7 7 9 9 9
13 12 12 12 8 8 8 8 8 11 11 11 11 11 11 11 11 11 11 11 12 11 1 3 3 8 13 12 7 7 7 7 7 7 8 8 12 12 11 11 7 7 12 12 12 12 18 18 18 12 12 18 18 18 18 6 11 11 11 11 5 5 5 13 9 9 9 9 9 9 8 8 8 8 8 8 8 11 11 11 11 11 13 13 13 13 13 13 13 9 9 9 9 9 9 9 9 9 12 12 12 19 19 9 14 12 12 12 13 13 13 13 13 13 13 12 13 13 13 13 13 13 11 11 11 12 12 12 12 12 12 12 12 12 8 8 8 13 13 13 13 7 10 8 8 8 14 13 11 11 11 13 4 4 4 4 4 4 6 6 6 6 6 6 6 6 6 6 14 14 14 14 14 14 14 0 12 12 13 13 13 13 13 8 8 8 8 9 9 9 9 9 9 12 12 12
12 7 7 7 11 11 11 11 11 9 5 5 5 5 7 7 7 7 7 7 9 6 11 11 11 9 7 9 10 10 10 10 10 10 9 9 9 9 1 3 7 7 10 10 10 10 18 18 18 11 11 18 18 18 18 11 5 5 5 5 11 11 11 12 10 10 10 10 10 10 9 9 9 9 9 9 8 7 7 7 7 7 9 9 9 9 9 9 9 8 8 8 8 8 8 8 8 8 7 7 7 19 19 12 8 8 8 8 7 7 7 7 7 7 7 6 7 7 7 7 7 7 7 7 7 6 6 6 6 6 6 6 6 6 8 8 8 11 11 11 11 12 10 8 8 8 13 12 5 5 5 8 10 10 10 10 10 10 11 11 11 11 11 11 11 11 11 11 13 13 13 13 13 13 13 12 0 2 12 12 12 12 12 11 11 11 11 10 10 10 10 10 10 6 6 6
12 7 7 7 11 11 11 11 11 9 5 5 5 5 7 7 7 7 7 7 9 6 11 11 11 9 7 9 10 10 10 10 10 10 9 9 9 9 1 3 7 7 10 10 10 10 18 18 18 11 11 18 18 18 18 11 5 5 5 5 11 11 11 12 10 10 10 10 10 10 9 9 9 9 9 9 8 7 7 7 7 7 9 9 9 9 9 9 9 8 8 8 8 8 8 8 8 8 7 7 7 19 19 12 8 8 8 8 7 7 7 7 7 7 7 6 7 7 7 7 7 7 7 7 7 6 6 6 6 6 6 6 6 6 8 8 8 11 11 11 11 12 10 8 8 8 13 12 5 5 5 8 10 10 10 10 10 10 11 11 11 11 11 11 11 11 11 11 13 13 13 13 13 13 13 12 2 0 12 12 12 12 12 11 11 11 11 10 10 10 10 10 10 6 6 6
8 5 5 5 12 12 12 12 12 12 5 5 5 5 11 11 11 11 11 11 6 10 12 12 12 11 8 6 8 8 8 8 8 8 11 11 9 9 11 11 10 10 8 8 8 8 17 17 17 1 3 17 17 17 17 12 8 8 8 8 12 12 12 6 12 12 12 12 12 12 7 7 7 7 7 7 11 9 9 9 9 9 4 4 4 4 4 4 4 6 6 6 6 6 6 6 6 6 7 7 7 18 18 12 9 9 9 9 8 8 8 8 8 8 8 6 8 8 8 8 8 8 10 10 10 6 6 6 6 6 6 6 6 6 6 6 6 9 9 9 9 8 7 11 11 11 9 8 9 9 9 6 10 10 10 10 10 10 9 9 9 9 9 9 9 9 9 9 9 9 9 9 9 9 9 13 12 12 0 2 2 2 2 9 9 9 9 12 12 12 12 12 12 6 6 6
8 5 5 5 12 12 12 12 12 12 5 5 5 5 11 11 11 11 11 11 6 10 12 12 12 11 8 6 8 8 8 8 8 8 11 11 9 9 11 11 10 10 8 8 8 8 17 17 17 1 3 17 17 17 17 12 8 8 8 8 12 12 12 6 12 12 12 12 12 12 7 7 7 7 7 7 11 9 9 9 9 9 4 4 4 4 4 4 4 6 6 6 6 6 6 6 6 6 7 7 7 18 18 12 9 9 9 9 8 8 8 8 8 8 8 6 8 8 8 8 8 8 10 10 10 6 6 6 6 6 6 6 6 6 6 6 6 9 9 9 9 8 7 11 11 11 9 8 9 9 9 6 10 10 10 10 10 10 9 9 9 9 9 9 9 9 9 9 9 9 9 9 9 9 9 13 12 12 2 0 2 2 2 9 9 9 9 12 12 12 12 12 12 6 6 6
8 5 5 5 12 12 12 12 12 12 5 5 5 5 11 11 11 11 11 11 6 10 12 12 12 11 8 6 8 8 8 8 8 8 11 11 9 9 11 11 10 10 8 8 8 8 17 17 17 1 3 17 17 17 17 12 8 8 8 8 12 12 12 6 12 12 12 12 12 12 7 7 7 7 7 7 11 9 9 9 9 9 4 4 4 4 4 4 4 6 6 6 6 6 6 6 6 6 7 7 7 18 18 12 9 9 9 9 8 8 8 8 8 8 8 6 8 8 8 8 8 8 10 10 10 6 6 6 6 6 6 6 6 6 6 6 6 9 9 9 9 8 7 11 11 11 9 8 9 9 9 6 10 10 10 10 10 10 9 9 9 9 9 9 9 9 9 9 9 9 9 9 9 9 9 13 12 12 2 2 0 2 2 9 9 9 9 12 12 12 12 12 12 6 6 6
8 5 5 5 12 12 12 12 12 12 5 5 5 5 11 11 11 11 11 11 6 10 12 12 12 11 8 6 8 8 8 8 8 8 11 11 9 9 11 11 10 10 8 8 8 8 17 17 17 1 3 17 17 17 17 12 8 8 8 8 12 12 12 6 12 12 12 12 12 12 7 7 7 7 7 7 11 9 9 9 9 9 4 4 4 4 4 4 4 6 6 6 6 6 6 6 6 6 7 7 7 18 18 12 9 9 9 9 8 8 8 8 8 8 8 6 8 8 8 8 8 8 10 10 10 6 6 6 6 6 6 6 6 6 6 6 6 9 9 9 9 8 7 11 11 11 9 8 9 9 9 6 10 10 10 10 10 10 9 9 9 9 9 9 9 9 9 9 9 9 9 9 9 9 9 13 12 12 2 2 2 0 2 9 9 9 9 12 12 12 12 12 12 6 6 6
8 5 5 5 12 12 12 12 12 12 5 5 5 5 11 11 11 11 11 11 6 10 12 12 12 11 8 6 8 8 8 8 8 8 11 11 9 9 11 11 10 10 8 8 8 8 17 17 17 1 3 17 17 17 17 12 8 8 8 8 12 12 12 6 12 12 12 12 12 12 7 7 7 7 7 7 11 9 9 9 9 9 4 4 4 4 4 4 4 6 6 6 6 6 6 6 6 6 7 7 7 18 18 12 9 9 9 9 8 8 8 8 8 8 8 6 8 8 8 8 8 8 10 10 10 6 6 6 6 6 6 6 6 6 6 6 6 9 9 9 9 8 7 11 11 11 9 8 9 9 9 6 10 10 10 10 10 10 9 9 9 9 9 9 9 9 9 9 9 9 9 9 9 9 9 13 12 12 2 2 2 2 0 9 9 9 9 12 12 12 12 12 12 6 6 6
5 8 8 8 6 6 6 6 6 9 8 8 8 8 10 10 10 10 10 10 9 10 7 7 7 6 7 9 1 3 3 3 3 3 6 6 10 10 10 10 5 5 5 5 5 5 17 17 17 8 8 17 17 17 17 6 7 7 7 7 7 7 7 9 7 7 7 7 7 7 6 6 6 6 6 6 6 6 6 6 6 6 9 9 9 9 9 9 9 9 9 9 9 9 9 9 9 9 10 10 10 18 18 7 8 6 6 6 7 7 7 7 7 7 7 9 6 6 6 6 6 6 10 10 10 9 9 9 9 9 9 9 9 9 6 6 6 6 6 6 6 3 5 6 6 6 6 5 6 6 6 9 8 8 8 8 8 8 4 4 4 4 4 4 4 4 4 4 6 6 6 6 6 6 6 8 11 11 9 9 9 9 9 0 2 2 2 7 7 7 7 7 7 9 9 9
5 8 8 8 6 6 6 6 6 9 8 8 8 8 10 10 10 10 10 10 9 10 7 7 7 6 7 9 1 3 3 3 3 3 6 6 10 10 10 10 5 5 5 5 5 5 17 17 17 8 8 17 17 17 17 6 7 7 7 7 7 7 7 9 7 7 7 7 7 7 6 6 6 6 6 6 6 6 6 6 6 6 9 9 9 9 9 9 9 9 9 9 9 9 9 9 9 9 10 10 10 18 18 7 8 6 6 6 7 7 7 7 7 7 7 9 6 6 6 6 6 6 10 10 10 9 9 9 9 9 9 9 9 9 6 6 6 6 6 6 6 3 5 6 6 6 6 5 6 6 6 9 8 8 8 8 8 8 4 4 4 4 4 4 4 4 4 4 6 6 6 6 6 6 6 8 11 11 9 9 9 9 9 2 0 2 2 7 7 7 7 7 7 9 9 9
5 8 8 8 6 6 6 6 6 9 8 8 8 8 10 10 10 10 10 10 9 10 7 7 7 6 7 9 1 3 3 3 3 3 6 6 10 10 10 10 5 5 5 5 5 5 17 17 17 8 8 17 17 17 17 6 7 7 7 7 7 7 7 9 7 7 7 7 7 7 6 6 6 6 6 6 6 6 6 6 6 6 9 9 9 9 9 9 9 9 9 9 9 9 9 9 9 9 10 10 10 18 18 7 8 6 6 6 7 7 7 7 7 7 7 9 6 6 6 6 6 6 10 10 10 9 9 9 9 9 9 9 9 9 6 6 6 6 6 6 6 3 5 6 6 6 6 5 6 6 6 9 8 8 8 8 8 8 4 4 4 4 4 4 4 4 4 4 6 6 6 6 6 6 6 8 11 11 9 9 9 9 9 2 2 0 2 7 7 7 7 7 7 9 9 9
5 8 8 8 6 6 6 6 6 9 8 8 8 8 10 10 10 10 10 10 9 10 7 7 7 6 7 9 1 3 3 3 3 3 6 6 10 10 10 10 5 5 5 5 5 5 17 17 17 8 8 17 17 17 17 6 7 7 7 7 7 7 7 9 7 7 7 7 7 7 6 6 6 6 6 6 6 6 6 6 6 6 9 9 9 9 9 9 9 9 9 9 9 9 9 9 9 9 10 10 10 18 18 7 8 6 6 6 7 7 7 7 7 7 7 9 6 6 6 6 6 6 10 10 10 9 9 9 9 9 9 9 9 9 6 6 6 6 6 6 6 3 5 6 6 6 6 5 6 6 6 9 8 8 8 8 8 8 4 4 4 4 4 4 4 4 4 4 6 6 6 6 6 6 6 8 11 11 9 9 9 9 9 2 2 2 0 7 7 7 7 7 7 9 9 9
6 9 9 9 7 7 7 7 7 10 9 9 9 9 9 9 9 9 9 9 9 8 8 8 8 5 9 9 6 6 6 6 6 6 3 3 9 9 9 9 6 6 6 6 6 6 18 18 18 11 11 18 18 18 18 7 9 9 9 9 8 8 8 12 4 4 4 4 4 4 5 5 5 5 5 5 5 9 9 9 9 9 9 9 9 9 9 9 9 10 10 10 10 10 10 10 10 10 9 9 9 19 19 8 10 7 7 7 9 9 9 9 9 9 9 10 7 7 7 7 7 7 9 9 9 9 9 9 9 9 9 9 9 9 7 7 7 7 7 7 7 8 6 7 7 7 7 12 7 7 7 10 9 9 9 9 9 9 7 7 7 7 7 7 7 7 7 7 7 7 7 7 7 7 7 9 10 10 12 12 12 12 12 7 7 7 7 0 2 2 2 2 2 10 10 10
6 9 9 9 7 7 7 7 7 10 9 9 9 9 9 9 9 9 9 9 9 8 8 8 8 5 9 9 6 6 6 6 6 6 3 3 9 9 9 9 6 6 6 6 6 6 18 18 18 11 11 18 18 18 18 7 9 9 9 9 8 8 8 12 4 4 4 4 4 4 5 5 5 5 5 5 5 9 9 9 9 9 9 9 9 9 9 9 9 10 10 10 10 10 10 10 10 10 9 9 9 19 19 8 10 7 7 7 9 9 9 9 9 9 9 10 7 7 7 7 7 7 9 9 9 9 9 9 9 9 9 9 9 9 7 7 7 7 7 7 7 8 6 7 7 7 7 12 7 7 7 10 9 9 9 9 9 9 7 7 7 7 7 7 7 7 7 7 7 7 7 7 7 7 7 9 10 10 12 12 12 12 12 7 7 7 7 2 0 2 2 2 2 10 10 10
6 9 9 9 7 7 7 7 7 10 9 9 9 9 9 9 9 9 9 9 9 8 8 8 8 5 9 9 6 6 6 6 6 6 3 3 9 9 9 9 6 6 6 6 6 6 18 18 18 11 11 18 18 18 18 7 9 9 9 9 8 8 8 12 4 4 4 4 4 4 5 5 5 5 5 5 5 9 9 9 9 9 9 9 9 9 9 9 9 10 10 10 10 10 10 10 10 10 9 9 9 19 19 8 10 7 7 7 9 9 9 9 9 9 9 10 7 7 7 7 7 7 9 9 9 9 9 9 9 9 9 9 9 9 7 7 7 7 7 7 7 8 6 7 7 7 7 12 7 7 7 10 9 9 9 9 9 9 7 7 7 7 7 7 7 7 7 7 7 7 7 7 7 7 7 9 10 10 12 12 12 12 12 7 7 7 7 2 2 0 2 2 2 10 10 10
6 9 9 9 7 7 7 7 7 10 9 9 9 9 9 9 9 9 9 9 9 8 8 8 8 5 9 9 6 6 6 6 6 6 3 3 9 9 9 9 6 6 6 6 6 6 18 18 18 11 11 18 18 18 18 7 9 9 9 9 8 8 8 12 4 4 4 4 4 4 5 5 5 5 5 5 5 9 9 9 9 9 9 9 9 9 9 9 9 10 10 10 10 10 10 10 10 10 9 9 9 19 19 8 10 7 7 7 9 9 9 9 9 9 9 10 7 7 7 7 7 7 9 9 9 9 9 9 9 9 9 9 9 9 7 7 7 7 7 7 7 8 6 7 7 7 7 12 7 7 7 10 9 9 9 9 9 9 7 7 7 7 7 7 7 7 7 7 7 7 7 7 7 7 7 9 10 10 12 12 12 12 12 7 7 7 7 2 2 2 0 2 2 10 10 10
6 9 9 9 7 7 7 7 7 10 9 9 9 9 9 9 9 9 9 9 9 8 8 8 8 5 9 9 6 6 6 6 6 6 3 3 9 9 9 9 6 6 6 6 6 6 18 18 18 11 11 18 18 18 18 7 9 9 9 9 8 8 8 12 4 4 4 4 4 4 5 5 5 5 5 5 5 9 9 9 9 9 9 9 9 9 9 9 9 10 10 10 10 10 10 10 10 10 9 9 9 19 19 8 10 7 7 7 9 9 9 9 9 9 9 10 7 7 7 7 7 7 9 9 9 9 9 9 9 9 9 9 9 9 7 7 7 7 7 7 7 8 6 7 7 7 7 12 7 7 7 10 9 9 9 9 9 9 7 7 7 7 7 7 7 7 7 7 7 7 7 7 7 7 7 9 10 10 12 12 12 12 12 7 7 7 7 2 2 2 2 0 2 10 10 10
6 9 9 9 7 7 7 7 7 10 9 9 9 9 9 9 9 9 9 9 9 8 8 8 8 5 9 9 6 6 6 6 6 6 3 3 9 9 9 9 6 6 6 6 6 6 18 18 18 11 11 18 18 18 18 7 9 9 9 9 8 8 8 12 4 4 4 4 4 4 5 5 5 5 5 5 5 9 9 9 9 9 9 9 9 9 9 9 9 10 10 10 10 10 10 10 10 10 9 9 9 19 19 8 10 7 7 7 9 9 9 9 9 9 9 10 7 7 7 7 7 7 9 9 9 9 9 9 9 9 9 9 9 9 7 7 7 7 7 7 7 8 6 7 7 7 7 12 7 7 7 10 9 9 9 9 9 9 7 7 7 7 7 7 7 7 7 7 7 7 7 7 7 7 7 9 10 10 12 12 12 12 12 7 7 7 7 2 2 2 2 2 0 10 10 10
8 5 5 5 11 11 11 11 11 9 3 3 1 3 7 7 7 7 7 7 6 6 11 11 11 9 7 6 8 8 8 8 8 8 9 9 9 9 5 5 7 7 8 8 8 8 17 17 17 5 5 17 17 17 17 11 5 5 5 5 11 11 11 6 10 10 10 10 10 10 7 7 7 7 7 7 8 7 7 7 7 7 6 6 6 6 6 6 6 6 6 6 6 6 6 6 6 6 7 7 7 18 18 12 8 8 8 8 7 7 7 7 7 7 7 4 7 7 7 7 7 7 7 7 7 4 4 4 4 4 4 4 4 4 6 6 6 9 9 9 9 8 7 8 8 8 9 8 5 5 5 6 10 10 10 10 10 10 9 9 9 9 9 9 9 9 9 9 9 9 9 9 9 9 9 12 6 6 6 6 6 6 6 9 9 9 9 10 10 10 10 10 10 0 2 2
8 5 5 5 11 11 11 11 11 9 3 3 1 3 7 7 7 7 7 7 6 6 11 11 11 9 7 6 8 8 8 8 8 8 9 9 9 9 5 5 7 7 8 8 8 8 17 17 17 5 5 17 17 17 17 11 5 5 5 5 11 11 11 6 10 10 10 10 10 10 7 7 7 7 7 7 8 7 7 7 7 7 6 6 6 6 6 6 6 6 6 6 6 6 6 6 6 6 7 7 7 18 18 12 8 8 8 8 7 7 7 7 7 7 7 4 7 7 7 7 7 7 7 7 7 4 4 4 4 4 4 4 4 4 6 6 6 9 9 9 9 8 7 8 8 8 9 8 5 5 5 6 10 10 10 10 10 10 9 9 9 9 9 9 9 9 9 9 9 9 9 9 9 9 9 12 6 6 6 6 6 6 6 9 9 9 9 10 10 10 10 10 10 2 0 2
8 5 5 5 11 11 11 11 11 9 3 3 1 3 7 7 7 7 7 7 6 6 11 11 11 9 7 6 8 8 8 8 8 8 9 9 9 9 5 5 7 7 8 8 8 8 17 17 17 5 5 17 17 17 17 11 5 5 5 5 11 11 11 6 10 10 10 10 10 10 7 7 7 7 7 7 8 7 7 7 7 7 6 6 6 6 6 6 6 6 6 6 6 6 6 6 6 6 7 7 7 18 18 12 8 8 8 8 7 7 7 7 7 7 7 4 7 7 7 7 7 7 7 7 7 4 4 4 4 4 4 4 4 4 6 6 6 9 9 9 9 8 7 8 8 8 9 8 5 5 5 6 10 10 10 10 10 10 9 9 9 9 9 9 9 9 9 9 9 9 9 9 9 9 9 12 6 6 6 6 6 6 6 9 9 9 9 10 10 10 10 10 10 2 2 0
