0 2 2 2 4 4 5 4 4 4 4 5 7 7 7 5 5 5 2 2 2 7 6 8 8 8 7 7 4 4 4 8 8 8 8 8 8 2 5 6 6 6 6 6 6 8 8 8 7 5 5 5 5 9 9 9 9 9 9 3 3 3 3 3 3 3 4 4 4 4 4 4 7 7 7 7 7 7 7 6 8 8 6 6 6 6 6 6 5 5 5 5 8 8 8 8 8 8 6 6 6 6 5 9 9 9 9 6 6 6 6 6 6 6 6 3 3 3 9 9 9 9 9 9 7 9 9
2 0 2 2 4 4 5 4 4 4 4 5 7 7 7 5 5 5 2 2 2 7 6 8 8 8 7 7 4 4 4 8 8 8 8 8 8 2 5 6 6 6 6 6 6 8 8 8 7 5 5 5 5 9 9 9 9 9 9 3 3 3 3 3 3 3 4 4 4 4 4 4 7 7 7 7 7 7 7 6 8 8 6 6 6 6 6 6 5 5 5 5 8 8 8 8 8 8 6 6 6 6 5 9 9 9 9 6 6 6 6 6 6 6 6 3 3 3 9 9 9 9 9 9 7 9 9
2 2 0 2 4 4 5 4 4 4 4 5 7 7 7 5 5 5 2 2 2 7 6 8 8 8 7 7 4 4 4 8 8 8 8 8 8 2 5 6 6 6 6 6 6 8 8 8 7 5 5 5 5 9 9 9 9 9 9 1 1 1 1 3 3 3 4 4 4 4 4 4 7 7 7 7 7 7 7 6 8 8 6 6 6 6 6 6 5 5 5 5 8 8 8 8 8 8 6 6 6 6 5 9 9 9 9 6 6 6 6 6 6 6 6 3 3 3 9 9 9 9 9 9 7 9 9
2 2 2 0 4 4 5 4 4 4 4 5 7 7 7 5 5 5 2 2 2 7 6 8 8 8 7 7 4 4 4 8 8 8 8 8 8 2 5 6 6 6 6 6 6 8 8 8 7 5 5 5 5 9 9 9 9 9 9 3 3 3 3 3 3 3 4 4 4 4 4 4 7 7 7 7 7 7 7 6 8 8 6 6 6 6 6 6 5 5 5 5 8 8 8 8 8 8 6 6 6 6 5 9 9 9 9 6 6 6 6 6 6 6 6 3 3 3 9 9 9 9 9 9 7 9 9
4 4 4 4 0 2 5 4 8 8 8 5 8 8 8 5 5 5 4 4 4 7 8 8 8 8 9 9 3 3 3 10 10 10 8 8 8 4 5 6 6 6 6 6 6 8 8 8 9 9 9 1 1 9 9 9 9 9 9 5 5 5 5 5 5 5 8 8 8 8 8 8 9 9 9 9 9 9 9 6 8 8 6 6 6 6 6 6 4 4 4 4 9 9 9 9 9 9 6 6 6 6 3 9 9 9 9 4 4 4 4 4 4 4 4 5 5 5 9 9 9 9 9 9 7 8 8
4 4 4 4 2 0 5 4 8 8 8 5 8 8 8 5 5 5 4 4 4 7 8 8 8 8 9 9 3 3 3 10 10 10 8 8 8 4 5 6 6 6 6 6 6 8 8 8 9 9 9 3 3 9 9 9 9 9 9 5 5 5 5 5 5 5 8 8 8 8 8 8 9 9 9 9 9 9 9 6 8 8 6 6 6 6 6 6 4 4 4 4 9 9 9 9 9 9 6 6 6 6 3 9 9 9 9 4 4 4 4 4 4 4 4 5 5 5 9 9 9 9 9 9 7 8 8
5 5 5 5 5 5 0 5 7 7 7 7 4 4 4 6 6 6 5 5 5 7 9 9 9 9 4 4 6 6 6 9 9 9 9 9 9 5 4 8 8 8 8 8 8 8 8 9 10 7 7 4 4 10 10 10 10 10 10 4 4 4 4 6 6 6 7 7 7 7 7 7 4 4 4 4 4 4 4 5 8 8 8 8 8 8 8 8 7 7 7 7 5 5 5 5 5 5 7 7 7 7 6 10 10 10 10 8 8 8 8 8 8 8 8 6 6 6 10 10 10 10 10 10 8 10 10
4 4 4 4 4 4 5 0 8 8 8 8 8 8 8 5 5 5 4 4 4 7 8 13 13 13 9 9 5 5 5 12 12 12 9 9 9 4 5 8 8 8 8 8 8 8 8 13 9 9 9 5 5 10 10 10 10 10 10 5 5 5 5 5 5 5 8 8 8 8 8 8 9 9 9 9 9 9 9 6 8 8 9 9 9 9 9 9 6 6 6 6 10 10 10 10 10 10 6 6 6 6 5 10 10 10 10 9 9 9 9 9 9 9 9 5 5 5 14 14 14 14 14 14 7 9 9
4 4 4 4 8 8 7 8 0 2 2 5 7 7 7 8 8 8 8 8 8 4 6 4 4 4 7 7 4 4 4 10 10 10 8 8 8 4 7 6 6 6 6 6 6 5 5 4 5 5 5 7 7 9 9 9 9 9 9 5 5 5 5 5 5 5 4 4 4 4 4 4 7 7 7 7 7 7 7 7 10 10 6 6 6 6 6 6 3 5 5 5 5 5 5 5 5 5 9 9 9 9 7 9 9 9 9 6 6 6 6 6 6 6 6 9 9 9 5 5 5 5 5 5 7 10 10
4 4 4 4 8 8 7 8 2 0 2 5 7 7 7 8 8 8 8 8 8 4 6 4 4 4 7 7 4 4 4 10 10 10 8 8 8 4 7 6 6 6 6 6 6 5 5 4 5 5 5 7 7 9 9 9 9 9 9 5 5 5 5 5 5 5 4 4 4 4 4 4 7 7 7 7 7 7 7 7 10 10 6 6 6 6 6 6 1 5 5 5 5 5 5 5 5 5 9 9 9 9 7 9 9 9 9 6 6 6 6 6 6 6 6 9 9 9 5 5 5 5 5 5 7 10 10
4 4 4 4 8 8 7 8 2 2 0 5 7 7 7 8 8 8 8 8 8 4 6 4 4 4 7 7 4 4 4 10 10 10 8 8 8 4 7 6 6 6 6 6 6 5 5 4 5 5 5 7 7 9 9 9 9 9 9 5 5 5 5 5 5 5 4 4 4 4 4 4 7 7 7 7 7 7 7 7 10 10 6 6 6 6 6 6 3 5 5 5 5 5 5 5 5 5 9 9 9 9 7 9 9 9 9 6 6 6 6 6 6 6 6 9 9 9 5 5 5 5 5 5 7 10 10
5 5 5 5 5 5 7 8 5 5 5 0 5 5 5 9 9 9 8 8 8 6 5 13 13 13 7 7 5 5 5 8 8 8 9 9 9 5 9 3 3 3 3 3 3 7 7 13 6 2 2 6 6 10 10 10 10 10 10 6 6 6 6 6 6 6 5 5 5 5 5 5 7 7 7 7 7 7 7 6 9 9 3 3 3 3 3 3 6 6 6 6 8 8 8 8 8 8 10 10 10 10 6 10 10 10 10 1 1 1 1 1 1 1 1 7 7 7 14 14 14 14 14 14 6 7 7
7 7 7 7 8 8 4 8 7 7 7 5 0 2 2 9 9 9 7 7 7 5 9 9 9 9 6 6 5 5 5 7 7 7 9 9 9 7 4 6 6 6 6 6 6 6 6 9 10 5 5 6 6 10 10 10 10 10 10 4 4 4 4 8 8 8 7 7 7 7 7 7 6 6 6 6 6 6 6 7 8 8 6 6 6 6 6 6 6 6 6 6 7 7 7 7 7 7 10 10 10 10 5 10 10 10 10 6 6 6 6 6 6 6 6 8 8 8 10 10 10 10 10 10 8 8 8
7 7 7 7 8 8 4 8 7 7 7 5 2 0 2 9 9 9 7 7 7 5 9 9 9 9 6 6 5 5 5 7 7 7 9 9 9 7 4 6 6 6 6 6 6 6 6 9 10 5 5 6 6 10 10 10 10 10 10 4 4 4 4 8 8 8 7 7 7 7 7 7 6 6 6 6 6 6 6 7 8 8 6 6 6 6 6 6 6 6 6 6 7 7 7 7 7 7 10 10 10 10 5 10 10 10 10 6 6 6 6 6 6 6 6 8 8 8 10 10 10 10 10 10 8 8 8
7 7 7 7 8 8 4 8 7 7 7 5 2 2 0 9 9 9 7 7 7 5 9 9 9 9 6 6 5 5 5 7 7 7 9 9 9 7 4 6 6 6 6 6 6 6 6 9 10 5 5 6 6 10 10 10 10 10 10 4 4 4 4 8 8 8 7 7 7 7 7 7 6 6 6 6 6 6 6 7 8 8 6 6 6 6 6 6 6 6 6 6 7 7 7 7 7 7 10 10 10 10 5 10 10 10 10 6 6 6 6 6 6 6 6 8 8 8 10 10 10 10 10 10 8 8 8
5 5 5 5 5 5 6 5 8 8 8 9 9 9 9 0 2 2 5 5 5 8 8 8 8 8 9 9 6 6 6 13 13 13 8 8 8 5 6 8 8 8 8 8 8 9 9 8 9 9 9 6 6 9 9 9 9 9 9 6 6 6 6 6 6 6 8 8 8 8 8 8 9 9 9 9 9 9 9 3 9 9 10 10 10 10 10 10 7 7 7 7 9 9 9 9 9 9 3 3 3 3 6 9 9 9 9 6 6 6 6 6 6 6 6 6 6 6 9 9 9 9 9 9 8 10 10
5 5 5 5 5 5 6 5 8 8 8 9 9 9 9 2 0 2 5 5 5 8 8 8 8 8 9 9 6 6 6 13 13 13 8 8 8 5 6 8 8 8 8 8 8 9 9 8 9 9 9 6 6 9 9 9 9 9 9 6 6 6 6 6 6 6 8 8 8 8 8 8 9 9 9 9 9 9 9 3 9 9 10 10 10 10 10 10 7 7 7 7 9 9 9 9 9 9 3 3 3 3 6 9 9 9 9 6 6 6 6 6 6 6 6 6 6 6 9 9 9 9 9 9 8 10 10
5 5 5 5 5 5 6 5 8 8 8 9 9 9 9 2 2 0 5 5 5 8 8 8 8 8 9 9 6 6 6 13 13 13 8 8 8 5 6 8 8 8 8 8 8 9 9 8 9 9 9 6 6 9 9 9 9 9 9 6 6 6 6 6 6 6 8 8 8 8 8 8 9 9 9 9 9 9 9 3 9 9 10 10 10 10 10 10 7 7 7 7 9 9 9 9 9 9 1 1 1 1 6 9 9 9 9 6 6 6 6 6 6 6 6 6 6 6 9 9 9 9 9 9 8 10 10
2 2 2 2 4 4 5 4 8 8 8 8 7 7 7 5 5 5 0 2 2 7 8 13 13 13 8 8 5 5 5 8 8 8 9 9 9 2 5 8 8 8 8 8 8 8 8 13 9 8 8 5 5 10 10 10 10 10 10 3 3 3 3 3 3 3 8 8 8 8 8 8 9 9 9 9 9 9 9 6 8 8 9 9 9 9 9 9 6 6 6 6 9 9 9 9 9 9 6 6 6 6 5 10 10 10 10 9 9 9 9 9 9 9 9 3 3 3 14 14 14 14 14 14 7 9 9
2 2 2 2 4 4 5 4 8 8 8 8 7 7 7 5 5 5 2 0 2 7 8 13 13 13 8 8 5 5 5 8 8 8 9 9 9 2 5 8 8 8 8 8 8 8 8 13 9 8 8 5 5 10 10 10 10 10 10 3 3 3 3 3 3 3 8 8 8 8 8 8 9 9 9 9 9 9 9 6 8 8 9 9 9 9 9 9 6 6 6 6 9 9 9 9 9 9 6 6 6 6 5 10 10 10 10 9 9 9 9 9 9 9 9 3 3 3 14 14 14 14 14 14 7 9 9
2 2 2 2 4 4 5 4 8 8 8 8 7 7 7 5 5 5 2 2 0 7 8 13 13 13 8 8 5 5 5 8 8 8 9 9 9 2 5 8 8 8 8 8 8 8 8 13 9 8 8 5 5 10 10 10 10 10 10 3 3 3 3 3 3 3 8 8 8 8 8 8 9 9 9 9 9 9 9 6 8 8 9 9 9 9 9 9 6 6 6 6 9 9 9 9 9 9 6 6 6 6 5 10 10 10 10 9 9 9 9 9 9 9 9 3 3 3 14 14 14 14 14 14 7 9 9
7 7 7 7 7 7 7 7 4 4 4 6 5 5 5 8 8 8 7 7 7 0 8 4 4 4 7 7 6 6 6 8 8 8 8 8 8 7 8 7 7 7 7 7 7 3 3 4 5 5 5 7 7 9 9 9 9 9 9 8 8 8 8 8 8 8 8 8 8 8 8 8 7 7 7 7 7 7 7 8 9 9 7 7 7 7 7 7 5 7 7 7 5 5 5 5 5 5 9 9 9 9 6 9 9 9 9 7 7 7 7 7 7 7 7 8 8 8 5 5 5 5 5 5 8 9 9
6 6 6 6 8 8 9 8 6 6 6 5 9 9 9 8 8 8 8 8 8 8 0 8 8 8 9 9 6 6 6 10 10 10 8 8 8 6 9 4 4 4 4 4 4 9 9 8 1 5 5 9 9 9 9 9 9 9 9 7 7 7 7 7 7 7 6 6 6 6 6 6 9 9 9 9 9 9 9 5 10 10 6 6 6 6 6 6 7 7 7 7 9 9 9 9 9 9 9 9 9 9 5 9 9 9 9 6 6 6 6 6 6 6 6 9 9 9 9 9 9 9 9 9 5 10 10
8 8 8 8 8 8 9 13 4 4 4 13 9 9 9 8 8 8 13 13 13 4 8 0 2 2 9 9 8 8 8 14 14 14 8 8 8 8 9 8 8 8 8 8 8 5 5 4 3 3 3 9 9 9 9 9 9 9 9 9 9 9 9 9 9 9 8 8 8 8 8 8 9 9 9 9 9 9 9 9 15 15 14 14 14 14 14 14 5 9 9 9 3 3 3 3 3 3 9 9 9 9 9 9 9 9 9 8 8 8 8 8 8 8 8 14 14 14 3 3 3 3 3 3 9 14 14
8 8 8 8 8 8 9 13 4 4 4 13 9 9 9 8 8 8 13 13 13 4 8 2 0 2 9 9 8 8 8 14 14 14 8 8 8 8 9 8 8 8 8 8 8 5 5 4 3 3 3 9 9 9 9 9 9 9 9 9 9 9 9 9 9 9 8 8 8 8 8 8 9 9 9 9 9 9 9 9 15 15 14 14 14 14 14 14 5 9 9 9 3 3 3 3 3 3 9 9 9 9 9 9 9 9 9 8 8 8 8 8 8 8 8 14 14 14 3 3 3 3 3 3 9 14 14
8 8 8 8 8 8 9 13 4 4 4 13 9 9 9 8 8 8 13 13 13 4 8 2 2 0 9 9 8 8 8 14 14 14 8 8 8 8 9 8 8 8 8 8 8 5 5 4 3 3 3 9 9 9 9 9 9 9 9 9 9 9 9 9 9 9 8 8 8 8 8 8 9 9 9 9 9 9 9 9 15 15 14 14 14 14 14 14 5 9 9 9 3 3 3 3 3 3 9 9 9 9 9 9 9 9 9 8 8 8 8 8 8 8 8 14 14 14 3 3 3 3 3 3 9 14 14
7 7 7 7 9 9 4 9 7 7 7 7 6 6 6 9 9 9 8 8 8 7 9 9 9 9 0 2 7 7 7 2 2 2 9 9 9 7 8 8 8 8 8 8 8 8 8 9 10 7 7 2 2 10 10 10 10 10 10 8 8 8 8 3 3 3 7 7 7 7 7 7 4 4 4 4 4 4 4 5 11 11 8 8 8 8 8 8 8 3 3 3 3 3 3 3 3 3 10 10 10 10 7 10 10 10 10 8 8 8 8 8 8 8 8 9 9 9 10 10 10 10 10 10 9 3 3
7 7 7 7 9 9 4 9 7 7 7 7 6 6 6 9 9 9 8 8 8 7 9 9 9 9 2 0 7 7 7 2 2 2 9 9 9 7 8 8 8 8 8 8 8 8 8 9 10 7 7 2 2 10 10 10 10 10 10 8 8 8 8 3 3 3 7 7 7 7 7 7 4 4 4 4 4 4 4 5 11 11 8 8 8 8 8 8 8 3 3 3 3 3 3 3 3 3 10 10 10 10 7 10 10 10 10 8 8 8 8 8 8 8 8 9 9 9 10 10 10 10 10 10 9 3 3
4 4 4 4 3 3 6 5 4 4 4 5 5 5 5 6 6 6 5 5 5 6 6 8 8 8 7 7 0 2 2 8 8 8 8 8 8 4 6 6 6 6 6 6 6 7 7 8 7 5 5 4 4 9 9 9 9 9 9 5 5 5 5 5 5 5 4 4 4 4 4 4 7 7 7 7 7 7 7 7 9 9 6 6 6 6 6 6 1 3 3 3 8 8 8 8 8 8 7 7 7 7 2 9 9 9 9 6 6 6 6 6 6 6 6 6 6 6 9 9 9 9 9 9 7 9 9
4 4 4 4 3 3 6 5 4 4 4 5 5 5 5 6 6 6 5 5 5 6 6 8 8 8 7 7 2 0 2 8 8 8 8 8 8 4 6 6 6 6 6 6 6 7 7 8 7 5 5 4 4 9 9 9 9 9 9 5 5 5 5 5 5 5 4 4 4 4 4 4 7 7 7 7 7 7 7 7 9 9 6 6 6 6 6 6 3 1 1 1 8 8 8 8 8 8 7 7 7 7 2 9 9 9 9 6 6 6 6 6 6 6 6 6 6 6 9 9 9 9 9 9 7 9 9
4 4 4 4 3 3 6 5 4 4 4 5 5 5 5 6 6 6 5 5 5 6 6 8 8 8 7 7 2 2 0 8 8 8 8 8 8 4 6 6 6 6 6 6 6 7 7 8 7 5 5 4 4 9 9 9 9 9 9 5 5 5 5 5 5 5 4 4 4 4 4 4 7 7 7 7 7 7 7 7 9 9 6 6 6 6 6 6 3 3 3 3 8 8 8 8 8 8 7 7 7 7 2 9 9 9 9 6 6 6 6 6 6 6 6 6 6 6 9 9 9 9 9 9 7 9 9
8 8 8 8 10 10 9 12 10 10 10 8 7 7 7 13 13 13 8 8 8 8 10 14 14 14 2 2 8 8 8 0 2 2 12 12 12 8 13 9 9 9 9 9 9 9 9 14 11 8 8 9 9 13 13 13 13 13 13 9 9 9 9 1 1 1 10 10 10 10 10 10 9 9 9 9 9 9 9 10 14 14 9 9 9 9 9 9 9 3 3 3 3 3 3 3 3 3 14 14 14 14 8 13 13 13 13 9 9 9 9 9 9 9 9 9 9 9 15 15 15 15 15 15 9 3 3
8 8 8 8 10 10 9 12 10 10 10 8 7 7 7 13 13 13 8 8 8 8 10 14 14 14 2 2 8 8 8 2 0 2 12 12 12 8 13 9 9 9 9 9 9 9 9 14 11 8 8 9 9 13 13 13 13 13 13 9 9 9 9 3 3 3 10 10 10 10 10 10 9 9 9 9 9 9 9 10 14 14 9 9 9 9 9 9 9 3 3 3 3 3 3 3 3 3 14 14 14 14 8 13 13 13 13 9 9 9 9 9 9 9 9 9 9 9 15 15 15 15 15 15 9 1 1
8 8 8 8 10 10 9 12 10 10 10 8 7 7 7 13 13 13 8 8 8 8 10 14 14 14 2 2 8 8 8 2 2 0 12 12 12 8 13 9 9 9 9 9 9 9 9 14 11 8 8 9 9 13 13 13 13 13 13 9 9 9 9 3 3 3 10 10 10 10 10 10 9 9 9 9 9 9 9 10 14 14 9 9 9 9 9 9 9 1 1 1 3 3 3 3 3 3 14 14 14 14 8 13 13 13 13 9 9 9 9 9 9 9 9 9 9 9 15 15 15 15 15 15 9 3 3
8 8 8 8 8 8 9 9 8 8 8 9 9 9 9 8 8 8 9 9 9 8 8 8 8 8 9 9 8 8 8 12 12 12 0 2 2 8 9 8 8 8 8 8 8 9 9 8 9 9 9 9 9 3 3 3 3 3 3 9 9 9 9 9 9 9 8 8 8 8 8 8 9 9 9 9 9 9 9 9 11 11 10 10 10 10 10 10 9 9 9 9 9 9 9 9 9 9 9 9 9 9 9 3 3 3 3 8 8 8 8 8 8 8 8 10 10 10 9 9 9 9 9 9 9 10 10
8 8 8 8 8 8 9 9 8 8 8 9 9 9 9 8 8 8 9 9 9 8 8 8 8 8 9 9 8 8 8 12 12 12 2 0 2 8 9 8 8 8 8 8 8 9 9 8 9 9 9 9 9 1 1 1 1 1 1 9 9 9 9 9 9 9 8 8 8 8 8 8 9 9 9 9 9 9 9 9 11 11 10 10 10 10 10 10 9 9 9 9 9 9 9 9 9 9 9 9 9 9 9 3 3 3 3 8 8 8 8 8 8 8 8 10 10 10 9 9 9 9 9 9 9 10 10
8 8 8 8 8 8 9 9 8 8 8 9 9 9 9 8 8 8 9 9 9 8 8 8 8 8 9 9 8 8 8 12 12 12 2 2 0 8 9 8 8 8 8 8 8 9 9 8 9 9 9 9 9 3 3 3 3 3 3 9 9 9 9 9 9 9 8 8 8 8 8 8 9 9 9 9 9 9 9 9 11 11 10 10 10 10 10 10 9 9 9 9 9 9 9 9 9 9 9 9 9 9 9 3 3 3 3 8 8 8 8 8 8 8 8 10 10 10 9 9 9 9 9 9 9 10 10
2 2 2 2 4 4 5 4 4 4 4 5 7 7 7 5 5 5 2 2 2 7 6 8 8 8 7 7 4 4 4 8 8 8 8 8 8 0 5 6 6 6 6 6 6 8 8 8 7 5 5 5 5 9 9 9 9 9 9 3 3 3 3 3 3 3 4 4 4 4 4 4 7 7 7 7 7 7 7 6 8 8 6 6 6 6 6 6 5 5 5 5 8 8 8 8 8 8 6 6 6 6 5 9 9 9 9 6 6 6 6 6 6 6 6 3 3 3 9 9 9 9 9 9 7 9 9
5 5 5 5 5 5 4 5 7 7 7 9 4 4 4 6 6 6 5 5 5 8 9 9 9 9 8 8 6 6 6 13 13 13 9 9 9 5 0 9 9 9 9 9 9 9 9 9 10 9 9 6 6 10 10 10 10 10 10 4 4 4 4 6 6 6 7 7 7 7 7 7 8 8 8 8 8 8 8 7 8 8 10 10 10 10 10 10 7 7 7 7 9 9 9 9 9 9 7 7 7 7 6 10 10 10 10 9 9 9 9 9 9 9 9 6 6 6 10 10 10 10 10 10 8 10 10
6 6 6 6 6 6 8 8 6 6 6 3 6 6 6 8 8 8 8 8 8 7 4 8 8 8 8 8 6 6 6 9 9 9 8 8 8 6 9 0 2 2 2 2 2 8 8 8 5 3 3 7 7 9 9 9 9 9 9 7 7 7 7 7 7 7 6 6 6 6 6 6 8 8 8 8 8 8 8 5 10 10 2 2 2 2 2 2 7 7 7 7 9 9 9 9 9 9 9 9 9 9 5 9 9 9 9 4 4 4 4 4 4 4 4 8 8 8 9 9 9 9 9 9 5 8 8
6 6 6 6 6 6 8 8 6 6 6 3 6 6 6 8 8 8 8 8 8 7 4 8 8 8 8 8 6 6 6 9 9 9 8 8 8 6 9 2 0 2 2 2 2 8 8 8 5 3 3 7 7 9 9 9 9 9 9 7 7 7 7 7 7 7 6 6 6 6 6 6 8 8 8 8 8 8 8 5 10 10 2 2 2 2 2 2 7 7 7 7 9 9 9 9 9 9 9 9 9 9 5 9 9 9 9 4 4 4 4 4 4 4 4 8 8 8 9 9 9 9 9 9 5 8 8
6 6 6 6 6 6 8 8 6 6 6 3 6 6 6 8 8 8 8 8 8 7 4 8 8 8 8 8 6 6 6 9 9 9 8 8 8 6 9 2 2 0 2 2 2 8 8 8 5 3 3 7 7 9 9 9 9 9 9 7 7 7 7 7 7 7 6 6 6 6 6 6 8 8 8 8 8 8 8 5 10 10 2 2 2 2 2 2 7 7 7 7 9 9 9 9 9 9 9 9 9 9 5 9 9 9 9 4 4 4 4 4 4 4 4 8 8 8 9 9 9 9 9 9 5 8 8
6 6 6 6 6 6 8 8 6 6 6 3 6 6 6 8 8 8 8 8 8 7 4 8 8 8 8 8 6 6 6 9 9 9 8 8 8 6 9 2 2 2 0 2 2 8 8 8 5 3 3 7 7 9 9 9 9 9 9 7 7 7 7 7 7 7 6 6 6 6 6 6 8 8 8 8 8 8 8 5 10 10 2 2 2 2 2 2 7 7 7 7 9 9 9 9 9 9 9 9 9 9 5 9 9 9 9 4 4 4 4 4 4 4 4 8 8 8 9 9 9 9 9 9 5 8 8
6 6 6 6 6 6 8 8 6 6 6 3 6 6 6 8 8 8 8 8 8 7 4 8 8 8 8 8 6 6 6 9 9 9 8 8 8 6 9 2 2 2 2 0 2 8 8 8 5 3 3 7 7 9 9 9 9 9 9 7 7 7 7 7 7 7 6 6 6 6 6 6 8 8 8 8 8 8 8 5 10 10 2 2 2 2 2 2 7 7 7 7 9 9 9 9 9 9 9 9 9 9 5 9 9 9 9 4 4 4 4 4 4 4 4 8 8 8 9 9 9 9 9 9 5 8 8
6 6 6 6 6 6 8 8 6 6 6 3 6 6 6 8 8 8 8 8 8 7 4 8 8 8 8 8 6 6 6 9 9 9 8 8 8 6 9 2 2 2 2 2 0 8 8 8 5 3 3 7 7 9 9 9 9 9 9 7 7 7 7 7 7 7 6 6 6 6 6 6 8 8 8 8 8 8 8 5 10 10 2 2 2 2 2 2 7 7 7 7 9 9 9 9 9 9 9 9 9 9 5 9 9 9 9 4 4 4 4 4 4 4 4 8 8 8 9 9 9 9 9 9 5 8 8
8 8 8 8 8 8 8 8 5 5 5 7 6 6 6 9 9 9 8 8 8 3 9 5 5 5 8 8 7 7 7 9 9 9 9 9 9 8 9 8 8 8 8 8 8 0 2 5 6 6 6 8 8 10 10 10 10 10 10 9 9 9 9 9 9 9 9 9 9 9 9 9 8 8 8 8 8 8 8 9 10 10 8 8 8 8 8 8 6 8 8 8 6 6 6 6 6 6 10 10 10 10 7 10 10 10 10 8 8 8 8 8 8 8 8 9 9 9 6 6 6 6 6 6 9 10 10
8 8 8 8 8 8 8 8 5 5 5 7 6 6 6 9 9 9 8 8 8 3 9 5 5 5 8 8 7 7 7 9 9 9 9 9 9 8 9 8 8 8 8 8 8 2 0 5 6 6 6 8 8 10 10 10 10 10 10 9 9 9 9 9 9 9 9 9 9 9 9 9 8 8 8 8 8 8 8 9 10 10 8 8 8 8 8 8 6 8 8 8 6 6 6 6 6 6 10 10 10 10 7 10 10 10 10 8 8 8 8 8 8 8 8 9 9 9 6 6 6 6 6 6 9 10 10
8 8 8 8 8 8 9 13 4 4 4 13 9 9 9 8 8 8 13 13 13 4 8 4 4 4 9 9 8 8 8 14 14 14 8 8 8 8 9 8 8 8 8 8 8 5 5 0 5 5 5 9 9 9 9 9 9 9 9 9 9 9 9 9 9 9 8 8 8 8 8 8 9 9 9 9 9 9 9 9 15 15 14 14 14 14 14 14 5 9 9 9 5 5 5 5 5 5 9 9 9 9 9 9 9 9 9 8 8 8 8 8 8 8 8 14 14 14 5 5 5 5 5 5 9 14 14
7 7 7 7 9 9 10 9 5 5 5 6 10 10 10 9 9 9 9 9 9 5 1 3 3 3 10 10 7 7 7 11 11 11 9 9 9 7 10 5 5 5 5 5 5 6 6 5 0 4 4 10 10 10 10 10 10 10 10 8 8 8 8 8 8 8 7 7 7 7 7 7 10 10 10 10 10 10 10 6 11 11 7 7 7 7 7 7 6 8 8 8 4 4 4 4 4 4 10 10 10 10 6 10 10 10 10 7 7 7 7 7 7 7 7 10 10 10 4 4 4 4 4 4 6 11 11
5 5 5 5 9 9 7 9 5 5 5 2 5 5 5 9 9 9 8 8 8 5 5 3 3 3 7 7 5 5 5 8 8 8 9 9 9 5 9 3 3 3 3 3 3 6 6 5 4 0 2 7 7 10 10 10 10 10 10 6 6 6 6 6 6 6 5 5 5 5 5 5 7 7 7 7 7 7 7 6 9 9 3 3 3 3 3 3 6 6 6 6 4 4 4 4 4 4 10 10 10 10 6 10 10 10 10 3 3 3 3 3 3 3 3 9 9 9 4 4 4 4 4 4 6 9 9
5 5 5 5 9 9 7 9 5 5 5 2 5 5 5 9 9 9 8 8 8 5 5 3 3 3 7 7 5 5 5 8 8 8 9 9 9 5 9 3 3 3 3 3 3 6 6 5 4 2 0 7 7 10 10 10 10 10 10 6 6 6 6 6 6 6 5 5 5 5 5 5 7 7 7 7 7 7 7 6 9 9 3 3 3 3 3 3 6 6 6 6 4 4 4 4 4 4 10 10 10 10 6 10 10 10 10 3 3 3 3 3 3 3 3 9 9 9 4 4 4 4 4 4 6 9 9
5 5 5 5 1 3 4 5 7 7 7 6 6 6 6 6 6 6 5 5 5 7 9 9 9 9 2 2 4 4 4 9 9 9 9 9 9 5 6 7 7 7 7 7 7 8 8 9 10 7 7 0 2 10 10 10 10 10 10 6 6 6 6 6 6 6 7 7 7 7 7 7 4 4 4 4 4 4 4 5 9 9 7 7 7 7 7 7 5 5 5 5 3 3 3 3 3 3 7 7 7 7 4 10 10 10 10 5 5 5 5 5 5 5 5 6 6 6 10 10 10 10 10 10 8 9 9
5 5 5 5 1 3 4 5 7 7 7 6 6 6 6 6 6 6 5 5 5 7 9 9 9 9 2 2 4 4 4 9 9 9 9 9 9 5 6 7 7 7 7 7 7 8 8 9 10 7 7 2 0 10 10 10 10 10 10 6 6 6 6 6 6 6 7 7 7 7 7 7 4 4 4 4 4 4 4 5 9 9 7 7 7 7 7 7 5 5 5 5 3 3 3 3 3 3 7 7 7 7 4 10 10 10 10 5 5 5 5 5 5 5 5 6 6 6 10 10 10 10 10 10 8 9 9
9 9 9 9 9 9 10 10 9 9 9 10 10 10 10 9 9 9 10 10 10 9 9 9 9 9 10 10 9 9 9 13 13 13 3 1 3 9 10 9 9 9 9 9 9 10 10 9 10 10 10 10 10 0 2 2 2 2 2 10 10 10 10 10 10 10 9 9 9 9 9 9 10 10 10 10 10 10 10 10 12 12 11 11 11 11 11 11 10 10 10 10 10 10 10 10 10 10 10 10 10 10 10 4 4 4 4 9 9 9 9 9 9 9 9 11 11 11 10 10 10 10 10 10 10 11 11
9 9 9 9 9 9 10 10 9 9 9 10 10 10 10 9 9 9 10 10 10 9 9 9 9 9 10 10 9 9 9 13 13 13 3 1 3 9 10 9 9 9 9 9 9 10 10 9 10 10 10 10 10 2 0 2 2 2 2 10 10 10 10 10 10 10 9 9 9 9 9 9 10 10 10 10 10 10 10 10 12 12 11 11 11 11 11 11 10 10 10 10 10 10 10 10 10 10 10 10 10 10 10 4 4 4 4 9 9 9 9 9 9 9 9 11 11 11 10 10 10 10 10 10 10 11 11
9 9 9 9 9 9 10 10 9 9 9 10 10 10 10 9 9 9 10 10 10 9 9 9 9 9 10 10 9 9 9 13 13 13 3 1 3 9 10 9 9 9 9 9 9 10 10 9 10 10 10 10 10 2 2 0 2 2 2 10 10 10 10 10 10 10 9 9 9 9 9 9 10 10 10 10 10 10 10 10 12 12 11 11 11 11 11 11 10 10 10 10 10 10 10 10 10 10 10 10 10 10 10 4 4 4 4 9 9 9 9 9 9 9 9 11 11 11 10 10 10 10 10 10 10 11 11
9 9 9 9 9 9 10 10 9 9 9 10 10 10 10 9 9 9 10 10 10 9 9 9 9 9 10 10 9 9 9 13 13 13 3 1 3 9 10 9 9 9 9 9 9 10 10 9 10 10 10 10 10 2 2 2 0 2 2 10 10 10 10 10 10 10 9 9 9 9 9 9 10 10 10 10 10 10 10 10 12 12 11 11 11 11 11 11 10 10 10 10 10 10 10 10 10 10 10 10 10 10 10 4 4 4 4 9 9 9 9 9 9 9 9 11 11 11 10 10 10 10 10 10 10 11 11
9 9 9 9 9 9 10 10 9 9 9 10 10 10 10 9 9 9 10 10 10 9 9 9 9 9 10 10 9 9 9 13 13 13 3 1 3 9 10 9 9 9 9 9 9 10 10 9 10 10 10 10 10 2 2 2 2 0 2 10 10 10 10 10 10 10 9 9 9 9 9 9 10 10 10 10 10 10 10 10 12 12 11 11 11 11 11 11 10 10 10 10 10 10 10 10 10 10 10 10 10 10 10 4 4 4 4 9 9 9 9 9 9 9 9 11 11 11 10 10 10 10 10 10 10 11 11
9 9 9 9 9 9 10 10 9 9 9 10 10 10 10 9 9 9 10 10 10 9 9 9 9 9 10 10 9 9 9 13 13 13 3 1 3 9 10 9 9 9 9 9 9 10 10 9 10 10 10 10 10 2 2 2 2 2 0 10 10 10 10 10 10 10 9 9 9 9 9 9 10 10 10 10 10 10 10 10 12 12 11 11 11 11 11 11 10 10 10 10 10 10 10 10 10 10 10 10 10 10 10 4 4 4 4 9 9 9 9 9 9 9 9 11 11 11 10 10 10 10 10 10 10 11 11
3 3 1 3 5 5 4 5 5 5 5 6 4 4 4 6 6 6 3 3 3 8 7 9 9 9 8 8 5 5 5 9 9 9 9 9 9 3 4 7 7 7 7 7 7 9 9 9 8 6 6 6 6 10 10 10 10 10 10 0 2 2 2 4 4 4 5 5 5 5 5 5 8 8 8 8 8 8 8 7 8 8 7 7 7 7 7 7 6 6 6 6 9 9 9 9 9 9 7 7 7 7 6 10 10 10 10 7 7 7 7 7 7 7 7 4 4 4 10 10 10 10 10 10 8 10 10
3 3 1 3 5 5 4 5 5 5 5 6 4 4 4 6 6 6 3 3 3 8 7 9 9 9 8 8 5 5 5 9 9 9 9 9 9 3 4 7 7 7 7 7 7 9 9 9 8 6 6 6 6 10 10 10 10 10 10 2 0 2 2 4 4 4 5 5 5 5 5 5 8 8 8 8 8 8 8 7 8 8 7 7 7 7 7 7 6 6 6 6 9 9 9 9 9 9 7 7 7 7 6 10 10 10 10 7 7 7 7 7 7 7 7 4 4 4 10 10 10 10 10 10 8 10 10
3 3 1 3 5 5 4 5 5 5 5 6 4 4 4 6 6 6 3 3 3 8 7 9 9 9 8 8 5 5 5 9 9 9 9 9 9 3 4 7 7 7 7 7 7 9 9 9 8 6 6 6 6 10 10 10 10 10 10 2 2 0 2 4 4 4 5 5 5 5 5 5 8 8 8 8 8 8 8 7 8 8 7 7 7 7 7 7 6 6 6 6 9 9 9 9 9 9 7 7 7 7 6 10 10 10 10 7 7 7 7 7 7 7 7 4 4 4 10 10 10 10 10 10 8 10 10
3 3 1 3 5 5 4 5 5 5 5 6 4 4 4 6 6 6 3 3 3 8 7 9 9 9 8 8 5 5 5 9 9 9 9 9 9 3 4 7 7 7 7 7 7 9 9 9 8 6 6 6 6 10 10 10 10 10 10 2 2 2 0 4 4 4 5 5 5 5 5 5 8 8 8 8 8 8 8 7 8 8 7 7 7 7 7 7 6 6 6 6 9 9 9 9 9 9 7 7 7 7 6 10 10 10 10 7 7 7 7 7 7 7 7 4 4 4 10 10 10 10 10 10 8 10 10
3 3 3 3 5 5 6 5 5 5 5 6 8 8 8 6 6 6 3 3 3 8 7 9 9 9 3 3 5 5 5 1 3 3 9 9 9 3 6 7 7 7 7 7 7 9 9 9 8 6 6 6 6 10 10 10 10 10 10 4 4 4 4 0 2 2 5 5 5 5 5 5 8 8 8 8 8 8 8 7 9 9 7 7 7 7 7 7 6 4 4 4 4 4 4 4 4 4 7 7 7 7 6 10 10 10 10 7 7 7 7 7 7 7 7 4 4 4 10 10 10 10 10 10 8 4 4
3 3 3 3 5 5 6 5 5 5 5 6 8 8 8 6 6 6 3 3 3 8 7 9 9 9 3 3 5 5 5 1 3 3 9 9 9 3 6 7 7 7 7 7 7 9 9 9 8 6 6 6 6 10 10 10 10 10 10 4 4 4 4 2 0 2 5 5 5 5 5 5 8 8 8 8 8 8 8 7 9 9 7 7 7 7 7 7 6 4 4 4 4 4 4 4 4 4 7 7 7 7 6 10 10 10 10 7 7 7 7 7 7 7 7 4 4 4 10 10 10 10 10 10 8 4 4
3 3 3 3 5 5 6 5 5 5 5 6 8 8 8 6 6 6 3 3 3 8 7 9 9 9 3 3 5 5 5 1 3 3 9 9 9 3 6 7 7 7 7 7 7 9 9 9 8 6 6 6 6 10 10 10 10 10 10 4 4 4 4 2 2 0 5 5 5 5 5 5 8 8 8 8 8 8 8 7 9 9 7 7 7 7 7 7 6 4 4 4 4 4 4 4 4 4 7 7 7 7 6 10 10 10 10 7 7 7 7 7 7 7 7 4 4 4 10 10 10 10 10 10 8 4 4
4 4 4 4 8 8 7 8 4 4 4 5 7 7 7 8 8 8 8 8 8 8 6 8 8 8 7 7 4 4 4 10 10 10 8 8 8 4 7 6 6 6 6 6 6 9 9 8 7 5 5 7 7 9 9 9 9 9 9 5 5 5 5 5 5 5 0 2 2 2 2 2 7 7 7 7 7 7 7 7 10 10 6 6 6 6 6 6 5 5 5 5 8 8 8 8 8 8 9 9 9 9 7 9 9 9 9 6 6 6 6 6 6 6 6 9 9 9 9 9 9 9 9 9 7 10 10
4 4 4 4 8 8 7 8 4 4 4 5 7 7 7 8 8 8 8 8 8 8 6 8 8 8 7 7 4 4 4 10 10 10 8 8 8 4 7 6 6 6 6 6 6 9 9 8 7 5 5 7 7 9 9 9 9 9 9 5 5 5 5 5 5 5 2 0 2 2 2 2 7 7 7 7 7 7 7 7 10 10 6 6 6 6 6 6 5 5 5 5 8 8 8 8 8 8 9 9 9 9 7 9 9 9 9 6 6 6 6 6 6 6 6 9 9 9 9 9 9 9 9 9 7 10 10
4 4 4 4 8 8 7 8 4 4 4 5 7 7 7 8 8 8 8 8 8 8 6 8 8 8 7 7 4 4 4 10 10 10 8 8 8 4 7 6 6 6 6 6 6 9 9 8 7 5 5 7 7 9 9 9 9 9 9 5 5 5 5 5 5 5 2 2 0 2 2 2 7 7 7 7 7 7 7 7 10 10 6 6 6 6 6 6 5 5 5 5 8 8 8 8 8 8 9 9 9 9 7 9 9 9 9 6 6 6 6 6 6 6 6 9 9 9 9 9 9 9 9 9 7 10 10
4 4 4 4 8 8 7 8 4 4 4 5 7 7 7 8 8 8 8 8 8 8 6 8 8 8 7 7 4 4 4 10 10 10 8 8 8 4 7 6 6 6 6 6 6 9 9 8 7 5 5 7 7 9 9 9 9 9 9 5 5 5 5 5 5 5 2 2 2 0 2 2 7 7 7 7 7 7 7 7 10 10 6 6 6 6 6 6 5 5 5 5 8 8 8 8 8 8 9 9 9 9 7 9 9 9 9 6 6 6 6 6 6 6 6 9 9 9 9 9 9 9 9 9 7 10 10
4 4 4 4 8 8 7 8 4 4 4 5 7 7 7 8 8 8 8 8 8 8 6 8 8 8 7 7 4 4 4 10 10 10 8 8 8 4 7 6 6 6 6 6 6 9 9 8 7 5 5 7 7 9 9 9 9 9 9 5 5 5 5 5 5 5 2 2 2 2 0 2 7 7 7 7 7 7 7 7 10 10 6 6 6 6 6 6 5 5 5 5 8 8 8 8 8 8 9 9 9 9 7 9 9 9 9 6 6 6 6 6 6 6 6 9 9 9 9 9 9 9 9 9 7 10 10
4 4 4 4 8 8 7 8 4 4 4 5 7 7 7 8 8 8 8 8 8 8 6 8 8 8 7 7 4 4 4 10 10 10 8 8 8 4 7 6 6 6 6 6 6 9 9 8 7 5 5 7 7 9 9 9 9 9 9 5 5 5 5 5 5 5 2 2 2 2 2 0 7 7 7 7 7 7 7 7 10 10 6 6 6 6 6 6 5 5 5 5 8 8 8 8 8 8 9 9 9 9 7 9 9 9 9 6 6 6 6 6 6 6 6 9 9 9 9 9 9 9 9 9 7 10 10
7 7 7 7 9 9 4 9 7 7 7 7 6 6 6 9 9 9 9 9 9 7 9 9 9 9 4 4 7 7 7 9 9 9 9 9 9 7 8 8 8 8 8 8 8 8 8 9 10 7 7 4 4 10 10 10 10 10 10 8 8 8 8 8 8 8 7 7 7 7 7 7 0 2 2 2 2 2 2 5 11 11 8 8 8 8 8 8 8 8 8 8 5 5 5 5 5 5 10 10 10 10 7 10 10 10 10 8 8 8 8 8 8 8 8 10 10 10 10 10 10 10 10 10 10 10 10
7 7 7 7 9 9 4 9 7 7 7 7 6 6 6 9 9 9 9 9 9 7 9 9 9 9 4 4 7 7 7 9 9 9 9 9 9 7 8 8 8 8 8 8 8 8 8 9 10 7 7 4 4 10 10 10 10 10 10 8 8 8 8 8 8 8 7 7 7 7 7 7 2 0 2 2 2 2 2 5 11 11 8 8 8 8 8 8 8 8 8 8 5 5 5 5 5 5 10 10 10 10 7 10 10 10 10 8 8 8 8 8 8 8 8 10 10 10 10 10 10 10 10 10 10 10 10
7 7 7 7 9 9 4 9 7 7 7 7 6 6 6 9 9 9 9 9 9 7 9 9 9 9 4 4 7 7 7 9 9 9 9 9 9 7 8 8 8 8 8 8 8 8 8 9 10 7 7 4 4 10 10 10 10 10 10 8 8 8 8 8 8 8 7 7 7 7 7 7 2 2 0 2 2 2 2 5 11 11 8 8 8 8 8 8 8 8 8 8 5 5 5 5 5 5 10 10 10 10 7 10 10 10 10 8 8 8 8 8 8 8 8 10 10 10 10 10 10 10 10 10 10 10 10
7 7 7 7 9 9 4 9 7 7 7 7 6 6 6 9 9 9 9 9 9 7 9 9 9 9 4 4 7 7 7 9 9 9 9 9 9 7 8 8 8 8 8 8 8 8 8 9 10 7 7 4 4 10 10 10 10 10 10 8 8 8 8 8 8 8 7 7 7 7 7 7 2 2 2 0 2 2 2 5 11 11 8 8 8 8 8 8 8 8 8 8 5 5 5 5 5 5 10 10 10 10 7 10 10 10 10 8 8 8 8 8 8 8 8 10 10 10 10 10 10 10 10 10 10 10 10
7 7 7 7 9 9 4 9 7 7 7 7 6 6 6 9 9 9 9 9 9 7 9 9 9 9 4 4 7 7 7 9 9 9 9 9 9 7 8 8 8 8 8 8 8 8 8 9 10 7 7 4 4 10 10 10 10 10 10 8 8 8 8 8 8 8 7 7 7 7 7 7 2 2 2 2 0 2 2 5 11 11 8 8 8 8 8 8 8 8 8 8 5 5 5 5 5 5 10 10 10 10 7 10 10 10 10 8 8 8 8 8 8 8 8 10 10 10 10 10 10 10 10 10 10 10 10
7 7 7 7 9 9 4 9 7 7 7 7 6 6 6 9 9 9 9 9 9 7 9 9 9 9 4 4 7 7 7 9 9 9 9 9 9 7 8 8 8 8 8 8 8 8 8 9 10 7 7 4 4 10 10 10 10 10 10 8 8 8 8 8 8 8 7 7 7 7 7 7 2 2 2 2 2 0 2 5 11 11 8 8 8 8 8 8 8 8 8 8 5 5 5 5 5 5 10 10 10 10 7 10 10 10 10 8 8 8 8 8 8 8 8 10 10 10 10 10 10 10 10 10 10 10 10
7 7 7 7 9 9 4 9 7 7 7 7 6 6 6 9 9 9 9 9 9 7 9 9 9 9 4 4 7 7 7 9 9 9 9 9 9 7 8 8 8 8 8 8 8 8 8 9 10 7 7 4 4 10 10 10 10 10 10 8 8 8 8 8 8 8 7 7 7 7 7 7 2 2 2 2 2 2 0 5 11 11 8 8 8 8 8 8 8 8 8 8 5 5 5 5 5 5 10 10 10 10 7 10 10 10 10 8 8 8 8 8 8 8 8 10 10 10 10 10 10 10 10 10 10 10 10
6 6 6 6 6 6 5 6 7 7 7 6 7 7 7 3 3 3 6 6 6 8 5 9 9 9 5 5 7 7 7 10 10 10 9 9 9 6 7 5 5 5 5 5 5 9 9 9 6 6 6 5 5 10 10 10 10 10 10 7 7 7 7 7 7 7 7 7 7 7 7 7 5 5 5 5 5 5 5 0 10 10 7 7 7 7 7 7 8 8 8 8 6 6 6 6 6 6 4 4 4 4 6 10 10 10 10 7 7 7 7 7 7 7 7 7 7 7 10 10 10 10 10 10 6 11 11
8 8 8 8 8 8 8 8 10 10 10 9 8 8 8 9 9 9 8 8 8 9 10 15 15 15 11 11 9 9 9 14 14 14 11 11 11 8 8 10 10 10 10 10 10 10 10 15 11 9 9 9 9 12 12 12 12 12 12 8 8 8 8 9 9 9 10 10 10 10 10 10 11 11 11 11 11 11 11 10 0 2 10 10 10 10 10 10 10 10 10 10 12 12 12 12 12 12 10 10 10 10 9 12 12 12 12 10 10 10 10 10 10 10 10 9 9 9 16 16 16 16 16 16 9 11 11
8 8 8 8 8 8 8 8 10 10 10 9 8 8 8 9 9 9 8 8 8 9 10 15 15 15 11 11 9 9 9 14 14 14 11 11 11 8 8 10 10 10 10 10 10 10 10 15 11 9 9 9 9 12 12 12 12 12 12 8 8 8 8 9 9 9 10 10 10 10 10 10 11 11 11 11 11 11 11 10 2 0 10 10 10 10 10 10 10 10 10 10 12 12 12 12 12 12 10 10 10 10 9 12 12 12 12 10 10 10 10 10 10 10 10 9 9 9 16 16 16 16 16 16 9 11 11
6 6 6 6 6 6 8 9 6 6 6 3 6 6 6 10 10 10 9 9 9 7 6 14 14 14 8 8 6 6 6 9 9 9 10 10 10 6 10 2 2 2 2 2 2 8 8 14 7 3 3 7 7 11 11 11 11 11 11 7 7 7 7 7 7 7 6 6 6 6 6 6 8 8 8 8 8 8 8 7 10 10 0 2 2 2 2 2 7 7 7 7 9 9 9 9 9 9 11 11 11 11 7 11 11 11 11 4 4 4 4 4 4 4 4 8 8 8 15 15 15 15 15 15 7 8 8
6 6 6 6 6 6 8 9 6 6 6 3 6 6 6 10 10 10 9 9 9 7 6 14 14 14 8 8 6 6 6 9 9 9 10 10 10 6 10 2 2 2 2 2 2 8 8 14 7 3 3 7 7 11 11 11 11 11 11 7 7 7 7 7 7 7 6 6 6 6 6 6 8 8 8 8 8 8 8 7 10 10 2 0 2 2 2 2 7 7 7 7 9 9 9 9 9 9 11 11 11 11 7 11 11 11 11 4 4 4 4 4 4 4 4 8 8 8 15 15 15 15 15 15 7 8 8
6 6 6 6 6 6 8 9 6 6 6 3 6 6 6 10 10 10 9 9 9 7 6 14 14 14 8 8 6 6 6 9 9 9 10 10 10 6 10 2 2 2 2 2 2 8 8 14 7 3 3 7 7 11 11 11 11 11 11 7 7 7 7 7 7 7 6 6 6 6 6 6 8 8 8 8 8 8 8 7 10 10 2 2 0 2 2 2 7 7 7 7 9 9 9 9 9 9 11 11 11 11 7 11 11 11 11 4 4 4 4 4 4 4 4 8 8 8 15 15 15 15 15 15 7 8 8
6 6 6 6 6 6 8 9 6 6 6 3 6 6 6 10 10 10 9 9 9 7 6 14 14 14 8 8 6 6 6 9 9 9 10 10 10 6 10 2 2 2 2 2 2 8 8 14 7 3 3 7 7 11 11 11 11 11 11 7 7 7 7 7 7 7 6 6 6 6 6 6 8 8 8 8 8 8 8 7 10 10 2 2 2 0 2 2 7 7 7 7 9 9 9 9 9 9 11 11 11 11 7 11 11 11 11 4 4 4 4 4 4 4 4 8 8 8 15 15 15 15 15 15 7 8 8
6 6 6 6 6 6 8 9 6 6 6 3 6 6 6 10 10 10 9 9 9 7 6 14 14 14 8 8 6 6 6 9 9 9 10 10 10 6 10 2 2 2 2 2 2 8 8 14 7 3 3 7 7 11 11 11 11 11 11 7 7 7 7 7 7 7 6 6 6 6 6 6 8 8 8 8 8 8 8 7 10 10 2 2 2 2 0 2 7 7 7 7 9 9 9 9 9 9 11 11 11 11 7 11 11 11 11 4 4 4 4 4 4 4 4 8 8 8 15 15 15 15 15 15 7 8 8
6 6 6 6 6 6 8 9 6 6 6 3 6 6 6 10 10 10 9 9 9 7 6 14 14 14 8 8 6 6 6 9 9 9 10 10 10 6 10 2 2 2 2 2 2 8 8 14 7 3 3 7 7 11 11 11 11 11 11 7 7 7 7 7 7 7 6 6 6 6 6 6 8 8 8 8 8 8 8 7 10 10 2 2 2 2 2 0 7 7 7 7 9 9 9 9 9 9 11 11 11 11 7 11 11 11 11 4 4 4 4 4 4 4 4 8 8 8 15 15 15 15 15 15 7 8 8
5 5 5 5 4 4 7 6 3 1 3 6 6 6 6 7 7 7 6 6 6 5 7 5 5 5 8 8 1 3 3 9 9 9 9 9 9 5 7 7 7 7 7 7 7 6 6 5 6 6 6 5 5 10 10 10 10 10 10 6 6 6 6 6 6 6 5 5 5 5 5 5 8 8 8 8 8 8 8 8 10 10 7 7 7 7 7 7 0 4 4 4 6 6 6 6 6 6 8 8 8 8 3 10 10 10 10 7 7 7 7 7 7 7 7 7 7 7 6 6 6 6 6 6 8 10 10
5 5 5 5 4 4 7 6 5 5 5 6 6 6 6 7 7 7 6 6 6 7 7 9 9 9 3 3 3 1 3 3 3 1 9 9 9 5 7 7 7 7 7 7 7 8 8 9 8 6 6 5 5 10 10 10 10 10 10 6 6 6 6 4 4 4 5 5 5 5 5 5 8 8 8 8 8 8 8 8 10 10 7 7 7 7 7 7 4 0 2 2 4 4 4 4 4 4 8 8 8 8 3 10 10 10 10 7 7 7 7 7 7 7 7 7 7 7 10 10 10 10 10 10 8 4 4
5 5 5 5 4 4 7 6 5 5 5 6 6 6 6 7 7 7 6 6 6 7 7 9 9 9 3 3 3 1 3 3 3 1 9 9 9 5 7 7 7 7 7 7 7 8 8 9 8 6 6 5 5 10 10 10 10 10 10 6 6 6 6 4 4 4 5 5 5 5 5 5 8 8 8 8 8 8 8 8 10 10 7 7 7 7 7 7 4 2 0 2 4 4 4 4 4 4 8 8 8 8 3 10 10 10 10 7 7 7 7 7 7 7 7 7 7 7 10 10 10 10 10 10 8 4 4
5 5 5 5 4 4 7 6 5 5 5 6 6 6 6 7 7 7 6 6 6 7 7 9 9 9 3 3 3 1 3 3 3 1 9 9 9 5 7 7 7 7 7 7 7 8 8 9 8 6 6 5 5 10 10 10 10 10 10 6 6 6 6 4 4 4 5 5 5 5 5 5 8 8 8 8 8 8 8 8 10 10 7 7 7 7 7 7 4 2 2 0 4 4 4 4 4 4 8 8 8 8 3 10 10 10 10 7 7 7 7 7 7 7 7 7 7 7 10 10 10 10 10 10 8 4 4
8 8 8 8 9 9 5 10 5 5 5 8 7 7 7 9 9 9 9 9 9 5 9 3 3 3 3 3 8 8 8 3 3 3 9 9 9 8 9 9 9 9 9 9 9 6 6 5 4 4 4 3 3 10 10 10 10 10 10 9 9 9 9 4 4 4 8 8 8 8 8 8 5 5 5 5 5 5 5 6 12 12 9 9 9 9 9 9 6 4 4 4 0 2 2 2 2 2 10 10 10 10 8 10 10 10 10 9 9 9 9 9 9 9 9 10 10 10 2 2 2 2 2 2 10 4 4
8 8 8 8 9 9 5 10 5 5 5 8 7 7 7 9 9 9 9 9 9 5 9 3 3 3 3 3 8 8 8 3 3 3 9 9 9 8 9 9 9 9 9 9 9 6 6 5 4 4 4 3 3 10 10 10 10 10 10 9 9 9 9 4 4 4 8 8 8 8 8 8 5 5 5 5 5 5 5 6 12 12 9 9 9 9 9 9 6 4 4 4 2 0 2 2 2 2 10 10 10 10 8 10 10 10 10 9 9 9 9 9 9 9 9 10 10 10 2 2 2 2 2 2 10 4 4
8 8 8 8 9 9 5 10 5 5 5 8 7 7 7 9 9 9 9 9 9 5 9 3 3 3 3 3 8 8 8 3 3 3 9 9 9 8 9 9 9 9 9 9 9 6 6 5 4 4 4 3 3 10 10 10 10 10 10 9 9 9 9 4 4 4 8 8 8 8 8 8 5 5 5 5 5 5 5 6 12 12 9 9 9 9 9 9 6 4 4 4 2 2 0 2 2 2 10 10 10 10 8 10 10 10 10 9 9 9 9 9 9 9 9 10 10 10 2 2 2 2 2 2 10 4 4
8 8 8 8 9 9 5 10 5 5 5 8 7 7 7 9 9 9 9 9 9 5 9 3 3 3 3 3 8 8 8 3 3 3 9 9 9 8 9 9 9 9 9 9 9 6 6 5 4 4 4 3 3 10 10 10 10 10 10 9 9 9 9 4 4 4 8 8 8 8 8 8 5 5 5 5 5 5 5 6 12 12 9 9 9 9 9 9 6 4 4 4 2 2 2 0 2 2 10 10 10 10 8 10 10 10 10 9 9 9 9 9 9 9 9 10 10 10 2 2 2 2 2 2 10 4 4
8 8 8 8 9 9 5 10 5 5 5 8 7 7 7 9 9 9 9 9 9 5 9 3 3 3 3 3 8 8 8 3 3 3 9 9 9 8 9 9 9 9 9 9 9 6 6 5 4 4 4 3 3 10 10 10 10 10 10 9 9 9 9 4 4 4 8 8 8 8 8 8 5 5 5 5 5 5 5 6 12 12 9 9 9 9 9 9 6 4 4 4 2 2 2 2 0 2 10 10 10 10 8 10 10 10 10 9 9 9 9 9 9 9 9 10 10 10 2 2 2 2 2 2 10 4 4
8 8 8 8 9 9 5 10 5 5 5 8 7 7 7 9 9 9 9 9 9 5 9 3 3 3 3 3 8 8 8 3 3 3 9 9 9 8 9 9 9 9 9 9 9 6 6 5 4 4 4 3 3 10 10 10 10 10 10 9 9 9 9 4 4 4 8 8 8 8 8 8 5 5 5 5 5 5 5 6 12 12 9 9 9 9 9 9 6 4 4 4 2 2 2 2 2 0 10 10 10 10 8 10 10 10 10 9 9 9 9 9 9 9 9 10 10 10 2 2 2 2 2 2 10 4 4
6 6 6 6 6 6 7 6 9 9 9 10 10 10 10 3 3 1 6 6 6 9 9 9 9 9 10 10 7 7 7 14 14 14 9 9 9 6 7 9 9 9 9 9 9 10 10 9 10 10 10 7 7 10 10 10 10 10 10 7 7 7 7 7 7 7 9 9 9 9 9 9 10 10 10 10 10 10 10 4 10 10 11 11 11 11 11 11 8 8 8 8 10 10 10 10 10 10 0 2 2 2 7 10 10 10 10 7 7 7 7 7 7 7 7 7 7 7 10 10 10 10 10 10 9 11 11
6 6 6 6 6 6 7 6 9 9 9 10 10 10 10 3 3 1 6 6 6 9 9 9 9 9 10 10 7 7 7 14 14 14 9 9 9 6 7 9 9 9 9 9 9 10 10 9 10 10 10 7 7 10 10 10 10 10 10 7 7 7 7 7 7 7 9 9 9 9 9 9 10 10 10 10 10 10 10 4 10 10 11 11 11 11 11 11 8 8 8 8 10 10 10 10 10 10 2 0 2 2 7 10 10 10 10 7 7 7 7 7 7 7 7 7 7 7 10 10 10 10 10 10 9 11 11
6 6 6 6 6 6 7 6 9 9 9 10 10 10 10 3 3 1 6 6 6 9 9 9 9 9 10 10 7 7 7 14 14 14 9 9 9 6 7 9 9 9 9 9 9 10 10 9 10 10 10 7 7 10 10 10 10 10 10 7 7 7 7 7 7 7 9 9 9 9 9 9 10 10 10 10 10 10 10 4 10 10 11 11 11 11 11 11 8 8 8 8 10 10 10 10 10 10 2 2 0 2 7 10 10 10 10 7 7 7 7 7 7 7 7 7 7 7 10 10 10 10 10 10 9 11 11
6 6 6 6 6 6 7 6 9 9 9 10 10 10 10 3 3 1 6 6 6 9 9 9 9 9 10 10 7 7 7 14 14 14 9 9 9 6 7 9 9 9 9 9 9 10 10 9 10 10 10 7 7 10 10 10 10 10 10 7 7 7 7 7 7 7 9 9 9 9 9 9 10 10 10 10 10 10 10 4 10 10 11 11 11 11 11 11 8 8 8 8 10 10 10 10 10 10 2 2 2 0 7 10 10 10 10 7 7 7 7 7 7 7 7 7 7 7 10 10 10 10 10 10 9 11 11
5 5 5 5 3 3 6 5 7 7 7 6 5 5 5 6 6 6 5 5 5 6 5 9 9 9 7 7 2 2 2 8 8 8 9 9 9 5 6 5 5 5 5 5 5 7 7 9 6 6 6 4 4 10 10 10 10 10 10 6 6 6 6 6 6 6 7 7 7 7 7 7 7 7 7 7 7 7 7 6 9 9 7 7 7 7 7 7 3 3 3 3 8 8 8 8 8 8 7 7 7 7 0 10 10 10 10 7 7 7 7 7 7 7 7 6 6 6 10 10 10 10 10 10 4 9 9
9 9 9 9 9 9 10 10 9 9 9 10 10 10 10 9 9 9 10 10 10 9 9 9 9 9 10 10 9 9 9 13 13 13 3 3 3 9 10 9 9 9 9 9 9 10 10 9 10 10 10 10 10 4 4 4 4 4 4 10 10 10 10 10 10 10 9 9 9 9 9 9 10 10 10 10 10 10 10 10 12 12 11 11 11 11 11 11 10 10 10 10 10 10 10 10 10 10 10 10 10 10 10 0 2 2 2 9 9 9 9 9 9 9 9 11 11 11 10 10 10 10 10 10 10 11 11
9 9 9 9 9 9 10 10 9 9 9 10 10 10 10 9 9 9 10 10 10 9 9 9 9 9 10 10 9 9 9 13 13 13 3 3 3 9 10 9 9 9 9 9 9 10 10 9 10 10 10 10 10 4 4 4 4 4 4 10 10 10 10 10 10 10 9 9 9 9 9 9 10 10 10 10 10 10 10 10 12 12 11 11 11 11 11 11 10 10 10 10 10 10 10 10 10 10 10 10 10 10 10 2 0 2 2 9 9 9 9 9 9 9 9 11 11 11 10 10 10 10 10 10 10 11 11
9 9 9 9 9 9 10 10 9 9 9 10 10 10 10 9 9 9 10 10 10 9 9 9 9 9 10 10 9 9 9 13 13 13 3 3 3 9 10 9 9 9 9 9 9 10 10 9 10 10 10 10 10 4 4 4 4 4 4 10 10 10 10 10 10 10 9 9 9 9 9 9 10 10 10 10 10 10 10 10 12 12 11 11 11 11 11 11 10 10 10 10 10 10 10 10 10 10 10 10 10 10 10 2 2 0 2 9 9 9 9 9 9 9 9 11 11 11 10 10 10 10 10 10 10 11 11
9 9 9 9 9 9 10 10 9 9 9 10 10 10 10 9 9 9 10 10 10 9 9 9 9 9 10 10 9 9 9 13 13 13 3 3 3 9 10 9 9 9 9 9 9 10 10 9 10 10 10 10 10 4 4 4 4 4 4 10 10 10 10 10 10 10 9 9 9 9 9 9 10 10 10 10 10 10 10 10 12 12 11 11 11 11 11 11 10 10 10 10 10 10 10 10 10 10 10 10 10 10 10 2 2 2 0 9 9 9 9 9 9 9 9 11 11 11 10 10 10 10 10 10 10 11 11
6 6 6 6 4 4 8 9 6 6 6 1 6 6 6 6 6 6 9 9 9 7 6 8 8 8 8 8 6 6 6 9 9 9 8 8 8 6 9 4 4 4 4 4 4 8 8 8 7 3 3 5 5 9 9 9 9 9 9 7 7 7 7 7 7 7 6 6 6 6 6 6 8 8 8 8 8 8 8 7 10 10 4 4 4 4 4 4 7 7 7 7 9 9 9 9 9 9 7 7 7 7 7 9 9 9 9 0 2 2 2 2 2 2 2 8 8 8 9 9 9 9 9 9 7 8 8
6 6 6 6 4 4 8 9 6 6 6 1 6 6 6 6 6 6 9 9 9 7 6 8 8 8 8 8 6 6 6 9 9 9 8 8 8 6 9 4 4 4 4 4 4 8 8 8 7 3 3 5 5 9 9 9 9 9 9 7 7 7 7 7 7 7 6 6 6 6 6 6 8 8 8 8 8 8 8 7 10 10 4 4 4 4 4 4 7 7 7 7 9 9 9 9 9 9 7 7 7 7 7 9 9 9 9 2 0 2 2 2 2 2 2 8 8 8 9 9 9 9 9 9 7 8 8
6 6 6 6 4 4 8 9 6 6 6 1 6 6 6 6 6 6 9 9 9 7 6 8 8 8 8 8 6 6 6 9 9 9 8 8 8 6 9 4 4 4 4 4 4 8 8 8 7 3 3 5 5 9 9 9 9 9 9 7 7 7 7 7 7 7 6 6 6 6 6 6 8 8 8 8 8 8 8 7 10 10 4 4 4 4 4 4 7 7 7 7 9 9 9 9 9 9 7 7 7 7 7 9 9 9 9 2 2 0 2 2 2 2 2 8 8 8 9 9 9 9 9 9 7 8 8
6 6 6 6 4 4 8 9 6 6 6 1 6 6 6 6 6 6 9 9 9 7 6 8 8 8 8 8 6 6 6 9 9 9 8 8 8 6 9 4 4 4 4 4 4 8 8 8 7 3 3 5 5 9 9 9 9 9 9 7 7 7 7 7 7 7 6 6 6 6 6 6 8 8 8 8 8 8 8 7 10 10 4 4 4 4 4 4 7 7 7 7 9 9 9 9 9 9 7 7 7 7 7 9 9 9 9 2 2 2 0 2 2 2 2 8 8 8 9 9 9 9 9 9 7 8 8
6 6 6 6 4 4 8 9 6 6 6 1 6 6 6 6 6 6 9 9 9 7 6 8 8 8 8 8 6 6 6 9 9 9 8 8 8 6 9 4 4 4 4 4 4 8 8 8 7 3 3 5 5 9 9 9 9 9 9 7 7 7 7 7 7 7 6 6 6 6 6 6 8 8 8 8 8 8 8 7 10 10 4 4 4 4 4 4 7 7 7 7 9 9 9 9 9 9 7 7 7 7 7 9 9 9 9 2 2 2 2 0 2 2 2 8 8 8 9 9 9 9 9 9 7 8 8
6 6 6 6 4 4 8 9 6 6 6 1 6 6 6 6 6 6 9 9 9 7 6 8 8 8 8 8 6 6 6 9 9 9 8 8 8 6 9 4 4 4 4 4 4 8 8 8 7 3 3 5 5 9 9 9 9 9 9 7 7 7 7 7 7 7 6 6 6 6 6 6 8 8 8 8 8 8 8 7 10 10 4 4 4 4 4 4 7 7 7 7 9 9 9 9 9 9 7 7 7 7 7 9 9 9 9 2 2 2 2 2 0 2 2 8 8 8 9 9 9 9 9 9 7 8 8
6 6 6 6 4 4 8 9 6 6 6 1 6 6 6 6 6 6 9 9 9 7 6 8 8 8 8 8 6 6 6 9 9 9 8 8 8 6 9 4 4 4 4 4 4 8 8 8 7 3 3 5 5 9 9 9 9 9 9 7 7 7 7 7 7 7 6 6 6 6 6 6 8 8 8 8 8 8 8 7 10 10 4 4 4 4 4 4 7 7 7 7 9 9 9 9 9 9 7 7 7 7 7 9 9 9 9 2 2 2 2 2 2 0 2 8 8 8 9 9 9 9 9 9 7 8 8
6 6 6 6 4 4 8 9 6 6 6 1 6 6 6 6 6 6 9 9 9 7 6 8 8 8 8 8 6 6 6 9 9 9 8 8 8 6 9 4 4 4 4 4 4 8 8 8 7 3 3 5 5 9 9 9 9 9 9 7 7 7 7 7 7 7 6 6 6 6 6 6 8 8 8 8 8 8 8 7 10 10 4 4 4 4 4 4 7 7 7 7 9 9 9 9 9 9 7 7 7 7 7 9 9 9 9 2 2 2 2 2 2 2 0 8 8 8 9 9 9 9 9 9 7 8 8
3 3 3 3 5 5 6 5 9 9 9 7 8 8 8 6 6 6 3 3 3 8 9 14 14 14 9 9 6 6 6 9 9 9 10 10 10 3 6 8 8 8 8 8 8 9 9 14 10 9 9 6 6 11 11 11 11 11 11 4 4 4 4 4 4 4 9 9 9 9 9 9 10 10 10 10 10 10 10 7 9 9 8 8 8 8 8 8 7 7 7 7 10 10 10 10 10 10 7 7 7 7 6 11 11 11 11 8 8 8 8 8 8 8 8 0 2 2 15 15 15 15 15 15 8 8 8
3 3 3 3 5 5 6 5 9 9 9 7 8 8 8 6 6 6 3 3 3 8 9 14 14 14 9 9 6 6 6 9 9 9 10 10 10 3 6 8 8 8 8 8 8 9 9 14 10 9 9 6 6 11 11 11 11 11 11 4 4 4 4 4 4 4 9 9 9 9 9 9 10 10 10 10 10 10 10 7 9 9 8 8 8 8 8 8 7 7 7 7 10 10 10 10 10 10 7 7 7 7 6 11 11 11 11 8 8 8 8 8 8 8 8 2 0 2 15 15 15 15 15 15 8 8 8
3 3 3 3 5 5 6 5 9 9 9 7 8 8 8 6 6 6 3 3 3 8 9 14 14 14 9 9 6 6 6 9 9 9 10 10 10 3 6 8 8 8 8 8 8 9 9 14 10 9 9 6 6 11 11 11 11 11 11 4 4 4 4 4 4 4 9 9 9 9 9 9 10 10 10 10 10 10 10 7 9 9 8 8 8 8 8 8 7 7 7 7 10 10 10 10 10 10 7 7 7 7 6 11 11 11 11 8 8 8 8 8 8 8 8 2 2 0 15 15 15 15 15 15 8 8 8
9 9 9 9 9 9 10 14 5 5 5 14 10 10 10 9 9 9 14 14 14 5 9 3 3 3 10 10 9 9 9 15 15 15 9 9 9 9 10 9 9 9 9 9 9 6 6 5 4 4 4 10 10 10 10 10 10 10 10 10 10 10 10 10 10 10 9 9 9 9 9 9 10 10 10 10 10 10 10 10 16 16 15 15 15 15 15 15 6 10 10 10 2 2 2 2 2 2 10 10 10 10 10 10 10 10 10 9 9 9 9 9 9 9 9 15 15 15 0 2 2 2 2 2 10 15 15
9 9 9 9 9 9 10 14 5 5 5 14 10 10 10 9 9 9 14 14 14 5 9 3 3 3 10 10 9 9 9 15 15 15 9 9 9 9 10 9 9 9 9 9 9 6 6 5 4 4 4 10 10 10 10 10 10 10 10 10 10 10 10 10 10 10 9 9 9 9 9 9 10 10 10 10 10 10 10 10 16 16 15 15 15 15 15 15 6 10 10 10 2 2 2 2 2 2 10 10 10 10 10 10 10 10 10 9 9 9 9 9 9 9 9 15 15 15 2 0 2 2 2 2 10 15 15
9 9 9 9 9 9 10 14 5 5 5 14 10 10 10 9 9 9 14 14 14 5 9 3 3 3 10 10 9 9 9 15 15 15 9 9 9 9 10 9 9 9 9 9 9 6 6 5 4 4 4 10 10 10 10 10 10 10 10 10 10 10 10 10 10 10 9 9 9 9 9 9 10 10 10 10 10 10 10 10 16 16 15 15 15 15 15 15 6 10 10 10 2 2 2 2 2 2 10 10 10 10 10 10 10 10 10 9 9 9 9 9 9 9 9 15 15 15 2 2 0 2 2 2 10 15 15
9 9 9 9 9 9 10 14 5 5 5 14 10 10 10 9 9 9 14 14 14 5 9 3 3 3 10 10 9 9 9 15 15 15 9 9 9 9 10 9 9 9 9 9 9 6 6 5 4 4 4 10 10 10 10 10 10 10 10 10 10 10 10 10 10 10 9 9 9 9 9 9 10 10 10 10 10 10 10 10 16 16 15 15 15 15 15 15 6 10 10 10 2 2 2 2 2 2 10 10 10 10 10 10 10 10 10 9 9 9 9 9 9 9 9 15 15 15 2 2 2 0 2 2 10 15 15
9 9 9 9 9 9 10 14 5 5 5 14 10 10 10 9 9 9 14 14 14 5 9 3 3 3 10 10 9 9 9 15 15 15 9 9 9 9 10 9 9 9 9 9 9 6 6 5 4 4 4 10 10 10 10 10 10 10 10 10 10 10 10 10 10 10 9 9 9 9 9 9 10 10 10 10 10 10 10 10 16 16 15 15 15 15 15 15 6 10 10 10 2 2 2 2 2 2 10 10 10 10 10 10 10 10 10 9 9 9 9 9 9 9 9 15 15 15 2 2 2 2 0 2 10 15 15
9 9 9 9 9 9 10 14 5 5 5 14 10 10 10 9 9 9 14 14 14 5 9 3 3 3 10 10 9 9 9 15 15 15 9 9 9 9 10 9 9 9 9 9 9 6 6 5 4 4 4 10 10 10 10 10 10 10 10 10 10 10 10 10 10 10 9 9 9 9 9 9 10 10 10 10 10 10 10 10 16 16 15 15 15 15 15 15 6 10 10 10 2 2 2 2 2 2 10 10 10 10 10 10 10 10 10 9 9 9 9 9 9 9 9 15 15 15 2 2 2 2 2 0 10 15 15
7 7 7 7 7 7 8 7 7 7 7 6 8 8 8 8 8 8 7 7 7 8 5 9 9 9 9 9 7 7 7 9 9 9 9 9 9 7 8 5 5 5 5 5 5 9 9 9 6 6 6 8 8 10 10 10 10 10 10 8 8 8 8 8 8 8 7 7 7 7 7 7 10 10 10 10 10 10 10 6 9 9 7 7 7 7 7 7 8 8 8 8 10 10 10 10 10 10 9 9 9 9 4 10 10 10 10 7 7 7 7 7 7 7 7 8 8 8 10 10 10 10 10 10 0 10 10
9 9 9 9 8 8 10 9 10 10 10 7 8 8 8 10 10 10 9 9 9 9 10 14 14 14 3 3 9 9 9 3 1 3 10 10 10 9 10 8 8 8 8 8 8 10 10 14 11 9 9 9 9 11 11 11 11 11 11 10 10 10 10 4 4 4 10 10 10 10 10 10 10 10 10 10 10 10 10 11 11 11 8 8 8 8 8 8 10 4 4 4 4 4 4 4 4 4 11 11 11 11 9 11 11 11 11 8 8 8 8 8 8 8 8 8 8 8 15 15 15 15 15 15 10 0 2
9 9 9 9 8 8 10 9 10 10 10 7 8 8 8 10 10 10 9 9 9 9 10 14 14 14 3 3 9 9 9 3 1 3 10 10 10 9 10 8 8 8 8 8 8 10 10 14 11 9 9 9 9 11 11 11 11 11 11 10 10 10 10 4 4 4 10 10 10 10 10 10 10 10 10 10 10 10 10 11 11 11 8 8 8 8 8 8 10 4 4 4 4 4 4 4 4 4 11 11 11 11 9 11 11 11 11 8 8 8 8 8 8 8 8 8 8 8 15 15 15 15 15 15 10 2 0
