0 2 9 9 9 9 6 6 9 9 9 6 6 7 10 10 6 6 6 6 7 7 10 11 11 11 11 3 3 10 10 10 10 8 7 7 8 8 8 8 4 4 10 10 11 11 9 10 10 10 10 10 10 10 10 10 8 8 8 11 11 11 11 11 11 7 7 7 7 7 9 9 9 9 9 9 9 10 10 10 10 10 10 10 11 11 11 11 11 11 11 11 8 7 6 11 11 11 9 9 9 9 9 9 9 9 9 5 5 5 5 5 5 5 7 7 6 6 4 4 4 4 4 12 11 11 11 4 4 4 4 5 5 12 12 1 1 1 1 1 1 1 1 4 4 4 4 10 10 10 10 8 8 8 8 8 10 10 10 10 10 10 12 11 11 11 3 3 10 10 10 9 9 9 5 5 5 5 5 5 5 5 5 5 9 9 9 9 9 11 9 11 11 11 11 11 4 10 11 11
2 0 9 9 9 9 6 6 9 9 9 6 6 7 10 10 6 6 6 6 7 7 10 11 11 11 11 3 3 10 10 10 10 8 7 7 8 8 8 8 4 4 10 10 11 11 9 10 10 10 10 10 10 10 10 10 8 8 8 11 11 11 11 11 11 7 7 7 7 7 9 9 9 9 9 9 9 10 10 10 10 10 10 10 11 11 11 11 11 11 11 11 8 7 6 11 11 11 9 9 9 9 9 9 9 9 9 5 5 5 5 5 5 5 7 7 6 6 4 4 4 4 4 12 11 11 11 4 4 4 4 5 5 12 12 3 3 3 3 3 3 3 3 4 4 4 4 10 10 10 10 8 8 8 8 8 10 10 10 10 10 10 12 11 11 11 3 3 10 10 10 9 9 9 5 5 5 5 5 5 5 5 5 5 9 9 9 9 9 11 9 11 11 11 11 11 4 10 11 11
9 9 0 2 2 7 9 9 8 8 8 8 8 9 11 11 7 7 7 7 9 9 11 12 12 12 12 8 8 13 13 13 13 9 7 7 7 7 7 7 9 9 11 11 12 12 7 8 8 8 8 8 8 8 8 8 5 5 5 12 12 12 12 12 12 10 10 10 10 8 8 8 8 8 8 8 8 8 8 9 9 9 9 9 9 9 9 9 9 12 12 12 10 10 9 12 12 12 3 3 3 3 3 3 3 3 3 9 9 9 9 9 9 9 8 8 7 7 9 9 9 9 9 13 12 12 12 9 9 9 9 9 9 13 13 10 10 10 10 10 10 10 10 9 9 9 9 8 8 8 8 10 10 10 10 10 8 8 8 8 8 8 13 9 9 9 8 8 8 8 8 6 6 6 10 10 10 10 10 10 10 10 10 10 3 3 3 3 3 12 6 14 14 14 14 14 9 8 9 9
9 9 2 0 2 7 9 9 8 8 8 8 8 9 11 11 7 7 7 7 9 9 11 12 12 12 12 8 8 13 13 13 13 9 7 7 7 7 7 7 9 9 11 11 12 12 7 8 8 8 8 8 8 8 8 8 5 5 5 12 12 12 12 12 12 10 10 10 10 8 8 8 8 8 8 8 8 8 8 9 9 9 9 9 9 9 9 9 9 12 12 12 10 10 9 12 12 12 3 3 3 3 3 3 3 3 3 9 9 9 9 9 9 9 8 8 7 7 9 9 9 9 9 13 12 12 12 9 9 9 9 9 9 13 13 10 10 10 10 10 10 10 10 9 9 9 9 8 8 8 8 10 10 10 10 10 8 8 8 8 8 8 13 9 9 9 8 8 8 8 8 6 6 6 10 10 10 10 10 10 10 10 10 10 3 3 3 3 3 12 6 14 14 14 14 14 9 8 9 9
9 9 2 2 0 7 9 9 8 8 8 8 8 9 11 11 7 7 7 7 9 9 11 12 12 12 12 8 8 13 13 13 13 9 7 7 7 7 7 7 9 9 11 11 12 12 7 8 8 8 8 8 8 8 8 8 5 5 5 12 12 12 12 12 12 10 10 10 10 8 8 8 8 8 8 8 8 8 8 9 9 9 9 9 9 9 9 9 9 12 12 12 10 10 9 12 12 12 3 3 3 3 3 3 3 3 3 9 9 9 9 9 9 9 8 8 7 7 9 9 9 9 9 13 12 12 12 9 9 9 9 9 9 13 13 10 10 10 10 10 10 10 10 9 9 9 9 8 8 8 8 10 10 10 10 10 8 8 8 8 8 8 13 9 9 9 8 8 8 8 8 6 6 6 10 10 10 10 10 10 10 10 10 10 1 1 1 1 1 12 6 14 14 14 14 14 9 8 9 9
9 9 7 7 7 0 9 9 12 12 12 9 9 10 10 10 10 10 10 10 10 10 11 12 12 12 12 9 9 12 12 12 12 8 6 6 4 4 4 4 9 9 11 11 12 12 4 7 7 7 7 7 11 11 11 11 7 7 7 11 11 11 11 11 11 10 10 10 10 7 5 5 5 5 5 5 5 7 7 13 13 13 13 13 8 8 8 8 8 12 12 12 11 10 10 12 12 12 8 8 8 8 8 8 8 8 8 8 8 8 8 8 8 8 8 8 10 10 10 10 10 10 10 13 12 12 12 10 10 10 10 10 10 13 13 10 10 10 10 10 10 10 10 10 10 10 10 3 3 3 3 11 11 11 11 11 1 1 1 1 1 1 13 12 12 12 10 10 5 5 5 5 5 5 10 10 10 10 10 10 10 10 10 10 8 8 8 8 8 12 8 13 13 13 13 13 10 3 8 8
6 6 9 9 9 9 0 2 9 9 9 5 5 6 7 7 8 8 8 8 6 6 7 7 7 7 7 7 7 10 10 10 10 9 8 8 9 9 9 9 6 6 10 10 11 11 9 7 7 7 7 7 7 7 7 7 7 7 7 8 8 8 8 8 8 7 7 7 7 6 8 8 8 8 8 8 8 7 7 10 10 10 10 10 8 8 8 8 8 7 7 7 7 3 8 11 11 11 8 8 8 8 8 8 8 8 8 7 7 7 7 7 7 7 8 8 8 8 6 6 6 6 6 12 11 11 11 8 8 8 8 7 7 8 8 7 7 7 7 7 7 7 7 6 6 6 6 10 10 10 10 7 7 7 7 7 10 10 10 10 10 10 8 8 8 8 7 7 10 10 10 9 9 9 7 7 7 7 7 7 7 7 7 7 8 8 8 8 8 11 8 11 11 11 11 11 7 10 8 8
6 6 9 9 9 9 2 0 9 9 9 5 5 6 7 7 8 8 8 8 6 6 7 7 7 7 7 7 7 10 10 10 10 9 8 8 9 9 9 9 6 6 10 10 11 11 9 7 7 7 7 7 7 7 7 7 7 7 7 8 8 8 8 8 8 7 7 7 7 6 8 8 8 8 8 8 8 7 7 10 10 10 10 10 8 8 8 8 8 7 7 7 7 3 8 11 11 11 8 8 8 8 8 8 8 8 8 7 7 7 7 7 7 7 8 8 8 8 6 6 6 6 6 12 11 11 11 8 8 8 8 7 7 8 8 7 7 7 7 7 7 7 7 6 6 6 6 10 10 10 10 7 7 7 7 7 10 10 10 10 10 10 8 8 8 8 7 7 10 10 10 9 9 9 7 7 7 7 7 7 7 7 7 7 8 8 8 8 8 11 8 11 11 11 11 11 7 10 8 8
9 9 8 8 8 12 9 9 0 2 2 9 9 10 6 6 7 7 7 7 10 10 5 12 12 12 12 8 8 12 12 12 12 10 10 10 10 10 10 10 9 9 3 3 4 4 12 4 4 4 4 4 4 4 4 4 10 10 10 7 7 7 7 7 7 10 10 10 10 10 5 5 5 5 5 5 5 12 12 1 1 1 1 1 5 5 5 5 5 12 12 12 6 10 5 6 6 6 9 9 9 9 9 9 9 9 9 5 5 5 5 5 5 5 5 5 7 7 9 9 9 9 9 5 4 4 4 9 9 9 9 9 9 13 13 10 10 10 10 10 10 10 10 9 9 9 9 13 13 13 13 11 11 11 11 11 13 13 13 13 13 13 13 5 5 5 8 8 13 13 13 11 11 11 5 5 5 5 5 5 5 5 5 5 9 9 9 9 9 4 5 13 13 13 13 13 9 4 5 5
9 9 8 8 8 12 9 9 2 0 2 9 9 10 6 6 7 7 7 7 10 10 5 12 12 12 12 8 8 12 12 12 12 10 10 10 10 10 10 10 9 9 3 3 4 4 12 4 4 4 4 4 4 4 4 4 10 10 10 7 7 7 7 7 7 10 10 10 10 10 5 5 5 5 5 5 5 12 12 3 3 3 3 3 5 5 5 5 5 12 12 12 6 10 5 6 6 6 9 9 9 9 9 9 9 9 9 5 5 5 5 5 5 5 5 5 7 7 9 9 9 9 9 5 4 4 4 9 9 9 9 9 9 13 13 10 10 10 10 10 10 10 10 9 9 9 9 13 13 13 13 11 11 11 11 11 13 13 13 13 13 13 13 5 5 5 8 8 13 13 13 11 11 11 5 5 5 5 5 5 5 5 5 5 9 9 9 9 9 4 5 13 13 13 13 13 9 4 5 5
9 9 8 8 8 12 9 9 2 2 0 9 9 10 6 6 7 7 7 7 10 10 5 12 12 12 12 8 8 12 12 12 12 10 10 10 10 10 10 10 9 9 3 3 4 4 12 4 4 4 4 4 4 4 4 4 10 10 10 7 7 7 7 7 7 10 10 10 10 10 5 5 5 5 5 5 5 12 12 3 3 3 3 3 5 5 5 5 5 12 12 12 6 10 5 6 6 6 9 9 9 9 9 9 9 9 9 5 5 5 5 5 5 5 5 5 7 7 9 9 9 9 9 5 4 4 4 9 9 9 9 9 9 13 13 10 10 10 10 10 10 10 10 9 9 9 9 13 13 13 13 11 11 11 11 11 13 13 13 13 13 13 13 5 5 5 8 8 13 13 13 11 11 11 5 5 5 5 5 5 5 5 5 5 9 9 9 9 9 4 5 13 13 13 13 13 9 4 5 5
6 6 8 8 8 9 5 5 9 9 9 0 2 5 10 10 8 8 8 8 5 5 10 11 11 11 11 7 7 11 11 11 11 9 7 7 9 9 9 9 6 6 10 10 11 11 9 10 10 10 10 10 6 6 6 6 7 7 7 11 11 11 11 11 11 7 7 7 7 3 10 10 10 10 10 10 10 10 10 10 10 10 10 10 11 11 11 11 11 11 11 11 6 6 8 11 11 11 8 8 8 8 8 8 8 8 8 7 7 7 7 7 7 7 9 9 8 8 3 3 3 3 3 12 11 11 11 8 8 8 8 7 7 12 12 6 6 6 6 6 6 6 6 3 3 3 3 10 10 10 10 6 6 6 6 6 10 10 10 10 10 10 12 7 7 7 7 7 10 10 10 8 8 8 7 7 7 7 7 7 7 7 7 7 8 8 8 8 8 11 7 12 12 12 12 12 7 10 11 11
6 6 8 8 8 9 5 5 9 9 9 2 0 5 10 10 8 8 8 8 5 5 10 11 11 11 11 7 7 11 11 11 11 9 7 7 9 9 9 9 6 6 10 10 11 11 9 10 10 10 10 10 6 6 6 6 7 7 7 11 11 11 11 11 11 7 7 7 7 3 10 10 10 10 10 10 10 10 10 10 10 10 10 10 11 11 11 11 11 11 11 11 6 6 8 11 11 11 8 8 8 8 8 8 8 8 8 7 7 7 7 7 7 7 9 9 8 8 3 3 3 3 3 12 11 11 11 8 8 8 8 7 7 12 12 6 6 6 6 6 6 6 6 1 1 1 1 10 10 10 10 6 6 6 6 6 10 10 10 10 10 10 12 7 7 7 7 7 10 10 10 8 8 8 7 7 7 7 7 7 7 7 7 7 8 8 8 8 8 11 7 12 12 12 12 12 7 10 11 11
7 7 9 9 9 10 6 6 10 10 10 5 5 0 7 7 9 9 9 9 6 6 5 5 5 5 5 8 8 12 12 12 12 6 8 8 6 6 6 6 7 7 10 10 11 11 10 5 5 5 5 5 7 7 7 7 5 5 5 8 8 8 8 8 8 8 8 8 8 6 6 6 6 6 6 6 6 5 5 11 11 11 11 11 6 6 6 6 6 5 5 5 7 5 6 11 11 11 6 6 6 6 6 6 6 6 6 6 6 6 6 6 6 6 6 6 9 9 6 6 6 6 6 12 11 11 11 9 9 9 9 8 8 6 6 7 7 7 7 7 7 7 7 6 6 6 6 11 11 11 11 3 3 3 3 3 11 11 11 11 11 11 6 8 8 8 8 8 11 11 11 9 9 9 8 8 8 8 8 8 8 8 8 8 6 6 6 6 6 11 6 13 13 13 13 13 8 11 6 6
10 10 11 11 11 10 7 7 6 6 6 10 10 7 0 2 10 10 10 10 4 4 5 8 8 8 8 9 9 12 12 12 12 8 10 10 8 8 8 8 10 10 5 5 6 6 10 6 6 6 6 6 6 6 6 6 8 8 8 3 3 3 3 3 3 10 10 10 10 11 7 7 7 7 7 7 7 8 8 7 7 7 7 7 7 7 7 7 7 8 8 8 4 8 5 2 2 2 9 9 9 9 9 9 9 9 9 7 7 7 7 7 7 7 7 7 10 10 10 10 10 10 10 7 6 6 6 10 10 10 10 10 10 9 9 5 5 5 5 5 5 5 5 10 10 10 10 11 11 11 11 8 8 8 8 8 11 11 11 11 11 11 9 7 7 7 11 11 11 11 11 11 11 11 7 7 7 7 7 7 7 7 7 7 9 9 9 9 9 6 7 13 13 13 13 13 10 6 7 7
10 10 11 11 11 10 7 7 6 6 6 10 10 7 2 0 10 10 10 10 4 4 5 8 8 8 8 9 9 12 12 12 12 8 10 10 8 8 8 8 10 10 5 5 6 6 10 6 6 6 6 6 6 6 6 6 8 8 8 1 1 1 1 1 1 10 10 10 10 11 7 7 7 7 7 7 7 8 8 7 7 7 7 7 7 7 7 7 7 8 8 8 4 8 5 2 2 2 9 9 9 9 9 9 9 9 9 7 7 7 7 7 7 7 7 7 10 10 10 10 10 10 10 7 6 6 6 10 10 10 10 10 10 9 9 5 5 5 5 5 5 5 5 10 10 10 10 11 11 11 11 8 8 8 8 8 11 11 11 11 11 11 9 7 7 7 11 11 11 11 11 11 11 11 7 7 7 7 7 7 7 7 7 7 9 9 9 9 9 6 7 13 13 13 13 13 10 6 7 7
6 6 7 7 7 10 8 8 7 7 7 8 8 9 10 10 0 2 2 2 3 3 10 11 11 11 11 5 5 5 5 5 5 8 9 9 8 8 8 8 5 5 10 10 11 11 10 5 5 5 5 5 10 10 10 10 5 5 5 11 11 11 11 11 11 5 5 5 5 9 6 6 6 6 6 6 6 5 5 8 8 8 8 8 6 6 6 6 6 11 11 11 4 9 6 11 11 11 6 6 6 6 6 6 6 6 6 6 6 6 6 6 6 6 3 3 4 4 6 6 6 6 6 12 11 11 11 6 6 6 6 4 4 12 12 4 4 4 4 4 4 4 4 6 6 6 6 11 11 11 11 10 10 10 10 10 11 11 11 11 11 11 12 11 11 11 3 3 11 11 11 11 11 11 6 6 6 6 6 6 6 6 6 6 6 6 6 6 6 11 6 6 6 6 6 6 6 11 6 6
6 6 7 7 7 10 8 8 7 7 7 8 8 9 10 10 2 0 2 2 3 3 10 11 11 11 11 5 5 5 5 5 5 8 9 9 8 8 8 8 5 5 10 10 11 11 10 5 5 5 5 5 10 10 10 10 5 5 5 11 11 11 11 11 11 5 5 5 5 9 6 6 6 6 6 6 6 5 5 8 8 8 8 8 6 6 6 6 6 11 11 11 4 9 6 11 11 11 6 6 6 6 6 6 6 6 6 6 6 6 6 6 6 6 3 3 4 4 6 6 6 6 6 12 11 11 11 6 6 6 6 4 4 12 12 4 4 4 4 4 4 4 4 6 6 6 6 11 11 11 11 10 10 10 10 10 11 11 11 11 11 11 12 11 11 11 1 1 11 11 11 11 11 11 6 6 6 6 6 6 6 6 6 6 6 6 6 6 6 11 6 6 6 6 6 6 6 11 6 6
6 6 7 7 7 10 8 8 7 7 7 8 8 9 10 10 2 2 0 2 3 3 10 11 11 11 11 5 5 5 5 5 5 8 9 9 8 8 8 8 5 5 10 10 11 11 10 5 5 5 5 5 10 10 10 10 5 5 5 11 11 11 11 11 11 5 5 5 5 9 6 6 6 6 6 6 6 5 5 8 8 8 8 8 6 6 6 6 6 11 11 11 4 9 6 11 11 11 6 6 6 6 6 6 6 6 6 6 6 6 6 6 6 6 1 1 4 4 6 6 6 6 6 12 11 11 11 6 6 6 6 4 4 12 12 4 4 4 4 4 4 4 4 6 6 6 6 11 11 11 11 10 10 10 10 10 11 11 11 11 11 11 12 11 11 11 3 3 11 11 11 11 11 11 6 6 6 6 6 6 6 6 6 6 6 6 6 6 6 11 6 6 6 6 6 6 6 11 6 6
6 6 7 7 7 10 8 8 7 7 7 8 8 9 10 10 2 2 2 0 3 3 10 11 11 11 11 5 5 5 5 5 5 8 9 9 8 8 8 8 5 5 10 10 11 11 10 5 5 5 5 5 10 10 10 10 5 5 5 11 11 11 11 11 11 5 5 5 5 9 6 6 6 6 6 6 6 5 5 8 8 8 8 8 6 6 6 6 6 11 11 11 4 9 6 11 11 11 6 6 6 6 6 6 6 6 6 6 6 6 6 6 6 6 3 3 4 4 6 6 6 6 6 12 11 11 11 6 6 6 6 4 4 12 12 4 4 4 4 4 4 4 4 6 6 6 6 11 11 11 11 10 10 10 10 10 11 11 11 11 11 11 12 11 11 11 3 3 11 11 11 11 11 11 6 6 6 6 6 6 6 6 6 6 6 6 6 6 6 11 6 6 6 6 6 6 6 11 6 6
7 7 9 9 9 10 6 6 10 10 10 5 5 6 4 4 3 3 3 3 0 2 8 8 8 8 8 8 8 6 6 6 6 8 8 8 8 8 8 8 6 6 11 11 12 12 10 6 6 6 6 6 7 7 7 7 6 6 6 5 5 5 5 5 5 6 6 6 6 6 7 7 7 7 7 7 7 6 6 11 11 11 11 11 7 7 7 7 7 8 8 8 3 7 9 12 12 12 7 7 7 7 7 7 7 7 7 7 7 7 7 7 7 7 4 4 9 9 6 6 6 6 6 13 12 12 12 9 9 9 9 7 7 9 9 3 3 3 3 3 3 3 3 6 6 6 6 11 11 11 11 7 7 7 7 7 11 11 11 11 11 11 9 8 8 8 4 4 11 11 11 9 9 9 7 7 7 7 7 7 7 7 7 7 7 7 7 7 7 12 7 7 7 7 7 7 7 11 7 7
7 7 9 9 9 10 6 6 10 10 10 5 5 6 4 4 3 3 3 3 2 0 8 8 8 8 8 8 8 6 6 6 6 8 8 8 8 8 8 8 6 6 11 11 12 12 10 6 6 6 6 6 7 7 7 7 6 6 6 5 5 5 5 5 5 6 6 6 6 6 7 7 7 7 7 7 7 6 6 11 11 11 11 11 7 7 7 7 7 8 8 8 3 7 9 12 12 12 7 7 7 7 7 7 7 7 7 7 7 7 7 7 7 7 4 4 9 9 6 6 6 6 6 13 12 12 12 9 9 9 9 7 7 9 9 3 3 3 3 3 3 3 3 6 6 6 6 11 11 11 11 7 7 7 7 7 11 11 11 11 11 11 9 8 8 8 4 4 11 11 11 9 9 9 7 7 7 7 7 7 7 7 7 7 7 7 7 7 7 12 7 7 7 7 7 7 7 11 7 7
10 10 11 11 11 11 7 7 5 5 5 10 10 5 5 5 10 10 10 10 8 8 0 4 4 4 4 11 11 12 12 12 12 11 11 11 11 11 11 11 10 10 4 4 5 5 11 4 4 4 4 4 5 5 5 5 4 4 4 6 6 6 6 6 6 11 11 11 11 11 5 5 5 5 5 5 5 4 4 6 6 6 6 6 5 5 5 5 5 4 4 4 5 4 6 5 5 5 5 5 5 5 5 5 5 5 5 5 5 5 5 5 5 5 5 5 10 10 11 11 11 11 11 6 5 5 5 10 10 10 10 11 11 5 5 9 9 9 9 9 9 9 9 11 11 11 11 12 12 12 12 5 5 5 5 5 12 12 12 12 12 12 5 6 6 6 11 11 12 12 12 11 11 11 6 6 6 6 6 6 6 6 6 6 5 5 5 5 5 5 5 13 13 13 13 13 10 5 5 5
11 11 12 12 12 12 7 7 12 12 12 11 11 5 8 8 11 11 11 11 8 8 4 0 2 2 2 16 16 17 17 17 17 12 12 12 12 12 12 12 11 11 11 11 12 12 12 4 4 4 4 4 12 12 12 12 4 4 4 9 9 9 9 9 9 12 12 12 12 12 5 5 5 5 5 5 5 4 4 13 13 13 13 13 5 5 5 5 5 4 4 4 9 4 7 12 12 12 5 5 5 5 5 5 5 5 5 5 5 5 5 5 5 5 5 5 11 11 12 12 12 12 12 13 12 12 12 11 11 11 11 12 12 3 3 9 9 9 9 9 9 9 9 12 12 12 12 13 13 13 13 5 5 5 5 5 13 13 13 13 13 13 3 13 13 13 12 12 13 13 13 12 12 12 12 12 12 12 12 12 12 12 12 12 5 5 5 5 5 12 5 18 18 18 18 18 11 12 5 5
11 11 12 12 12 12 7 7 12 12 12 11 11 5 8 8 11 11 11 11 8 8 4 2 0 2 2 16 16 17 17 17 17 12 12 12 12 12 12 12 11 11 11 11 12 12 12 4 4 4 4 4 12 12 12 12 4 4 4 9 9 9 9 9 9 12 12 12 12 12 5 5 5 5 5 5 5 4 4 13 13 13 13 13 5 5 5 5 5 4 4 4 9 4 7 12 12 12 5 5 5 5 5 5 5 5 5 5 5 5 5 5 5 5 5 5 11 11 12 12 12 12 12 13 12 12 12 11 11 11 11 12 12 1 1 9 9 9 9 9 9 9 9 12 12 12 12 13 13 13 13 5 5 5 5 5 13 13 13 13 13 13 3 13 13 13 12 12 13 13 13 12 12 12 12 12 12 12 12 12 12 12 12 12 5 5 5 5 5 12 5 18 18 18 18 18 11 12 5 5
11 11 12 12 12 12 7 7 12 12 12 11 11 5 8 8 11 11 11 11 8 8 4 2 2 0 2 16 16 17 17 17 17 12 12 12 12 12 12 12 11 11 11 11 12 12 12 4 4 4 4 4 12 12 12 12 4 4 4 9 9 9 9 9 9 12 12 12 12 12 5 5 5 5 5 5 5 4 4 13 13 13 13 13 5 5 5 5 5 4 4 4 9 4 7 12 12 12 5 5 5 5 5 5 5 5 5 5 5 5 5 5 5 5 5 5 11 11 12 12 12 12 12 13 12 12 12 11 11 11 11 12 12 3 3 9 9 9 9 9 9 9 9 12 12 12 12 13 13 13 13 5 5 5 5 5 13 13 13 13 13 13 1 13 13 13 12 12 13 13 13 12 12 12 12 12 12 12 12 12 12 12 12 12 5 5 5 5 5 12 5 18 18 18 18 18 11 12 5 5
11 11 12 12 12 12 7 7 12 12 12 11 11 5 8 8 11 11 11 11 8 8 4 2 2 2 0 16 16 17 17 17 17 12 12 12 12 12 12 12 11 11 11 11 12 12 12 4 4 4 4 4 12 12 12 12 4 4 4 9 9 9 9 9 9 12 12 12 12 12 5 5 5 5 5 5 5 4 4 13 13 13 13 13 5 5 5 5 5 4 4 4 9 4 7 12 12 12 5 5 5 5 5 5 5 5 5 5 5 5 5 5 5 5 5 5 11 11 12 12 12 12 12 13 12 12 12 11 11 11 11 12 12 3 3 9 9 9 9 9 9 9 9 12 12 12 12 13 13 13 13 5 5 5 5 5 13 13 13 13 13 13 3 13 13 13 12 12 13 13 13 12 12 12 12 12 12 12 12 12 12 12 12 12 5 5 5 5 5 12 5 18 18 18 18 18 11 12 5 5
3 3 8 8 8 9 7 7 8 8 8 7 7 8 9 9 5 5 5 5 8 8 11 16 16 16 16 0 2 9 9 9 9 7 8 8 7 7 7 7 7 7 11 11 12 12 9 10 10 10 10 10 10 10 10 10 10 10 10 10 10 10 10 10 10 8 8 8 8 8 8 8 8 8 8 8 8 10 10 9 9 9 9 9 11 11 11 11 11 16 16 16 9 8 5 12 12 12 9 9 9 9 9 9 9 9 9 8 8 8 8 8 8 8 6 6 5 5 1 1 1 1 1 13 12 12 12 3 3 3 3 5 5 17 17 4 4 4 4 4 4 4 4 3 3 3 3 10 10 10 10 9 9 9 9 9 10 10 10 10 10 10 17 11 11 11 4 4 10 10 10 10 10 10 8 8 8 8 8 8 8 8 8 8 9 9 9 9 9 12 11 10 10 10 10 10 3 10 11 11
3 3 8 8 8 9 7 7 8 8 8 7 7 8 9 9 5 5 5 5 8 8 11 16 16 16 16 2 0 9 9 9 9 7 8 8 7 7 7 7 7 7 11 11 12 12 9 10 10 10 10 10 10 10 10 10 10 10 10 10 10 10 10 10 10 8 8 8 8 8 8 8 8 8 8 8 8 10 10 9 9 9 9 9 11 11 11 11 11 16 16 16 9 8 5 12 12 12 9 9 9 9 9 9 9 9 9 8 8 8 8 8 8 8 6 6 5 5 3 3 3 3 3 13 12 12 12 3 3 3 3 5 5 17 17 4 4 4 4 4 4 4 4 1 1 1 1 10 10 10 10 9 9 9 9 9 10 10 10 10 10 10 17 11 11 11 4 4 10 10 10 10 10 10 8 8 8 8 8 8 8 8 8 8 9 9 9 9 9 12 11 10 10 10 10 10 3 10 11 11
10 10 13 13 13 12 10 10 12 12 12 11 11 12 12 12 5 5 5 5 6 6 12 17 17 17 17 9 9 0 2 2 2 10 11 11 10 10 10 10 6 6 12 12 13 13 12 6 6 6 6 6 11 11 11 11 6 6 6 13 13 13 13 13 13 3 3 3 3 12 7 7 7 7 7 7 7 6 6 13 13 13 13 13 7 7 7 7 7 17 17 17 7 11 12 13 13 13 7 7 7 7 7 7 7 7 7 7 7 7 7 7 7 7 6 6 10 10 10 10 10 10 10 14 13 13 13 10 10 10 10 7 7 18 18 7 7 7 7 7 7 7 7 10 10 10 10 13 13 13 13 13 13 13 13 13 13 13 13 13 13 13 18 12 12 12 6 6 13 13 13 13 13 13 7 7 7 7 7 7 7 7 7 7 7 7 7 7 7 13 7 1 1 1 1 1 7 13 7 7
10 10 13 13 13 12 10 10 12 12 12 11 11 12 12 12 5 5 5 5 6 6 12 17 17 17 17 9 9 2 0 2 2 10 11 11 10 10 10 10 6 6 12 12 13 13 12 6 6 6 6 6 11 11 11 11 6 6 6 13 13 13 13 13 13 3 3 3 3 12 7 7 7 7 7 7 7 6 6 13 13 13 13 13 7 7 7 7 7 17 17 17 7 11 12 13 13 13 7 7 7 7 7 7 7 7 7 7 7 7 7 7 7 7 6 6 10 10 10 10 10 10 10 14 13 13 13 10 10 10 10 7 7 18 18 7 7 7 7 7 7 7 7 10 10 10 10 13 13 13 13 13 13 13 13 13 13 13 13 13 13 13 18 12 12 12 6 6 13 13 13 13 13 13 7 7 7 7 7 7 7 7 7 7 7 7 7 7 7 13 7 3 3 3 3 3 7 13 7 7
10 10 13 13 13 12 10 10 12 12 12 11 11 12 12 12 5 5 5 5 6 6 12 17 17 17 17 9 9 2 2 0 2 10 11 11 10 10 10 10 6 6 12 12 13 13 12 6 6 6 6 6 11 11 11 11 6 6 6 13 13 13 13 13 13 1 1 1 1 12 7 7 7 7 7 7 7 6 6 13 13 13 13 13 7 7 7 7 7 17 17 17 7 11 12 13 13 13 7 7 7 7 7 7 7 7 7 7 7 7 7 7 7 7 6 6 10 10 10 10 10 10 10 14 13 13 13 10 10 10 10 7 7 18 18 7 7 7 7 7 7 7 7 10 10 10 10 13 13 13 13 13 13 13 13 13 13 13 13 13 13 13 18 12 12 12 6 6 13 13 13 13 13 13 7 7 7 7 7 7 7 7 7 7 7 7 7 7 7 13 7 3 3 3 3 3 7 13 7 7
10 10 13 13 13 12 10 10 12 12 12 11 11 12 12 12 5 5 5 5 6 6 12 17 17 17 17 9 9 2 2 2 0 10 11 11 10 10 10 10 6 6 12 12 13 13 12 6 6 6 6 6 11 11 11 11 6 6 6 13 13 13 13 13 13 3 3 3 3 12 7 7 7 7 7 7 7 6 6 13 13 13 13 13 7 7 7 7 7 17 17 17 7 11 12 13 13 13 7 7 7 7 7 7 7 7 7 7 7 7 7 7 7 7 6 6 10 10 10 10 10 10 10 14 13 13 13 10 10 10 10 7 7 18 18 7 7 7 7 7 7 7 7 10 10 10 10 13 13 13 13 13 13 13 13 13 13 13 13 13 13 13 18 12 12 12 6 6 13 13 13 13 13 13 7 7 7 7 7 7 7 7 7 7 7 7 7 7 7 13 7 3 3 3 3 3 7 13 7 7
8 8 9 9 9 8 9 9 10 10 10 9 9 6 8 8 8 8 8 8 8 8 11 12 12 12 12 7 7 10 10 10 10 0 8 8 4 4 4 4 8 8 11 11 12 12 8 9 9 9 9 9 10 10 10 10 9 9 9 9 9 9 9 9 9 8 8 8 8 9 5 5 5 5 5 5 5 9 9 11 11 11 11 11 10 10 10 10 10 12 12 12 9 10 8 12 12 12 10 10 10 10 10 10 10 10 10 9 9 9 9 9 9 9 9 9 8 8 8 8 8 8 8 13 12 12 12 8 8 8 8 8 8 13 13 9 9 9 9 9 9 9 9 8 8 8 8 9 9 9 9 7 7 7 7 7 9 9 9 9 9 9 13 11 11 11 9 9 9 9 9 9 9 9 9 9 9 9 9 9 9 9 9 9 10 10 10 10 10 12 10 11 11 11 11 11 8 9 10 10
7 7 7 7 7 6 8 8 10 10 10 7 7 8 10 10 9 9 9 9 8 8 11 12 12 12 12 8 8 11 11 11 11 8 0 2 6 6 6 6 7 7 11 11 12 12 6 5 5 5 5 5 7 7 7 7 5 5 5 11 11 11 11 11 11 7 7 7 7 1 6 6 6 6 6 6 6 5 5 11 11 11 11 11 6 6 6 6 6 12 12 12 9 9 10 12 12 12 6 6 6 6 6 6 6 6 6 6 6 6 6 6 6 6 6 6 9 9 8 8 8 8 8 13 12 12 12 7 7 7 7 8 8 13 13 8 8 8 8 8 8 8 8 8 8 8 8 7 7 7 7 9 9 9 9 9 7 7 7 7 7 7 13 8 8 8 8 8 7 7 7 7 7 7 8 8 8 8 8 8 8 8 8 8 6 6 6 6 6 12 6 12 12 12 12 12 7 7 6 6
7 7 7 7 7 6 8 8 10 10 10 7 7 8 10 10 9 9 9 9 8 8 11 12 12 12 12 8 8 11 11 11 11 8 2 0 6 6 6 6 7 7 11 11 12 12 6 5 5 5 5 5 7 7 7 7 5 5 5 11 11 11 11 11 11 7 7 7 7 3 6 6 6 6 6 6 6 5 5 11 11 11 11 11 6 6 6 6 6 12 12 12 9 9 10 12 12 12 6 6 6 6 6 6 6 6 6 6 6 6 6 6 6 6 6 6 9 9 8 8 8 8 8 13 12 12 12 7 7 7 7 8 8 13 13 8 8 8 8 8 8 8 8 8 8 8 8 7 7 7 7 9 9 9 9 9 7 7 7 7 7 7 13 8 8 8 8 8 7 7 7 7 7 7 8 8 8 8 8 8 8 8 8 8 6 6 6 6 6 12 6 12 12 12 12 12 7 7 6 6
8 8 7 7 7 4 9 9 10 10 10 9 9 6 8 8 8 8 8 8 8 8 11 12 12 12 12 7 7 10 10 10 10 4 6 6 0 2 2 2 8 8 11 11 12 12 4 7 7 7 7 7 10 10 10 10 7 7 7 9 9 9 9 9 9 8 8 8 8 7 3 3 3 3 3 3 3 7 7 11 11 11 11 11 8 8 8 8 8 12 12 12 9 10 8 12 12 12 8 8 8 8 8 8 8 8 8 8 8 8 8 8 8 8 8 8 8 8 8 8 8 8 8 13 12 12 12 8 8 8 8 8 8 13 13 9 9 9 9 9 9 9 9 8 8 8 8 5 5 5 5 7 7 7 7 7 5 5 5 5 5 5 13 11 11 11 9 9 5 5 5 5 5 5 9 9 9 9 9 9 9 9 9 9 8 8 8 8 8 12 8 11 11 11 11 11 8 5 8 8
8 8 7 7 7 4 9 9 10 10 10 9 9 6 8 8 8 8 8 8 8 8 11 12 12 12 12 7 7 10 10 10 10 4 6 6 2 0 2 2 8 8 11 11 12 12 4 7 7 7 7 7 10 10 10 10 7 7 7 9 9 9 9 9 9 8 8 8 8 7 3 3 3 3 3 3 3 7 7 11 11 11 11 11 8 8 8 8 8 12 12 12 9 10 8 12 12 12 8 8 8 8 8 8 8 8 8 8 8 8 8 8 8 8 8 8 8 8 8 8 8 8 8 13 12 12 12 8 8 8 8 8 8 13 13 9 9 9 9 9 9 9 9 8 8 8 8 5 5 5 5 7 7 7 7 7 5 5 5 5 5 5 13 11 11 11 9 9 5 5 5 5 5 5 9 9 9 9 9 9 9 9 9 9 8 8 8 8 8 12 8 11 11 11 11 11 8 5 8 8
8 8 7 7 7 4 9 9 10 10 10 9 9 6 8 8 8 8 8 8 8 8 11 12 12 12 12 7 7 10 10 10 10 4 6 6 2 2 0 2 8 8 11 11 12 12 4 7 7 7 7 7 10 10 10 10 7 7 7 9 9 9 9 9 9 8 8 8 8 7 3 3 3 3 3 3 3 7 7 11 11 11 11 11 8 8 8 8 8 12 12 12 9 10 8 12 12 12 8 8 8 8 8 8 8 8 8 8 8 8 8 8 8 8 8 8 8 8 8 8 8 8 8 13 12 12 12 8 8 8 8 8 8 13 13 9 9 9 9 9 9 9 9 8 8 8 8 5 5 5 5 7 7 7 7 7 5 5 5 5 5 5 13 11 11 11 9 9 5 5 5 5 5 5 9 9 9 9 9 9 9 9 9 9 8 8 8 8 8 12 8 11 11 11 11 11 8 5 8 8
8 8 7 7 7 4 9 9 10 10 10 9 9 6 8 8 8 8 8 8 8 8 11 12 12 12 12 7 7 10 10 10 10 4 6 6 2 2 2 0 8 8 11 11 12 12 4 7 7 7 7 7 10 10 10 10 7 7 7 9 9 9 9 9 9 8 8 8 8 7 1 1 1 1 1 1 1 7 7 11 11 11 11 11 8 8 8 8 8 12 12 12 9 10 8 12 12 12 8 8 8 8 8 8 8 8 8 8 8 8 8 8 8 8 8 8 8 8 8 8 8 8 8 13 12 12 12 8 8 8 8 8 8 13 13 9 9 9 9 9 9 9 9 8 8 8 8 5 5 5 5 7 7 7 7 7 5 5 5 5 5 5 13 11 11 11 9 9 5 5 5 5 5 5 9 9 9 9 9 9 9 9 9 9 8 8 8 8 8 12 8 11 11 11 11 11 8 5 8 8
4 4 9 9 9 9 6 6 9 9 9 6 6 7 10 10 5 5 5 5 6 6 10 11 11 11 11 7 7 6 6 6 6 8 7 7 8 8 8 8 0 2 10 10 11 11 9 6 6 6 6 6 8 8 8 8 6 6 6 11 11 11 11 11 11 2 2 2 2 7 7 7 7 7 7 7 7 6 6 10 10 10 10 10 7 7 7 7 7 11 11 11 7 7 8 11 11 11 7 7 7 7 7 7 7 7 7 3 3 3 3 3 3 3 6 6 8 8 7 7 7 7 7 12 11 11 11 8 8 8 8 3 3 12 12 5 5 5 5 5 5 5 5 7 7 7 7 10 10 10 10 8 8 8 8 8 10 10 10 10 10 10 12 9 9 9 5 5 10 10 10 10 10 10 3 3 3 3 3 3 3 3 3 3 7 7 7 7 7 11 7 7 7 7 7 7 1 10 7 7
4 4 9 9 9 9 6 6 9 9 9 6 6 7 10 10 5 5 5 5 6 6 10 11 11 11 11 7 7 6 6 6 6 8 7 7 8 8 8 8 2 0 10 10 11 11 9 6 6 6 6 6 8 8 8 8 6 6 6 11 11 11 11 11 11 2 2 2 2 7 7 7 7 7 7 7 7 6 6 10 10 10 10 10 7 7 7 7 7 11 11 11 7 7 8 11 11 11 7 7 7 7 7 7 7 7 7 3 3 3 3 3 3 3 6 6 8 8 7 7 7 7 7 12 11 11 11 8 8 8 8 3 3 12 12 5 5 5 5 5 5 5 5 7 7 7 7 10 10 10 10 8 8 8 8 8 10 10 10 10 10 10 12 9 9 9 5 5 10 10 10 10 10 10 1 1 1 1 1 1 1 1 1 1 7 7 7 7 7 11 7 7 7 7 7 7 3 10 7 7
10 10 11 11 11 11 10 10 3 3 3 10 10 10 5 5 10 10 10 10 11 11 4 11 11 11 11 11 11 12 12 12 12 11 11 11 11 11 11 11 10 10 0 2 3 3 11 3 3 3 3 3 3 3 3 3 10 10 10 6 6 6 6 6 6 11 11 11 11 11 4 4 4 4 4 4 4 11 11 4 4 4 4 4 4 4 4 4 4 11 11 11 5 11 4 5 5 5 11 11 11 11 11 11 11 11 11 4 4 4 4 4 4 4 4 4 10 10 11 11 11 11 11 4 3 3 3 10 10 10 10 11 11 12 12 11 11 11 11 11 11 11 11 11 11 11 11 12 12 12 12 11 11 11 11 11 12 12 12 12 12 12 12 4 4 4 11 11 12 12 12 11 11 11 4 4 4 4 4 4 4 4 4 4 11 11 11 11 11 1 4 13 13 13 13 13 10 3 4 4
10 10 11 11 11 11 10 10 3 3 3 10 10 10 5 5 10 10 10 10 11 11 4 11 11 11 11 11 11 12 12 12 12 11 11 11 11 11 11 11 10 10 2 0 3 3 11 3 3 3 3 3 3 3 3 3 10 10 10 6 6 6 6 6 6 11 11 11 11 11 4 4 4 4 4 4 4 11 11 4 4 4 4 4 4 4 4 4 4 11 11 11 5 11 4 5 5 5 11 11 11 11 11 11 11 11 11 4 4 4 4 4 4 4 4 4 10 10 11 11 11 11 11 4 3 3 3 10 10 10 10 11 11 12 12 11 11 11 11 11 11 11 11 11 11 11 11 12 12 12 12 11 11 11 11 11 12 12 12 12 12 12 12 4 4 4 11 11 12 12 12 11 11 11 4 4 4 4 4 4 4 4 4 4 11 11 11 11 11 3 4 13 13 13 13 13 10 3 4 4
11 11 12 12 12 12 11 11 4 4 4 11 11 11 6 6 11 11 11 11 12 12 5 12 12 12 12 12 12 13 13 13 13 12 12 12 12 12 12 12 11 11 3 3 0 2 12 4 4 4 4 4 4 4 4 4 11 11 11 7 7 7 7 7 7 12 12 12 12 12 5 5 5 5 5 5 5 12 12 5 5 5 5 5 5 5 5 5 5 12 12 12 6 12 3 6 6 6 12 12 12 12 12 12 12 12 12 5 5 5 5 5 5 5 5 5 11 11 12 12 12 12 12 3 4 4 4 11 11 11 11 12 12 13 13 12 12 12 12 12 12 12 12 12 12 12 12 13 13 13 13 12 12 12 12 12 13 13 13 13 13 13 13 1 1 1 12 12 13 13 13 12 12 12 3 3 3 3 3 3 3 3 3 3 12 12 12 12 12 4 5 14 14 14 14 14 11 4 5 5
11 11 12 12 12 12 11 11 4 4 4 11 11 11 6 6 11 11 11 11 12 12 5 12 12 12 12 12 12 13 13 13 13 12 12 12 12 12 12 12 11 11 3 3 2 0 12 4 4 4 4 4 4 4 4 4 11 11 11 7 7 7 7 7 7 12 12 12 12 12 5 5 5 5 5 5 5 12 12 5 5 5 5 5 5 5 5 5 5 12 12 12 6 12 3 6 6 6 12 12 12 12 12 12 12 12 12 5 5 5 5 5 5 5 5 5 11 11 12 12 12 12 12 3 4 4 4 11 11 11 11 12 12 13 13 12 12 12 12 12 12 12 12 12 12 12 12 13 13 13 13 12 12 12 12 12 13 13 13 13 13 13 13 3 3 3 12 12 13 13 13 12 12 12 3 3 3 3 3 3 3 3 3 3 12 12 12 12 12 4 5 14 14 14 14 14 11 4 5 5
9 9 7 7 7 4 9 9 12 12 12 9 9 10 10 10 10 10 10 10 10 10 11 12 12 12 12 9 9 12 12 12 12 8 6 6 4 4 4 4 9 9 11 11 12 12 0 7 7 7 7 7 11 11 11 11 7 7 7 11 11 11 11 11 11 10 10 10 10 7 5 5 5 5 5 5 5 7 7 13 13 13 13 13 8 8 8 8 8 12 12 12 11 10 10 12 12 12 8 8 8 8 8 8 8 8 8 8 8 8 8 8 8 8 8 8 10 10 10 10 10 10 10 13 12 12 12 10 10 10 10 10 10 13 13 10 10 10 10 10 10 10 10 10 10 10 10 5 5 5 5 11 11 11 11 11 5 5 5 5 5 5 13 12 12 12 10 10 3 3 3 1 1 1 10 10 10 10 10 10 10 10 10 10 8 8 8 8 8 12 8 13 13 13 13 13 10 5 8 8
10 10 8 8 8 7 7 7 4 4 4 10 10 5 6 6 5 5 5 5 6 6 4 4 4 4 4 10 10 6 6 6 6 9 5 5 7 7 7 7 6 6 3 3 4 4 7 0 2 2 2 2 4 4 4 4 4 4 4 7 7 7 7 7 7 6 6 6 6 6 3 3 3 3 3 3 3 4 4 5 5 5 5 5 1 1 1 1 1 4 4 4 6 4 5 6 6 6 5 5 5 5 5 5 5 5 5 3 3 3 3 3 3 3 3 3 11 11 11 11 11 11 11 5 4 4 4 11 11 11 11 7 7 5 5 7 7 7 7 7 7 7 7 11 11 11 11 8 8 8 8 5 5 5 5 5 8 8 8 8 8 8 5 5 5 5 6 6 8 8 8 8 8 8 5 5 5 5 5 5 5 5 5 5 5 5 5 5 5 4 5 7 7 7 7 7 7 4 3 3
10 10 8 8 8 7 7 7 4 4 4 10 10 5 6 6 5 5 5 5 6 6 4 4 4 4 4 10 10 6 6 6 6 9 5 5 7 7 7 7 6 6 3 3 4 4 7 2 0 2 2 2 4 4 4 4 4 4 4 7 7 7 7 7 7 6 6 6 6 6 3 3 3 3 3 3 3 4 4 5 5 5 5 5 3 3 3 3 3 4 4 4 6 4 5 6 6 6 5 5 5 5 5 5 5 5 5 3 3 3 3 3 3 3 3 3 11 11 11 11 11 11 11 5 4 4 4 11 11 11 11 7 7 5 5 7 7 7 7 7 7 7 7 11 11 11 11 8 8 8 8 5 5 5 5 5 8 8 8 8 8 8 5 5 5 5 6 6 8 8 8 8 8 8 5 5 5 5 5 5 5 5 5 5 5 5 5 5 5 4 5 7 7 7 7 7 7 4 1 1
10 10 8 8 8 7 7 7 4 4 4 10 10 5 6 6 5 5 5 5 6 6 4 4 4 4 4 10 10 6 6 6 6 9 5 5 7 7 7 7 6 6 3 3 4 4 7 2 2 0 2 2 4 4 4 4 4 4 4 7 7 7 7 7 7 6 6 6 6 6 1 1 1 1 1 1 1 4 4 5 5 5 5 5 3 3 3 3 3 4 4 4 6 4 5 6 6 6 5 5 5 5 5 5 5 5 5 3 3 3 3 3 3 3 3 3 11 11 11 11 11 11 11 5 4 4 4 11 11 11 11 7 7 5 5 7 7 7 7 7 7 7 7 11 11 11 11 8 8 8 8 5 5 5 5 5 8 8 8 8 8 8 5 5 5 5 6 6 8 8 8 8 8 8 5 5 5 5 5 5 5 5 5 5 5 5 5 5 5 4 5 7 7 7 7 7 7 4 3 3
10 10 8 8 8 7 7 7 4 4 4 10 10 5 6 6 5 5 5 5 6 6 4 4 4 4 4 10 10 6 6 6 6 9 5 5 7 7 7 7 6 6 3 3 4 4 7 2 2 2 0 2 4 4 4 4 4 4 4 7 7 7 7 7 7 6 6 6 6 6 3 3 3 3 3 3 3 4 4 5 5 5 5 5 3 3 3 3 3 4 4 4 6 4 5 6 6 6 5 5 5 5 5 5 5 5 5 3 3 3 3 3 3 3 3 3 11 11 11 11 11 11 11 5 4 4 4 11 11 11 11 7 7 5 5 7 7 7 7 7 7 7 7 11 11 11 11 8 8 8 8 5 5 5 5 5 8 8 8 8 8 8 5 5 5 5 6 6 8 8 8 8 8 8 5 5 5 5 5 5 5 5 5 5 5 5 5 5 5 4 5 7 7 7 7 7 7 4 3 3
10 10 8 8 8 7 7 7 4 4 4 10 10 5 6 6 5 5 5 5 6 6 4 4 4 4 4 10 10 6 6 6 6 9 5 5 7 7 7 7 6 6 3 3 4 4 7 2 2 2 2 0 4 4 4 4 4 4 4 7 7 7 7 7 7 6 6 6 6 6 3 3 3 3 3 3 3 4 4 5 5 5 5 5 3 3 3 3 3 4 4 4 6 4 5 6 6 6 5 5 5 5 5 5 5 5 5 3 3 3 3 3 3 3 3 3 11 11 11 11 11 11 11 5 4 4 4 11 11 11 11 7 7 5 5 7 7 7 7 7 7 7 7 11 11 11 11 8 8 8 8 5 5 5 5 5 8 8 8 8 8 8 5 5 5 5 6 6 8 8 8 8 8 8 5 5 5 5 5 5 5 5 5 5 5 5 5 5 5 4 5 7 7 7 7 7 7 4 3 3
10 10 8 8 8 11 7 7 4 4 4 6 6 7 6 6 10 10 10 10 7 7 5 12 12 12 12 10 10 11 11 11 11 10 7 7 10 10 10 10 8 8 3 3 4 4 11 4 4 4 4 4 0 2 2 2 7 7 7 7 7 7 7 7 7 8 8 8 8 7 5 5 5 5 5 5 5 12 12 5 5 5 5 5 5 5 5 5 5 12 12 12 6 8 5 6 6 6 8 8 8 8 8 8 8 8 8 5 5 5 5 5 5 5 5 5 10 10 7 7 7 7 7 5 4 4 4 11 11 11 11 9 9 13 13 8 8 8 8 8 8 8 8 7 7 7 7 12 12 12 12 8 8 8 8 8 12 12 12 12 12 12 13 3 3 3 11 11 12 12 12 8 8 8 5 5 5 5 5 5 5 5 5 5 8 8 8 8 8 4 3 12 12 12 12 12 9 4 5 5
10 10 8 8 8 11 7 7 4 4 4 6 6 7 6 6 10 10 10 10 7 7 5 12 12 12 12 10 10 11 11 11 11 10 7 7 10 10 10 10 8 8 3 3 4 4 11 4 4 4 4 4 2 0 2 2 7 7 7 7 7 7 7 7 7 8 8 8 8 7 5 5 5 5 5 5 5 12 12 5 5 5 5 5 5 5 5 5 5 12 12 12 6 8 5 6 6 6 8 8 8 8 8 8 8 8 8 5 5 5 5 5 5 5 5 5 10 10 7 7 7 7 7 5 4 4 4 11 11 11 11 9 9 13 13 8 8 8 8 8 8 8 8 7 7 7 7 12 12 12 12 8 8 8 8 8 12 12 12 12 12 12 13 3 3 3 11 11 12 12 12 8 8 8 5 5 5 5 5 5 5 5 5 5 8 8 8 8 8 4 3 12 12 12 12 12 9 4 5 5
10 10 8 8 8 11 7 7 4 4 4 6 6 7 6 6 10 10 10 10 7 7 5 12 12 12 12 10 10 11 11 11 11 10 7 7 10 10 10 10 8 8 3 3 4 4 11 4 4 4 4 4 2 2 0 2 7 7 7 7 7 7 7 7 7 8 8 8 8 7 5 5 5 5 5 5 5 12 12 5 5 5 5 5 5 5 5 5 5 12 12 12 6 8 5 6 6 6 8 8 8 8 8 8 8 8 8 5 5 5 5 5 5 5 5 5 10 10 7 7 7 7 7 5 4 4 4 11 11 11 11 9 9 13 13 8 8 8 8 8 8 8 8 7 7 7 7 12 12 12 12 8 8 8 8 8 12 12 12 12 12 12 13 3 3 3 11 11 12 12 12 8 8 8 5 5 5 5 5 5 5 5 5 5 8 8 8 8 8 4 3 12 12 12 12 12 9 4 5 5
10 10 8 8 8 11 7 7 4 4 4 6 6 7 6 6 10 10 10 10 7 7 5 12 12 12 12 10 10 11 11 11 11 10 7 7 10 10 10 10 8 8 3 3 4 4 11 4 4 4 4 4 2 2 2 0 7 7 7 7 7 7 7 7 7 8 8 8 8 7 5 5 5 5 5 5 5 12 12 5 5 5 5 5 5 5 5 5 5 12 12 12 6 8 5 6 6 6 8 8 8 8 8 8 8 8 8 5 5 5 5 5 5 5 5 5 10 10 7 7 7 7 7 5 4 4 4 11 11 11 11 9 9 13 13 8 8 8 8 8 8 8 8 7 7 7 7 12 12 12 12 8 8 8 8 8 12 12 12 12 12 12 13 3 3 3 11 11 12 12 12 8 8 8 5 5 5 5 5 5 5 5 5 5 8 8 8 8 8 4 1 12 12 12 12 12 9 4 5 5
8 8 5 5 5 7 7 7 10 10 10 7 7 5 8 8 5 5 5 5 6 6 4 4 4 4 4 10 10 6 6 6 6 9 5 5 7 7 7 7 6 6 10 10 11 11 7 4 4 4 4 4 7 7 7 7 0 2 2 9 9 9 9 9 9 6 6 6 6 6 5 5 5 5 5 5 5 4 4 11 11 11 11 11 5 5 5 5 5 4 4 4 7 4 7 11 11 11 3 3 3 3 3 3 3 3 3 5 5 5 5 5 5 5 5 5 10 10 8 8 8 8 8 12 11 11 11 8 8 8 8 7 7 5 5 7 7 7 7 7 7 7 7 8 8 8 8 8 8 8 8 5 5 5 5 5 8 8 8 8 8 8 5 8 8 8 6 6 8 8 8 3 3 3 7 7 7 7 7 7 7 7 7 7 3 3 3 3 3 11 3 7 7 7 7 7 7 8 5 5
8 8 5 5 5 7 7 7 10 10 10 7 7 5 8 8 5 5 5 5 6 6 4 4 4 4 4 10 10 6 6 6 6 9 5 5 7 7 7 7 6 6 10 10 11 11 7 4 4 4 4 4 7 7 7 7 2 0 2 9 9 9 9 9 9 6 6 6 6 6 5 5 5 5 5 5 5 4 4 11 11 11 11 11 5 5 5 5 5 4 4 4 7 4 7 11 11 11 3 3 3 3 3 3 3 3 3 5 5 5 5 5 5 5 5 5 10 10 8 8 8 8 8 12 11 11 11 8 8 8 8 7 7 5 5 7 7 7 7 7 7 7 7 8 8 8 8 8 8 8 8 5 5 5 5 5 8 8 8 8 8 8 5 8 8 8 6 6 8 8 8 3 3 3 7 7 7 7 7 7 7 7 7 7 3 3 3 3 3 11 1 7 7 7 7 7 7 8 5 5
8 8 5 5 5 7 7 7 10 10 10 7 7 5 8 8 5 5 5 5 6 6 4 4 4 4 4 10 10 6 6 6 6 9 5 5 7 7 7 7 6 6 10 10 11 11 7 4 4 4 4 4 7 7 7 7 2 2 0 9 9 9 9 9 9 6 6 6 6 6 5 5 5 5 5 5 5 4 4 11 11 11 11 11 5 5 5 5 5 4 4 4 7 4 7 11 11 11 1 1 1 1 1 1 1 1 1 5 5 5 5 5 5 5 5 5 10 10 8 8 8 8 8 12 11 11 11 8 8 8 8 7 7 5 5 7 7 7 7 7 7 7 7 8 8 8 8 8 8 8 8 5 5 5 5 5 8 8 8 8 8 8 5 8 8 8 6 6 8 8 8 3 3 3 7 7 7 7 7 7 7 7 7 7 3 3 3 3 3 11 3 7 7 7 7 7 7 8 5 5
11 11 12 12 12 11 8 8 7 7 7 11 11 8 3 1 11 11 11 11 5 5 6 9 9 9 9 10 10 13 13 13 13 9 11 11 9 9 9 9 11 11 6 6 7 7 11 7 7 7 7 7 7 7 7 7 9 9 9 0 2 2 2 2 2 11 11 11 11 12 8 8 8 8 8 8 8 9 9 8 8 8 8 8 8 8 8 8 8 9 9 9 5 9 6 3 3 3 10 10 10 10 10 10 10 10 10 8 8 8 8 8 8 8 8 8 11 11 11 11 11 11 11 8 7 7 7 11 11 11 11 11 11 10 10 6 6 6 6 6 6 6 6 11 11 11 11 12 12 12 12 9 9 9 9 9 12 12 12 12 12 12 10 8 8 8 12 12 12 12 12 12 12 12 8 8 8 8 8 8 8 8 8 8 10 10 10 10 10 7 8 14 14 14 14 14 11 7 8 8
11 11 12 12 12 11 8 8 7 7 7 11 11 8 3 1 11 11 11 11 5 5 6 9 9 9 9 10 10 13 13 13 13 9 11 11 9 9 9 9 11 11 6 6 7 7 11 7 7 7 7 7 7 7 7 7 9 9 9 2 0 2 2 2 2 11 11 11 11 12 8 8 8 8 8 8 8 9 9 8 8 8 8 8 8 8 8 8 8 9 9 9 5 9 6 3 3 3 10 10 10 10 10 10 10 10 10 8 8 8 8 8 8 8 8 8 11 11 11 11 11 11 11 8 7 7 7 11 11 11 11 11 11 10 10 6 6 6 6 6 6 6 6 11 11 11 11 12 12 12 12 9 9 9 9 9 12 12 12 12 12 12 10 8 8 8 12 12 12 12 12 12 12 12 8 8 8 8 8 8 8 8 8 8 10 10 10 10 10 7 8 14 14 14 14 14 11 7 8 8
11 11 12 12 12 11 8 8 7 7 7 11 11 8 3 1 11 11 11 11 5 5 6 9 9 9 9 10 10 13 13 13 13 9 11 11 9 9 9 9 11 11 6 6 7 7 11 7 7 7 7 7 7 7 7 7 9 9 9 2 2 0 2 2 2 11 11 11 11 12 8 8 8 8 8 8 8 9 9 8 8 8 8 8 8 8 8 8 8 9 9 9 5 9 6 3 3 3 10 10 10 10 10 10 10 10 10 8 8 8 8 8 8 8 8 8 11 11 11 11 11 11 11 8 7 7 7 11 11 11 11 11 11 10 10 6 6 6 6 6 6 6 6 11 11 11 11 12 12 12 12 9 9 9 9 9 12 12 12 12 12 12 10 8 8 8 12 12 12 12 12 12 12 12 8 8 8 8 8 8 8 8 8 8 10 10 10 10 10 7 8 14 14 14 14 14 11 7 8 8
11 11 12 12 12 11 8 8 7 7 7 11 11 8 3 1 11 11 11 11 5 5 6 9 9 9 9 10 10 13 13 13 13 9 11 11 9 9 9 9 11 11 6 6 7 7 11 7 7 7 7 7 7 7 7 7 9 9 9 2 2 2 0 2 2 11 11 11 11 12 8 8 8 8 8 8 8 9 9 8 8 8 8 8 8 8 8 8 8 9 9 9 5 9 6 3 3 3 10 10 10 10 10 10 10 10 10 8 8 8 8 8 8 8 8 8 11 11 11 11 11 11 11 8 7 7 7 11 11 11 11 11 11 10 10 6 6 6 6 6 6 6 6 11 11 11 11 12 12 12 12 9 9 9 9 9 12 12 12 12 12 12 10 8 8 8 12 12 12 12 12 12 12 12 8 8 8 8 8 8 8 8 8 8 10 10 10 10 10 7 8 14 14 14 14 14 11 7 8 8
11 11 12 12 12 11 8 8 7 7 7 11 11 8 3 1 11 11 11 11 5 5 6 9 9 9 9 10 10 13 13 13 13 9 11 11 9 9 9 9 11 11 6 6 7 7 11 7 7 7 7 7 7 7 7 7 9 9 9 2 2 2 2 0 2 11 11 11 11 12 8 8 8 8 8 8 8 9 9 8 8 8 8 8 8 8 8 8 8 9 9 9 5 9 6 3 3 3 10 10 10 10 10 10 10 10 10 8 8 8 8 8 8 8 8 8 11 11 11 11 11 11 11 8 7 7 7 11 11 11 11 11 11 10 10 6 6 6 6 6 6 6 6 11 11 11 11 12 12 12 12 9 9 9 9 9 12 12 12 12 12 12 10 8 8 8 12 12 12 12 12 12 12 12 8 8 8 8 8 8 8 8 8 8 10 10 10 10 10 7 8 14 14 14 14 14 11 7 8 8
11 11 12 12 12 11 8 8 7 7 7 11 11 8 3 1 11 11 11 11 5 5 6 9 9 9 9 10 10 13 13 13 13 9 11 11 9 9 9 9 11 11 6 6 7 7 11 7 7 7 7 7 7 7 7 7 9 9 9 2 2 2 2 2 0 11 11 11 11 12 8 8 8 8 8 8 8 9 9 8 8 8 8 8 8 8 8 8 8 9 9 9 5 9 6 3 3 3 10 10 10 10 10 10 10 10 10 8 8 8 8 8 8 8 8 8 11 11 11 11 11 11 11 8 7 7 7 11 11 11 11 11 11 10 10 6 6 6 6 6 6 6 6 11 11 11 11 12 12 12 12 9 9 9 9 9 12 12 12 12 12 12 10 8 8 8 12 12 12 12 12 12 12 12 8 8 8 8 8 8 8 8 8 8 10 10 10 10 10 7 8 14 14 14 14 14 11 7 8 8
7 7 10 10 10 10 7 7 10 10 10 7 7 8 10 10 5 5 5 5 6 6 11 12 12 12 12 8 8 3 3 1 3 8 7 7 8 8 8 8 2 2 11 11 12 12 10 6 6 6 6 6 8 8 8 8 6 6 6 11 11 11 11 11 11 0 2 2 2 8 7 7 7 7 7 7 7 6 6 11 11 11 11 11 7 7 7 7 7 12 12 12 7 8 9 12 12 12 7 7 7 7 7 7 7 7 7 3 3 3 3 3 3 3 6 6 9 9 8 8 8 8 8 13 12 12 12 9 9 9 9 3 3 13 13 7 7 7 7 7 7 7 7 8 8 8 8 11 11 11 11 9 9 9 9 9 11 11 11 11 11 11 13 9 9 9 6 6 11 11 11 10 10 10 3 3 3 3 3 3 3 3 3 3 7 7 7 7 7 12 7 4 4 4 4 4 3 11 7 7
7 7 10 10 10 10 7 7 10 10 10 7 7 8 10 10 5 5 5 5 6 6 11 12 12 12 12 8 8 3 3 1 3 8 7 7 8 8 8 8 2 2 11 11 12 12 10 6 6 6 6 6 8 8 8 8 6 6 6 11 11 11 11 11 11 2 0 2 2 8 7 7 7 7 7 7 7 6 6 11 11 11 11 11 7 7 7 7 7 12 12 12 7 8 9 12 12 12 7 7 7 7 7 7 7 7 7 3 3 3 3 3 3 3 6 6 9 9 8 8 8 8 8 13 12 12 12 9 9 9 9 3 3 13 13 7 7 7 7 7 7 7 7 8 8 8 8 11 11 11 11 9 9 9 9 9 11 11 11 11 11 11 13 9 9 9 6 6 11 11 11 10 10 10 3 3 3 3 3 3 3 3 3 3 7 7 7 7 7 12 7 4 4 4 4 4 3 11 7 7
7 7 10 10 10 10 7 7 10 10 10 7 7 8 10 10 5 5 5 5 6 6 11 12 12 12 12 8 8 3 3 1 3 8 7 7 8 8 8 8 2 2 11 11 12 12 10 6 6 6 6 6 8 8 8 8 6 6 6 11 11 11 11 11 11 2 2 0 2 8 7 7 7 7 7 7 7 6 6 11 11 11 11 11 7 7 7 7 7 12 12 12 7 8 9 12 12 12 7 7 7 7 7 7 7 7 7 3 3 3 3 3 3 3 6 6 9 9 8 8 8 8 8 13 12 12 12 9 9 9 9 3 3 13 13 7 7 7 7 7 7 7 7 8 8 8 8 11 11 11 11 9 9 9 9 9 11 11 11 11 11 11 13 9 9 9 6 6 11 11 11 10 10 10 3 3 3 3 3 3 3 3 3 3 7 7 7 7 7 12 7 4 4 4 4 4 3 11 7 7
7 7 10 10 10 10 7 7 10 10 10 7 7 8 10 10 5 5 5 5 6 6 11 12 12 12 12 8 8 3 3 1 3 8 7 7 8 8 8 8 2 2 11 11 12 12 10 6 6 6 6 6 8 8 8 8 6 6 6 11 11 11 11 11 11 2 2 2 0 8 7 7 7 7 7 7 7 6 6 11 11 11 11 11 7 7 7 7 7 12 12 12 7 8 9 12 12 12 7 7 7 7 7 7 7 7 7 3 3 3 3 3 3 3 6 6 9 9 8 8 8 8 8 13 12 12 12 9 9 9 9 3 3 13 13 7 7 7 7 7 7 7 7 8 8 8 8 11 11 11 11 9 9 9 9 9 11 11 11 11 11 11 13 9 9 9 6 6 11 11 11 10 10 10 3 3 3 3 3 3 3 3 3 3 7 7 7 7 7 12 7 4 4 4 4 4 3 11 7 7
7 7 8 8 8 7 6 6 10 10 10 3 3 6 11 11 9 9 9 9 6 6 11 12 12 12 12 8 8 12 12 12 12 9 1 3 7 7 7 7 7 7 11 11 12 12 7 6 6 6 6 6 7 7 7 7 6 6 6 12 12 12 12 12 12 8 8 8 8 0 7 7 7 7 7 7 7 6 6 11 11 11 11 11 7 7 7 7 7 12 12 12 7 7 9 12 12 12 7 7 7 7 7 7 7 7 7 7 7 7 7 7 7 7 7 7 9 9 4 4 4 4 4 13 12 12 12 8 8 8 8 8 8 13 13 7 7 7 7 7 7 7 7 4 4 4 4 8 8 8 8 7 7 7 7 7 8 8 8 8 8 8 13 8 8 8 8 8 8 8 8 8 8 8 8 8 8 8 8 8 8 8 8 8 7 7 7 7 7 12 7 13 13 13 13 13 8 8 7 7
9 9 8 8 8 5 8 8 5 5 5 10 10 6 7 7 6 6 6 6 7 7 5 5 5 5 5 8 8 7 7 7 7 5 6 6 3 3 3 1 7 7 4 4 5 5 5 3 3 1 3 3 5 5 5 5 5 5 5 8 8 8 8 8 8 7 7 7 7 7 0 2 2 2 2 2 2 5 5 6 6 6 6 6 4 4 4 4 4 5 5 5 7 5 6 7 7 7 6 6 6 6 6 6 6 6 6 4 4 4 4 4 4 4 4 4 9 9 9 9 9 9 9 6 5 5 5 9 9 9 9 8 8 6 6 8 8 8 8 8 8 8 8 9 9 9 9 6 6 6 6 6 6 6 6 6 6 6 6 6 6 6 6 6 6 6 7 7 6 6 6 6 6 6 6 6 6 6 6 6 6 6 6 6 6 6 6 6 6 5 6 8 8 8 8 8 8 5 4 4
9 9 8 8 8 5 8 8 5 5 5 10 10 6 7 7 6 6 6 6 7 7 5 5 5 5 5 8 8 7 7 7 7 5 6 6 3 3 3 1 7 7 4 4 5 5 5 3 3 1 3 3 5 5 5 5 5 5 5 8 8 8 8 8 8 7 7 7 7 7 2 0 2 2 2 2 2 5 5 6 6 6 6 6 4 4 4 4 4 5 5 5 7 5 6 7 7 7 6 6 6 6 6 6 6 6 6 4 4 4 4 4 4 4 4 4 9 9 9 9 9 9 9 6 5 5 5 9 9 9 9 8 8 6 6 8 8 8 8 8 8 8 8 9 9 9 9 6 6 6 6 6 6 6 6 6 6 6 6 6 6 6 6 6 6 6 7 7 6 6 6 6 6 6 6 6 6 6 6 6 6 6 6 6 6 6 6 6 6 5 6 8 8 8 8 8 8 5 4 4
9 9 8 8 8 5 8 8 5 5 5 10 10 6 7 7 6 6 6 6 7 7 5 5 5 5 5 8 8 7 7 7 7 5 6 6 3 3 3 1 7 7 4 4 5 5 5 3 3 1 3 3 5 5 5 5 5 5 5 8 8 8 8 8 8 7 7 7 7 7 2 2 0 2 2 2 2 5 5 6 6 6 6 6 4 4 4 4 4 5 5 5 7 5 6 7 7 7 6 6 6 6 6 6 6 6 6 4 4 4 4 4 4 4 4 4 9 9 9 9 9 9 9 6 5 5 5 9 9 9 9 8 8 6 6 8 8 8 8 8 8 8 8 9 9 9 9 6 6 6 6 6 6 6 6 6 6 6 6 6 6 6 6 6 6 6 7 7 6 6 6 6 6 6 6 6 6 6 6 6 6 6 6 6 6 6 6 6 6 5 6 8 8 8 8 8 8 5 4 4
9 9 8 8 8 5 8 8 5 5 5 10 10 6 7 7 6 6 6 6 7 7 5 5 5 5 5 8 8 7 7 7 7 5 6 6 3 3 3 1 7 7 4 4 5 5 5 3 3 1 3 3 5 5 5 5 5 5 5 8 8 8 8 8 8 7 7 7 7 7 2 2 2 0 2 2 2 5 5 6 6 6 6 6 4 4 4 4 4 5 5 5 7 5 6 7 7 7 6 6 6 6 6 6 6 6 6 4 4 4 4 4 4 4 4 4 9 9 9 9 9 9 9 6 5 5 5 9 9 9 9 8 8 6 6 8 8 8 8 8 8 8 8 9 9 9 9 6 6 6 6 6 6 6 6 6 6 6 6 6 6 6 6 6 6 6 7 7 6 6 6 6 6 6 6 6 6 6 6 6 6 6 6 6 6 6 6 6 6 5 6 8 8 8 8 8 8 5 4 4
9 9 8 8 8 5 8 8 5 5 5 10 10 6 7 7 6 6 6 6 7 7 5 5 5 5 5 8 8 7 7 7 7 5 6 6 3 3 3 1 7 7 4 4 5 5 5 3 3 1 3 3 5 5 5 5 5 5 5 8 8 8 8 8 8 7 7 7 7 7 2 2 2 2 0 2 2 5 5 6 6 6 6 6 4 4 4 4 4 5 5 5 7 5 6 7 7 7 6 6 6 6 6 6 6 6 6 4 4 4 4 4 4 4 4 4 9 9 9 9 9 9 9 6 5 5 5 9 9 9 9 8 8 6 6 8 8 8 8 8 8 8 8 9 9 9 9 6 6 6 6 6 6 6 6 6 6 6 6 6 6 6 6 6 6 6 7 7 6 6 6 6 6 6 6 6 6 6 6 6 6 6 6 6 6 6 6 6 6 5 6 8 8 8 8 8 8 5 4 4
9 9 8 8 8 5 8 8 5 5 5 10 10 6 7 7 6 6 6 6 7 7 5 5 5 5 5 8 8 7 7 7 7 5 6 6 3 3 3 1 7 7 4 4 5 5 5 3 3 1 3 3 5 5 5 5 5 5 5 8 8 8 8 8 8 7 7 7 7 7 2 2 2 2 2 0 2 5 5 6 6 6 6 6 4 4 4 4 4 5 5 5 7 5 6 7 7 7 6 6 6 6 6 6 6 6 6 4 4 4 4 4 4 4 4 4 9 9 9 9 9 9 9 6 5 5 5 9 9 9 9 8 8 6 6 8 8 8 8 8 8 8 8 9 9 9 9 6 6 6 6 6 6 6 6 6 6 6 6 6 6 6 6 6 6 6 7 7 6 6 6 6 6 6 6 6 6 6 6 6 6 6 6 6 6 6 6 6 6 5 6 8 8 8 8 8 8 5 4 4
9 9 8 8 8 5 8 8 5 5 5 10 10 6 7 7 6 6 6 6 7 7 5 5 5 5 5 8 8 7 7 7 7 5 6 6 3 3 3 1 7 7 4 4 5 5 5 3 3 1 3 3 5 5 5 5 5 5 5 8 8 8 8 8 8 7 7 7 7 7 2 2 2 2 2 2 0 5 5 6 6 6 6 6 4 4 4 4 4 5 5 5 7 5 6 7 7 7 6 6 6 6 6 6 6 6 6 4 4 4 4 4 4 4 4 4 9 9 9 9 9 9 9 6 5 5 5 9 9 9 9 8 8 6 6 8 8 8 8 8 8 8 8 9 9 9 9 6 6 6 6 6 6 6 6 6 6 6 6 6 6 6 6 6 6 6 7 7 6 6 6 6 6 6 6 6 6 6 6 6 6 6 6 6 6 6 6 6 6 5 6 8 8 8 8 8 8 5 4 4
10 10 8 8 8 7 7 7 12 12 12 10 10 5 8 8 5 5 5 5 6 6 4 4 4 4 4 10 10 6 6 6 6 9 5 5 7 7 7 7 6 6 11 11 12 12 7 4 4 4 4 4 12 12 12 12 4 4 4 9 9 9 9 9 9 6 6 6 6 6 5 5 5 5 5 5 5 0 2 13 13 13 13 13 5 5 5 5 5 4 4 4 7 4 7 12 12 12 5 5 5 5 5 5 5 5 5 5 5 5 5 5 5 5 5 5 11 11 11 11 11 11 11 13 12 12 12 11 11 11 11 7 7 5 5 7 7 7 7 7 7 7 7 11 11 11 11 8 8 8 8 5 5 5 5 5 8 8 8 8 8 8 5 13 13 13 6 6 8 8 8 8 8 8 7 7 7 7 7 7 7 7 7 7 5 5 5 5 5 12 5 7 7 7 7 7 7 8 5 5
10 10 8 8 8 7 7 7 12 12 12 10 10 5 8 8 5 5 5 5 6 6 4 4 4 4 4 10 10 6 6 6 6 9 5 5 7 7 7 7 6 6 11 11 12 12 7 4 4 4 4 4 12 12 12 12 4 4 4 9 9 9 9 9 9 6 6 6 6 6 5 5 5 5 5 5 5 2 0 13 13 13 13 13 5 5 5 5 5 4 4 4 7 4 7 12 12 12 5 5 5 5 5 5 5 5 5 5 5 5 5 5 5 5 5 5 11 11 11 11 11 11 11 13 12 12 12 11 11 11 11 7 7 5 5 7 7 7 7 7 7 7 7 11 11 11 11 8 8 8 8 5 5 5 5 5 8 8 8 8 8 8 5 13 13 13 6 6 8 8 8 8 8 8 7 7 7 7 7 7 7 7 7 7 5 5 5 5 5 12 5 7 7 7 7 7 7 8 5 5
10 10 9 9 9 13 10 10 1 3 3 10 10 11 7 7 8 8 8 8 11 11 6 13 13 13 13 9 9 13 13 13 13 11 11 11 11 11 11 11 10 10 4 4 5 5 13 5 5 5 5 5 5 5 5 5 11 11 11 8 8 8 8 8 8 11 11 11 11 11 6 6 6 6 6 6 6 13 13 0 2 2 2 2 6 6 6 6 6 13 13 13 7 11 6 7 7 7 10 10 10 10 10 10 10 10 10 6 6 6 6 6 6 6 6 6 8 8 10 10 10 10 10 6 5 5 5 10 10 10 10 10 10 14 14 11 11 11 11 11 11 11 11 10 10 10 10 14 14 14 14 12 12 12 12 12 14 14 14 14 14 14 14 6 6 6 9 9 14 14 14 12 12 12 6 6 6 6 6 6 6 6 6 6 10 10 10 10 10 5 6 14 14 14 14 14 10 5 6 6
10 10 9 9 9 13 10 10 1 3 3 10 10 11 7 7 8 8 8 8 11 11 6 13 13 13 13 9 9 13 13 13 13 11 11 11 11 11 11 11 10 10 4 4 5 5 13 5 5 5 5 5 5 5 5 5 11 11 11 8 8 8 8 8 8 11 11 11 11 11 6 6 6 6 6 6 6 13 13 2 0 2 2 2 6 6 6 6 6 13 13 13 7 11 6 7 7 7 10 10 10 10 10 10 10 10 10 6 6 6 6 6 6 6 6 6 8 8 10 10 10 10 10 6 5 5 5 10 10 10 10 10 10 14 14 11 11 11 11 11 11 11 11 10 10 10 10 14 14 14 14 12 12 12 12 12 14 14 14 14 14 14 14 6 6 6 9 9 14 14 14 12 12 12 6 6 6 6 6 6 6 6 6 6 10 10 10 10 10 5 6 14 14 14 14 14 10 5 6 6
10 10 9 9 9 13 10 10 1 3 3 10 10 11 7 7 8 8 8 8 11 11 6 13 13 13 13 9 9 13 13 13 13 11 11 11 11 11 11 11 10 10 4 4 5 5 13 5 5 5 5 5 5 5 5 5 11 11 11 8 8 8 8 8 8 11 11 11 11 11 6 6 6 6 6 6 6 13 13 2 2 0 2 2 6 6 6 6 6 13 13 13 7 11 6 7 7 7 10 10 10 10 10 10 10 10 10 6 6 6 6 6 6 6 6 6 8 8 10 10 10 10 10 6 5 5 5 10 10 10 10 10 10 14 14 11 11 11 11 11 11 11 11 10 10 10 10 14 14 14 14 12 12 12 12 12 14 14 14 14 14 14 14 6 6 6 9 9 14 14 14 12 12 12 6 6 6 6 6 6 6 6 6 6 10 10 10 10 10 5 6 14 14 14 14 14 10 5 6 6
10 10 9 9 9 13 10 10 1 3 3 10 10 11 7 7 8 8 8 8 11 11 6 13 13 13 13 9 9 13 13 13 13 11 11 11 11 11 11 11 10 10 4 4 5 5 13 5 5 5 5 5 5 5 5 5 11 11 11 8 8 8 8 8 8 11 11 11 11 11 6 6 6 6 6 6 6 13 13 2 2 2 0 2 6 6 6 6 6 13 13 13 7 11 6 7 7 7 10 10 10 10 10 10 10 10 10 6 6 6 6 6 6 6 6 6 8 8 10 10 10 10 10 6 5 5 5 10 10 10 10 10 10 14 14 11 11 11 11 11 11 11 11 10 10 10 10 14 14 14 14 12 12 12 12 12 14 14 14 14 14 14 14 6 6 6 9 9 14 14 14 12 12 12 6 6 6 6 6 6 6 6 6 6 10 10 10 10 10 5 6 14 14 14 14 14 10 5 6 6
10 10 9 9 9 13 10 10 1 3 3 10 10 11 7 7 8 8 8 8 11 11 6 13 13 13 13 9 9 13 13 13 13 11 11 11 11 11 11 11 10 10 4 4 5 5 13 5 5 5 5 5 5 5 5 5 11 11 11 8 8 8 8 8 8 11 11 11 11 11 6 6 6 6 6 6 6 13 13 2 2 2 2 0 6 6 6 6 6 13 13 13 7 11 6 7 7 7 10 10 10 10 10 10 10 10 10 6 6 6 6 6 6 6 6 6 8 8 10 10 10 10 10 6 5 5 5 10 10 10 10 10 10 14 14 11 11 11 11 11 11 11 11 10 10 10 10 14 14 14 14 12 12 12 12 12 14 14 14 14 14 14 14 6 6 6 9 9 14 14 14 12 12 12 6 6 6 6 6 6 6 6 6 6 10 10 10 10 10 5 6 14 14 14 14 14 10 5 6 6
11 11 9 9 9 8 8 8 5 5 5 11 11 6 7 7 6 6 6 6 7 7 5 5 5 5 5 11 11 7 7 7 7 10 6 6 8 8 8 8 7 7 4 4 5 5 8 1 3 3 3 3 5 5 5 5 5 5 5 8 8 8 8 8 8 7 7 7 7 7 4 4 4 4 4 4 4 5 5 6 6 6 6 6 0 2 2 2 2 5 5 5 7 5 6 7 7 7 6 6 6 6 6 6 6 6 6 4 4 4 4 4 4 4 4 4 12 12 12 12 12 12 12 6 5 5 5 12 12 12 12 8 8 6 6 8 8 8 8 8 8 8 8 12 12 12 12 9 9 9 9 6 6 6 6 6 9 9 9 9 9 9 6 6 6 6 7 7 9 9 9 9 9 9 6 6 6 6 6 6 6 6 6 6 6 6 6 6 6 5 6 8 8 8 8 8 8 5 4 4
11 11 9 9 9 8 8 8 5 5 5 11 11 6 7 7 6 6 6 6 7 7 5 5 5 5 5 11 11 7 7 7 7 10 6 6 8 8 8 8 7 7 4 4 5 5 8 1 3 3 3 3 5 5 5 5 5 5 5 8 8 8 8 8 8 7 7 7 7 7 4 4 4 4 4 4 4 5 5 6 6 6 6 6 2 0 2 2 2 5 5 5 7 5 6 7 7 7 6 6 6 6 6 6 6 6 6 4 4 4 4 4 4 4 4 4 12 12 12 12 12 12 12 6 5 5 5 12 12 12 12 8 8 6 6 8 8 8 8 8 8 8 8 12 12 12 12 9 9 9 9 6 6 6 6 6 9 9 9 9 9 9 6 6 6 6 7 7 9 9 9 9 9 9 6 6 6 6 6 6 6 6 6 6 6 6 6 6 6 5 6 8 8 8 8 8 8 5 4 4
11 11 9 9 9 8 8 8 5 5 5 11 11 6 7 7 6 6 6 6 7 7 5 5 5 5 5 11 11 7 7 7 7 10 6 6 8 8 8 8 7 7 4 4 5 5 8 1 3 3 3 3 5 5 5 5 5 5 5 8 8 8 8 8 8 7 7 7 7 7 4 4 4 4 4 4 4 5 5 6 6 6 6 6 2 2 0 2 2 5 5 5 7 5 6 7 7 7 6 6 6 6 6 6 6 6 6 4 4 4 4 4 4 4 4 4 12 12 12 12 12 12 12 6 5 5 5 12 12 12 12 8 8 6 6 8 8 8 8 8 8 8 8 12 12 12 12 9 9 9 9 6 6 6 6 6 9 9 9 9 9 9 6 6 6 6 7 7 9 9 9 9 9 9 6 6 6 6 6 6 6 6 6 6 6 6 6 6 6 5 6 8 8 8 8 8 8 5 4 4
11 11 9 9 9 8 8 8 5 5 5 11 11 6 7 7 6 6 6 6 7 7 5 5 5 5 5 11 11 7 7 7 7 10 6 6 8 8 8 8 7 7 4 4 5 5 8 1 3 3 3 3 5 5 5 5 5 5 5 8 8 8 8 8 8 7 7 7 7 7 4 4 4 4 4 4 4 5 5 6 6 6 6 6 2 2 2 0 2 5 5 5 7 5 6 7 7 7 6 6 6 6 6 6 6 6 6 4 4 4 4 4 4 4 4 4 12 12 12 12 12 12 12 6 5 5 5 12 12 12 12 8 8 6 6 8 8 8 8 8 8 8 8 12 12 12 12 9 9 9 9 6 6 6 6 6 9 9 9 9 9 9 6 6 6 6 7 7 9 9 9 9 9 9 6 6 6 6 6 6 6 6 6 6 6 6 6 6 6 5 6 8 8 8 8 8 8 5 4 4
11 11 9 9 9 8 8 8 5 5 5 11 11 6 7 7 6 6 6 6 7 7 5 5 5 5 5 11 11 7 7 7 7 10 6 6 8 8 8 8 7 7 4 4 5 5 8 1 3 3 3 3 5 5 5 5 5 5 5 8 8 8 8 8 8 7 7 7 7 7 4 4 4 4 4 4 4 5 5 6 6 6 6 6 2 2 2 2 0 5 5 5 7 5 6 7 7 7 6 6 6 6 6 6 6 6 6 4 4 4 4 4 4 4 4 4 12 12 12 12 12 12 12 6 5 5 5 12 12 12 12 8 8 6 6 8 8 8 8 8 8 8 8 12 12 12 12 9 9 9 9 6 6 6 6 6 9 9 9 9 9 9 6 6 6 6 7 7 9 9 9 9 9 9 6 6 6 6 6 6 6 6 6 6 6 6 6 6 6 5 6 8 8 8 8 8 8 5 4 4
11 11 12 12 12 12 7 7 12 12 12 11 11 5 8 8 11 11 11 11 8 8 4 4 4 4 4 16 16 17 17 17 17 12 12 12 12 12 12 12 11 11 11 11 12 12 12 4 4 4 4 4 12 12 12 12 4 4 4 9 9 9 9 9 9 12 12 12 12 12 5 5 5 5 5 5 5 4 4 13 13 13 13 13 5 5 5 5 5 0 2 2 9 2 7 12 12 12 5 5 5 5 5 5 5 5 5 5 5 5 5 5 5 5 5 5 11 11 12 12 12 12 12 13 12 12 12 11 11 11 11 12 12 5 5 9 9 9 9 9 9 9 9 12 12 12 12 13 13 13 13 3 3 3 3 3 13 13 13 13 13 13 5 13 13 13 12 12 13 13 13 12 12 12 12 12 12 12 12 12 12 12 12 12 5 5 5 5 5 12 5 18 18 18 18 18 11 12 5 5
11 11 12 12 12 12 7 7 12 12 12 11 11 5 8 8 11 11 11 11 8 8 4 4 4 4 4 16 16 17 17 17 17 12 12 12 12 12 12 12 11 11 11 11 12 12 12 4 4 4 4 4 12 12 12 12 4 4 4 9 9 9 9 9 9 12 12 12 12 12 5 5 5 5 5 5 5 4 4 13 13 13 13 13 5 5 5 5 5 2 0 2 9 2 7 12 12 12 5 5 5 5 5 5 5 5 5 5 5 5 5 5 5 5 5 5 11 11 12 12 12 12 12 13 12 12 12 11 11 11 11 12 12 5 5 9 9 9 9 9 9 9 9 12 12 12 12 13 13 13 13 3 3 3 3 3 13 13 13 13 13 13 5 13 13 13 12 12 13 13 13 12 12 12 12 12 12 12 12 12 12 12 12 12 5 5 5 5 5 12 5 18 18 18 18 18 11 12 5 5
11 11 12 12 12 12 7 7 12 12 12 11 11 5 8 8 11 11 11 11 8 8 4 4 4 4 4 16 16 17 17 17 17 12 12 12 12 12 12 12 11 11 11 11 12 12 12 4 4 4 4 4 12 12 12 12 4 4 4 9 9 9 9 9 9 12 12 12 12 12 5 5 5 5 5 5 5 4 4 13 13 13 13 13 5 5 5 5 5 2 2 0 9 2 7 12 12 12 5 5 5 5 5 5 5 5 5 5 5 5 5 5 5 5 5 5 11 11 12 12 12 12 12 13 12 12 12 11 11 11 11 12 12 5 5 9 9 9 9 9 9 9 9 12 12 12 12 13 13 13 13 3 3 3 3 3 13 13 13 13 13 13 5 13 13 13 12 12 13 13 13 12 12 12 12 12 12 12 12 12 12 12 12 12 5 5 5 5 5 12 5 18 18 18 18 18 11 12 5 5
8 8 10 10 10 11 7 7 6 6 6 6 6 7 4 4 4 4 4 4 3 3 5 9 9 9 9 9 9 7 7 7 7 9 9 9 9 9 9 9 7 7 5 5 6 6 11 6 6 6 6 6 6 6 6 6 7 7 7 5 5 5 5 5 5 7 7 7 7 7 7 7 7 7 7 7 7 7 7 7 7 7 7 7 7 7 7 7 7 9 9 9 0 8 3 4 4 4 8 8 8 8 8 8 8 8 8 7 7 7 7 7 7 7 5 5 10 10 7 7 7 7 7 7 6 6 6 10 10 10 10 8 8 10 10 4 4 4 4 4 4 4 4 7 7 7 7 12 12 12 12 8 8 8 8 8 12 12 12 12 12 12 10 7 7 7 5 5 12 12 12 10 10 10 7 7 7 7 7 7 7 7 7 7 8 8 8 8 8 6 7 8 8 8 8 8 8 6 7 7
7 7 10 10 10 10 3 3 10 10 10 6 6 5 8 8 9 9 9 9 7 7 4 4 4 4 4 8 8 11 11 11 11 10 9 9 10 10 10 10 7 7 11 11 12 12 10 4 4 4 4 4 8 8 8 8 4 4 4 9 9 9 9 9 9 8 8 8 8 7 5 5 5 5 5 5 5 4 4 11 11 11 11 11 5 5 5 5 5 2 2 2 8 0 7 12 12 12 5 5 5 5 5 5 5 5 5 5 5 5 5 5 5 5 5 5 9 9 7 7 7 7 7 13 12 12 12 9 9 9 9 8 8 5 5 8 8 8 8 8 8 8 8 7 7 7 7 11 11 11 11 3 3 3 3 3 11 11 11 11 11 11 5 9 9 9 8 8 11 11 11 10 10 10 8 8 8 8 8 8 8 8 8 8 5 5 5 5 5 12 5 12 12 12 12 12 8 11 5 5
6 6 9 9 9 10 8 8 5 5 5 8 8 6 5 5 6 6 6 6 9 9 6 7 7 7 7 5 5 12 12 12 12 8 10 10 8 8 8 8 8 8 4 4 3 3 10 5 5 5 5 5 5 5 5 5 7 7 7 6 6 6 6 6 6 9 9 9 9 9 6 6 6 6 6 6 6 7 7 6 6 6 6 6 6 6 6 6 6 7 7 7 3 7 0 5 5 5 8 8 8 8 8 8 8 8 8 6 6 6 6 6 6 6 6 6 6 6 6 6 6 6 6 4 5 5 5 6 6 6 6 6 6 8 8 7 7 7 7 7 7 7 7 6 6 6 6 11 11 11 11 7 7 7 7 7 11 11 11 11 11 11 8 4 4 4 7 7 11 11 11 11 11 11 4 4 4 4 4 4 4 4 4 4 8 8 8 8 8 5 6 13 13 13 13 13 6 5 6 6
11 11 12 12 12 12 11 11 6 6 6 11 11 11 2 2 11 11 11 11 12 12 5 12 12 12 12 12 12 13 13 13 13 12 12 12 12 12 12 12 11 11 5 5 6 6 12 6 6 6 6 6 6 6 6 6 11 11 11 3 3 3 3 3 3 12 12 12 12 12 7 7 7 7 7 7 7 12 12 7 7 7 7 7 7 7 7 7 7 12 12 12 4 12 5 0 2 2 12 12 12 12 12 12 12 12 12 7 7 7 7 7 7 7 7 7 11 11 12 12 12 12 12 7 6 6 6 11 11 11 11 12 12 13 13 12 12 12 12 12 12 12 12 12 12 12 12 13 13 13 13 12 12 12 12 12 13 13 13 13 13 13 13 7 7 7 12 12 13 13 13 12 12 12 7 7 7 7 7 7 7 7 7 7 12 12 12 12 12 6 7 14 14 14 14 14 11 6 7 7
11 11 12 12 12 12 11 11 6 6 6 11 11 11 2 2 11 11 11 11 12 12 5 12 12 12 12 12 12 13 13 13 13 12 12 12 12 12 12 12 11 11 5 5 6 6 12 6 6 6 6 6 6 6 6 6 11 11 11 3 3 3 3 3 3 12 12 12 12 12 7 7 7 7 7 7 7 12 12 7 7 7 7 7 7 7 7 7 7 12 12 12 4 12 5 2 0 2 12 12 12 12 12 12 12 12 12 7 7 7 7 7 7 7 7 7 11 11 12 12 12 12 12 7 6 6 6 11 11 11 11 12 12 13 13 12 12 12 12 12 12 12 12 12 12 12 12 13 13 13 13 12 12 12 12 12 13 13 13 13 13 13 13 7 7 7 12 12 13 13 13 12 12 12 7 7 7 7 7 7 7 7 7 7 12 12 12 12 12 6 7 14 14 14 14 14 11 6 7 7
11 11 12 12 12 12 11 11 6 6 6 11 11 11 2 2 11 11 11 11 12 12 5 12 12 12 12 12 12 13 13 13 13 12 12 12 12 12 12 12 11 11 5 5 6 6 12 6 6 6 6 6 6 6 6 6 11 11 11 3 3 3 3 3 3 12 12 12 12 12 7 7 7 7 7 7 7 12 12 7 7 7 7 7 7 7 7 7 7 12 12 12 4 12 5 2 2 0 12 12 12 12 12 12 12 12 12 7 7 7 7 7 7 7 7 7 11 11 12 12 12 12 12 7 6 6 6 11 11 11 11 12 12 13 13 12 12 12 12 12 12 12 12 12 12 12 12 13 13 13 13 12 12 12 12 12 13 13 13 13 13 13 13 7 7 7 12 12 13 13 13 12 12 12 7 7 7 7 7 7 7 7 7 7 12 12 12 12 12 6 7 14 14 14 14 14 11 6 7 7
9 9 3 3 3 8 8 8 9 9 9 8 8 6 9 9 6 6 6 6 7 7 5 5 5 5 5 9 9 7 7 7 7 10 6 6 8 8 8 8 7 7 11 11 12 12 8 5 5 5 5 5 8 8 8 8 3 3 1 10 10 10 10 10 10 7 7 7 7 7 6 6 6 6 6 6 6 5 5 10 10 10 10 10 6 6 6 6 6 5 5 5 8 5 8 12 12 12 0 2 2 2 2 2 2 2 2 6 6 6 6 6 6 6 6 6 8 8 9 9 9 9 9 13 12 12 12 9 9 9 9 8 8 6 6 8 8 8 8 8 8 8 8 9 9 9 9 9 9 9 9 6 6 6 6 6 9 9 9 9 9 9 6 9 9 9 7 7 9 9 9 4 4 4 8 8 8 8 8 8 8 8 8 8 4 4 4 4 4 12 4 8 8 8 8 8 8 9 6 6
9 9 3 3 3 8 8 8 9 9 9 8 8 6 9 9 6 6 6 6 7 7 5 5 5 5 5 9 9 7 7 7 7 10 6 6 8 8 8 8 7 7 11 11 12 12 8 5 5 5 5 5 8 8 8 8 3 3 1 10 10 10 10 10 10 7 7 7 7 7 6 6 6 6 6 6 6 5 5 10 10 10 10 10 6 6 6 6 6 5 5 5 8 5 8 12 12 12 2 0 2 2 2 2 2 2 2 6 6 6 6 6 6 6 6 6 8 8 9 9 9 9 9 13 12 12 12 9 9 9 9 8 8 6 6 8 8 8 8 8 8 8 8 9 9 9 9 9 9 9 9 6 6 6 6 6 9 9 9 9 9 9 6 9 9 9 7 7 9 9 9 4 4 4 8 8 8 8 8 8 8 8 8 8 4 4 4 4 4 12 4 8 8 8 8 8 8 9 6 6
9 9 3 3 3 8 8 8 9 9 9 8 8 6 9 9 6 6 6 6 7 7 5 5 5 5 5 9 9 7 7 7 7 10 6 6 8 8 8 8 7 7 11 11 12 12 8 5 5 5 5 5 8 8 8 8 3 3 1 10 10 10 10 10 10 7 7 7 7 7 6 6 6 6 6 6 6 5 5 10 10 10 10 10 6 6 6 6 6 5 5 5 8 5 8 12 12 12 2 2 0 2 2 2 2 2 2 6 6 6 6 6 6 6 6 6 8 8 9 9 9 9 9 13 12 12 12 9 9 9 9 8 8 6 6 8 8 8 8 8 8 8 8 9 9 9 9 9 9 9 9 6 6 6 6 6 9 9 9 9 9 9 6 9 9 9 7 7 9 9 9 4 4 4 8 8 8 8 8 8 8 8 8 8 4 4 4 4 4 12 4 8 8 8 8 8 8 9 6 6
9 9 3 3 3 8 8 8 9 9 9 8 8 6 9 9 6 6 6 6 7 7 5 5 5 5 5 9 9 7 7 7 7 10 6 6 8 8 8 8 7 7 11 11 12 12 8 5 5 5 5 5 8 8 8 8 3 3 1 10 10 10 10 10 10 7 7 7 7 7 6 6 6 6 6 6 6 5 5 10 10 10 10 10 6 6 6 6 6 5 5 5 8 5 8 12 12 12 2 2 2 0 2 2 2 2 2 6 6 6 6 6 6 6 6 6 8 8 9 9 9 9 9 13 12 12 12 9 9 9 9 8 8 6 6 8 8 8 8 8 8 8 8 9 9 9 9 9 9 9 9 6 6 6 6 6 9 9 9 9 9 9 6 9 9 9 7 7 9 9 9 4 4 4 8 8 8 8 8 8 8 8 8 8 4 4 4 4 4 12 4 8 8 8 8 8 8 9 6 6
9 9 3 3 3 8 8 8 9 9 9 8 8 6 9 9 6 6 6 6 7 7 5 5 5 5 5 9 9 7 7 7 7 10 6 6 8 8 8 8 7 7 11 11 12 12 8 5 5 5 5 5 8 8 8 8 3 3 1 10 10 10 10 10 10 7 7 7 7 7 6 6 6 6 6 6 6 5 5 10 10 10 10 10 6 6 6 6 6 5 5 5 8 5 8 12 12 12 2 2 2 2 0 2 2 2 2 6 6 6 6 6 6 6 6 6 8 8 9 9 9 9 9 13 12 12 12 9 9 9 9 8 8 6 6 8 8 8 8 8 8 8 8 9 9 9 9 9 9 9 9 6 6 6 6 6 9 9 9 9 9 9 6 9 9 9 7 7 9 9 9 4 4 4 8 8 8 8 8 8 8 8 8 8 4 4 4 4 4 12 4 8 8 8 8 8 8 9 6 6
9 9 3 3 3 8 8 8 9 9 9 8 8 6 9 9 6 6 6 6 7 7 5 5 5 5 5 9 9 7 7 7 7 10 6 6 8 8 8 8 7 7 11 11 12 12 8 5 5 5 5 5 8 8 8 8 3 3 1 10 10 10 10 10 10 7 7 7 7 7 6 6 6 6 6 6 6 5 5 10 10 10 10 10 6 6 6 6 6 5 5 5 8 5 8 12 12 12 2 2 2 2 2 0 2 2 2 6 6 6 6 6 6 6 6 6 8 8 9 9 9 9 9 13 12 12 12 9 9 9 9 8 8 6 6 8 8 8 8 8 8 8 8 9 9 9 9 9 9 9 9 6 6 6 6 6 9 9 9 9 9 9 6 9 9 9 7 7 9 9 9 4 4 4 8 8 8 8 8 8 8 8 8 8 4 4 4 4 4 12 4 8 8 8 8 8 8 9 6 6
9 9 3 3 3 8 8 8 9 9 9 8 8 6 9 9 6 6 6 6 7 7 5 5 5 5 5 9 9 7 7 7 7 10 6 6 8 8 8 8 7 7 11 11 12 12 8 5 5 5 5 5 8 8 8 8 3 3 1 10 10 10 10 10 10 7 7 7 7 7 6 6 6 6 6 6 6 5 5 10 10 10 10 10 6 6 6 6 6 5 5 5 8 5 8 12 12 12 2 2 2 2 2 2 0 2 2 6 6 6 6 6 6 6 6 6 8 8 9 9 9 9 9 13 12 12 12 9 9 9 9 8 8 6 6 8 8 8 8 8 8 8 8 9 9 9 9 9 9 9 9 6 6 6 6 6 9 9 9 9 9 9 6 9 9 9 7 7 9 9 9 4 4 4 8 8 8 8 8 8 8 8 8 8 4 4 4 4 4 12 4 8 8 8 8 8 8 9 6 6
9 9 3 3 3 8 8 8 9 9 9 8 8 6 9 9 6 6 6 6 7 7 5 5 5 5 5 9 9 7 7 7 7 10 6 6 8 8 8 8 7 7 11 11 12 12 8 5 5 5 5 5 8 8 8 8 3 3 1 10 10 10 10 10 10 7 7 7 7 7 6 6 6 6 6 6 6 5 5 10 10 10 10 10 6 6 6 6 6 5 5 5 8 5 8 12 12 12 2 2 2 2 2 2 2 0 2 6 6 6 6 6 6 6 6 6 8 8 9 9 9 9 9 13 12 12 12 9 9 9 9 8 8 6 6 8 8 8 8 8 8 8 8 9 9 9 9 9 9 9 9 6 6 6 6 6 9 9 9 9 9 9 6 9 9 9 7 7 9 9 9 4 4 4 8 8 8 8 8 8 8 8 8 8 4 4 4 4 4 12 4 8 8 8 8 8 8 9 6 6
9 9 3 3 3 8 8 8 9 9 9 8 8 6 9 9 6 6 6 6 7 7 5 5 5 5 5 9 9 7 7 7 7 10 6 6 8 8 8 8 7 7 11 11 12 12 8 5 5 5 5 5 8 8 8 8 3 3 1 10 10 10 10 10 10 7 7 7 7 7 6 6 6 6 6 6 6 5 5 10 10 10 10 10 6 6 6 6 6 5 5 5 8 5 8 12 12 12 2 2 2 2 2 2 2 2 0 6 6 6 6 6 6 6 6 6 8 8 9 9 9 9 9 13 12 12 12 9 9 9 9 8 8 6 6 8 8 8 8 8 8 8 8 9 9 9 9 9 9 9 9 6 6 6 6 6 9 9 9 9 9 9 6 9 9 9 7 7 9 9 9 4 4 4 8 8 8 8 8 8 8 8 8 8 4 4 4 4 4 12 4 8 8 8 8 8 8 9 6 6
5 5 9 9 9 8 7 7 5 5 5 7 7 6 7 7 6 6 6 6 7 7 5 5 5 5 5 8 8 7 7 7 7 9 6 6 8 8 8 8 3 3 4 4 5 5 8 3 3 3 3 3 5 5 5 5 5 5 5 8 8 8 8 8 8 3 3 3 3 7 4 4 4 4 4 4 4 5 5 6 6 6 6 6 4 4 4 4 4 5 5 5 7 5 6 7 7 7 6 6 6 6 6 6 6 6 6 0 2 2 2 2 2 2 4 4 9 9 8 8 8 8 8 6 5 5 5 9 9 9 9 4 4 6 6 6 6 6 6 6 6 6 6 8 8 8 8 9 9 9 9 6 6 6 6 6 9 9 9 9 9 9 6 6 6 6 6 6 9 9 9 9 9 9 4 4 4 4 4 4 4 4 4 4 6 6 6 6 6 5 6 8 8 8 8 8 4 5 4 4
5 5 9 9 9 8 7 7 5 5 5 7 7 6 7 7 6 6 6 6 7 7 5 5 5 5 5 8 8 7 7 7 7 9 6 6 8 8 8 8 3 3 4 4 5 5 8 3 3 3 3 3 5 5 5 5 5 5 5 8 8 8 8 8 8 3 3 3 3 7 4 4 4 4 4 4 4 5 5 6 6 6 6 6 4 4 4 4 4 5 5 5 7 5 6 7 7 7 6 6 6 6 6 6 6 6 6 2 0 2 2 2 2 2 4 4 9 9 8 8 8 8 8 6 5 5 5 9 9 9 9 4 4 6 6 6 6 6 6 6 6 6 6 8 8 8 8 9 9 9 9 6 6 6 6 6 9 9 9 9 9 9 6 6 6 6 6 6 9 9 9 9 9 9 4 4 4 4 4 4 4 4 4 4 6 6 6 6 6 5 6 8 8 8 8 8 4 5 4 4
5 5 9 9 9 8 7 7 5 5 5 7 7 6 7 7 6 6 6 6 7 7 5 5 5 5 5 8 8 7 7 7 7 9 6 6 8 8 8 8 3 3 4 4 5 5 8 3 3 3 3 3 5 5 5 5 5 5 5 8 8 8 8 8 8 3 3 3 3 7 4 4 4 4 4 4 4 5 5 6 6 6 6 6 4 4 4 4 4 5 5 5 7 5 6 7 7 7 6 6 6 6 6 6 6 6 6 2 2 0 2 2 2 2 4 4 9 9 8 8 8 8 8 6 5 5 5 9 9 9 9 4 4 6 6 6 6 6 6 6 6 6 6 8 8 8 8 9 9 9 9 6 6 6 6 6 9 9 9 9 9 9 6 6 6 6 6 6 9 9 9 9 9 9 4 4 4 4 4 4 4 4 4 4 6 6 6 6 6 5 6 8 8 8 8 8 4 5 4 4
5 5 9 9 9 8 7 7 5 5 5 7 7 6 7 7 6 6 6 6 7 7 5 5 5 5 5 8 8 7 7 7 7 9 6 6 8 8 8 8 3 3 4 4 5 5 8 3 3 3 3 3 5 5 5 5 5 5 5 8 8 8 8 8 8 3 3 3 3 7 4 4 4 4 4 4 4 5 5 6 6 6 6 6 4 4 4 4 4 5 5 5 7 5 6 7 7 7 6 6 6 6 6 6 6 6 6 2 2 2 0 2 2 2 4 4 9 9 8 8 8 8 8 6 5 5 5 9 9 9 9 4 4 6 6 6 6 6 6 6 6 6 6 8 8 8 8 9 9 9 9 6 6 6 6 6 9 9 9 9 9 9 6 6 6 6 6 6 9 9 9 9 9 9 4 4 4 4 4 4 4 4 4 4 6 6 6 6 6 5 6 8 8 8 8 8 4 5 4 4
5 5 9 9 9 8 7 7 5 5 5 7 7 6 7 7 6 6 6 6 7 7 5 5 5 5 5 8 8 7 7 7 7 9 6 6 8 8 8 8 3 3 4 4 5 5 8 3 3 3 3 3 5 5 5 5 5 5 5 8 8 8 8 8 8 3 3 3 3 7 4 4 4 4 4 4 4 5 5 6 6 6 6 6 4 4 4 4 4 5 5 5 7 5 6 7 7 7 6 6 6 6 6 6 6 6 6 2 2 2 2 0 2 2 4 4 9 9 8 8 8 8 8 6 5 5 5 9 9 9 9 4 4 6 6 6 6 6 6 6 6 6 6 8 8 8 8 9 9 9 9 6 6 6 6 6 9 9 9 9 9 9 6 6 6 6 6 6 9 9 9 9 9 9 4 4 4 4 4 4 4 4 4 4 6 6 6 6 6 5 6 8 8 8 8 8 4 5 4 4
5 5 9 9 9 8 7 7 5 5 5 7 7 6 7 7 6 6 6 6 7 7 5 5 5 5 5 8 8 7 7 7 7 9 6 6 8 8 8 8 3 3 4 4 5 5 8 3 3 3 3 3 5 5 5 5 5 5 5 8 8 8 8 8 8 3 3 3 3 7 4 4 4 4 4 4 4 5 5 6 6 6 6 6 4 4 4 4 4 5 5 5 7 5 6 7 7 7 6 6 6 6 6 6 6 6 6 2 2 2 2 2 0 2 4 4 9 9 8 8 8 8 8 6 5 5 5 9 9 9 9 4 4 6 6 6 6 6 6 6 6 6 6 8 8 8 8 9 9 9 9 6 6 6 6 6 9 9 9 9 9 9 6 6 6 6 6 6 9 9 9 9 9 9 4 4 4 4 4 4 4 4 4 4 6 6 6 6 6 5 6 8 8 8 8 8 4 5 4 4
5 5 9 9 9 8 7 7 5 5 5 7 7 6 7 7 6 6 6 6 7 7 5 5 5 5 5 8 8 7 7 7 7 9 6 6 8 8 8 8 3 3 4 4 5 5 8 3 3 3 3 3 5 5 5 5 5 5 5 8 8 8 8 8 8 3 3 3 3 7 4 4 4 4 4 4 4 5 5 6 6 6 6 6 4 4 4 4 4 5 5 5 7 5 6 7 7 7 6 6 6 6 6 6 6 6 6 2 2 2 2 2 2 0 4 4 9 9 8 8 8 8 8 6 5 5 5 9 9 9 9 4 4 6 6 6 6 6 6 6 6 6 6 8 8 8 8 9 9 9 9 6 6 6 6 6 9 9 9 9 9 9 6 6 6 6 6 6 9 9 9 9 9 9 4 4 4 4 4 4 4 4 4 4 6 6 6 6 6 5 6 8 8 8 8 8 4 5 4 4
7 7 8 8 8 8 8 8 5 5 5 9 9 6 7 7 3 3 1 3 4 4 5 5 5 5 5 6 6 6 6 6 6 9 6 6 8 8 8 8 6 6 4 4 5 5 8 3 3 3 3 3 5 5 5 5 5 5 5 8 8 8 8 8 8 6 6 6 6 7 4 4 4 4 4 4 4 5 5 6 6 6 6 6 4 4 4 4 4 5 5 5 5 5 6 7 7 7 6 6 6 6 6 6 6 6 6 4 4 4 4 4 4 4 0 2 5 5 7 7 7 7 7 6 5 5 5 7 7 7 7 5 5 6 6 5 5 5 5 5 5 5 5 7 7 7 7 9 9 9 9 6 6 6 6 6 9 9 9 9 9 9 6 6 6 6 4 4 9 9 9 9 9 9 6 6 6 6 6 6 6 6 6 6 6 6 6 6 6 5 6 7 7 7 7 7 7 5 4 4
7 7 8 8 8 8 8 8 5 5 5 9 9 6 7 7 3 3 1 3 4 4 5 5 5 5 5 6 6 6 6 6 6 9 6 6 8 8 8 8 6 6 4 4 5 5 8 3 3 3 3 3 5 5 5 5 5 5 5 8 8 8 8 8 8 6 6 6 6 7 4 4 4 4 4 4 4 5 5 6 6 6 6 6 4 4 4 4 4 5 5 5 5 5 6 7 7 7 6 6 6 6 6 6 6 6 6 4 4 4 4 4 4 4 2 0 5 5 7 7 7 7 7 6 5 5 5 7 7 7 7 5 5 6 6 5 5 5 5 5 5 5 5 7 7 7 7 9 9 9 9 6 6 6 6 6 9 9 9 9 9 9 6 6 6 6 4 4 9 9 9 9 9 9 6 6 6 6 6 6 6 6 6 6 6 6 6 6 6 5 6 7 7 7 7 7 7 5 4 4
6 6 7 7 7 10 8 8 7 7 7 8 8 9 10 10 4 4 4 4 9 9 10 11 11 11 11 5 5 10 10 10 10 8 9 9 8 8 8 8 8 8 10 10 11 11 10 11 11 11 11 11 10 10 10 10 10 10 10 11 11 11 11 11 11 9 9 9 9 9 9 9 9 9 9 9 9 11 11 8 8 8 8 8 12 12 12 12 12 11 11 11 10 9 6 11 11 11 8 8 8 8 8 8 8 8 8 9 9 9 9 9 9 9 5 5 0 2 6 6 6 6 6 12 11 11 11 6 6 6 6 4 4 12 12 7 7 7 7 7 7 7 7 6 6 6 6 11 11 11 11 10 10 10 10 10 11 11 11 11 11 11 12 11 11 11 5 5 11 11 11 11 11 11 9 9 9 9 9 9 9 9 9 9 8 8 8 8 8 11 11 11 11 11 11 11 6 11 12 12
6 6 7 7 7 10 8 8 7 7 7 8 8 9 10 10 4 4 4 4 9 9 10 11 11 11 11 5 5 10 10 10 10 8 9 9 8 8 8 8 8 8 10 10 11 11 10 11 11 11 11 11 10 10 10 10 10 10 10 11 11 11 11 11 11 9 9 9 9 9 9 9 9 9 9 9 9 11 11 8 8 8 8 8 12 12 12 12 12 11 11 11 10 9 6 11 11 11 8 8 8 8 8 8 8 8 8 9 9 9 9 9 9 9 5 5 2 0 6 6 6 6 6 12 11 11 11 6 6 6 6 4 4 12 12 7 7 7 7 7 7 7 7 6 6 6 6 11 11 11 11 10 10 10 10 10 11 11 11 11 11 11 12 11 11 11 5 5 11 11 11 11 11 11 9 9 9 9 9 9 9 9 9 9 8 8 8 8 8 11 11 11 11 11 11 11 6 11 12 12
4 4 9 9 9 10 6 6 9 9 9 3 3 6 10 10 6 6 6 6 6 6 11 12 12 12 12 1 3 10 10 10 10 8 8 8 8 8 8 8 7 7 11 11 12 12 10 11 11 11 11 11 7 7 7 7 8 8 8 11 11 11 11 11 11 8 8 8 8 4 9 9 9 9 9 9 9 11 11 10 10 10 10 10 12 12 12 12 12 12 12 12 7 7 6 12 12 12 9 9 9 9 9 9 9 9 9 8 8 8 8 8 8 8 7 7 6 6 0 2 2 2 2 13 12 12 12 4 4 4 4 6 6 13 13 5 5 5 5 5 5 5 5 4 4 4 4 11 11 11 11 7 7 7 7 7 11 11 11 11 11 11 13 8 8 8 5 5 11 11 11 9 9 9 8 8 8 8 8 8 8 8 8 8 9 9 9 9 9 12 8 11 11 11 11 11 4 11 12 12
4 4 9 9 9 10 6 6 9 9 9 3 3 6 10 10 6 6 6 6 6 6 11 12 12 12 12 1 3 10 10 10 10 8 8 8 8 8 8 8 7 7 11 11 12 12 10 11 11 11 11 11 7 7 7 7 8 8 8 11 11 11 11 11 11 8 8 8 8 4 9 9 9 9 9 9 9 11 11 10 10 10 10 10 12 12 12 12 12 12 12 12 7 7 6 12 12 12 9 9 9 9 9 9 9 9 9 8 8 8 8 8 8 8 7 7 6 6 2 0 2 2 2 13 12 12 12 4 4 4 4 6 6 13 13 5 5 5 5 5 5 5 5 4 4 4 4 11 11 11 11 7 7 7 7 7 11 11 11 11 11 11 13 8 8 8 5 5 11 11 11 9 9 9 8 8 8 8 8 8 8 8 8 8 9 9 9 9 9 12 8 11 11 11 11 11 4 11 12 12
4 4 9 9 9 10 6 6 9 9 9 3 3 6 10 10 6 6 6 6 6 6 11 12 12 12 12 1 3 10 10 10 10 8 8 8 8 8 8 8 7 7 11 11 12 12 10 11 11 11 11 11 7 7 7 7 8 8 8 11 11 11 11 11 11 8 8 8 8 4 9 9 9 9 9 9 9 11 11 10 10 10 10 10 12 12 12 12 12 12 12 12 7 7 6 12 12 12 9 9 9 9 9 9 9 9 9 8 8 8 8 8 8 8 7 7 6 6 2 2 0 2 2 13 12 12 12 4 4 4 4 6 6 13 13 5 5 5 5 5 5 5 5 4 4 4 4 11 11 11 11 7 7 7 7 7 11 11 11 11 11 11 13 8 8 8 5 5 11 11 11 9 9 9 8 8 8 8 8 8 8 8 8 8 9 9 9 9 9 12 8 11 11 11 11 11 4 11 12 12
4 4 9 9 9 10 6 6 9 9 9 3 3 6 10 10 6 6 6 6 6 6 11 12 12 12 12 1 3 10 10 10 10 8 8 8 8 8 8 8 7 7 11 11 12 12 10 11 11 11 11 11 7 7 7 7 8 8 8 11 11 11 11 11 11 8 8 8 8 4 9 9 9 9 9 9 9 11 11 10 10 10 10 10 12 12 12 12 12 12 12 12 7 7 6 12 12 12 9 9 9 9 9 9 9 9 9 8 8 8 8 8 8 8 7 7 6 6 2 2 2 0 2 13 12 12 12 4 4 4 4 6 6 13 13 5 5 5 5 5 5 5 5 4 4 4 4 11 11 11 11 7 7 7 7 7 11 11 11 11 11 11 13 8 8 8 5 5 11 11 11 9 9 9 8 8 8 8 8 8 8 8 8 8 9 9 9 9 9 12 8 11 11 11 11 11 4 11 12 12
4 4 9 9 9 10 6 6 9 9 9 3 3 6 10 10 6 6 6 6 6 6 11 12 12 12 12 1 3 10 10 10 10 8 8 8 8 8 8 8 7 7 11 11 12 12 10 11 11 11 11 11 7 7 7 7 8 8 8 11 11 11 11 11 11 8 8 8 8 4 9 9 9 9 9 9 9 11 11 10 10 10 10 10 12 12 12 12 12 12 12 12 7 7 6 12 12 12 9 9 9 9 9 9 9 9 9 8 8 8 8 8 8 8 7 7 6 6 2 2 2 2 0 13 12 12 12 4 4 4 4 6 6 13 13 5 5 5 5 5 5 5 5 4 4 4 4 11 11 11 11 7 7 7 7 7 11 11 11 11 11 11 13 8 8 8 5 5 11 11 11 9 9 9 8 8 8 8 8 8 8 8 8 8 9 9 9 9 9 12 8 11 11 11 11 11 4 11 12 12
12 12 13 13 13 13 12 12 5 5 5 12 12 12 7 7 12 12 12 12 13 13 6 13 13 13 13 13 13 14 14 14 14 13 13 13 13 13 13 13 12 12 4 4 3 3 13 5 5 5 5 5 5 5 5 5 12 12 12 8 8 8 8 8 8 13 13 13 13 13 6 6 6 6 6 6 6 13 13 6 6 6 6 6 6 6 6 6 6 13 13 13 7 13 4 7 7 7 13 13 13 13 13 13 13 13 13 6 6 6 6 6 6 6 6 6 12 12 13 13 13 13 13 0 5 5 5 12 12 12 12 13 13 14 14 13 13 13 13 13 13 13 13 13 13 13 13 14 14 14 14 13 13 13 13 13 14 14 14 14 14 14 14 4 4 4 13 13 14 14 14 13 13 13 2 2 2 2 2 2 2 2 2 2 13 13 13 13 13 5 6 15 15 15 15 15 12 5 6 6
11 11 12 12 12 12 11 11 4 4 4 11 11 11 6 6 11 11 11 11 12 12 5 12 12 12 12 12 12 13 13 13 13 12 12 12 12 12 12 12 11 11 3 3 4 4 12 4 4 4 4 4 4 4 4 4 11 11 11 7 7 7 7 7 7 12 12 12 12 12 5 5 5 5 5 5 5 12 12 5 5 5 5 5 5 5 5 5 5 12 12 12 6 12 5 6 6 6 12 12 12 12 12 12 12 12 12 5 5 5 5 5 5 5 5 5 11 11 12 12 12 12 12 5 0 2 2 11 11 11 11 12 12 13 13 12 12 12 12 12 12 12 12 12 12 12 12 13 13 13 13 12 12 12 12 12 13 13 13 13 13 13 13 5 5 5 12 12 13 13 13 12 12 12 5 5 5 5 5 5 5 5 5 5 12 12 12 12 12 4 5 14 14 14 14 14 11 4 5 5
11 11 12 12 12 12 11 11 4 4 4 11 11 11 6 6 11 11 11 11 12 12 5 12 12 12 12 12 12 13 13 13 13 12 12 12 12 12 12 12 11 11 3 3 4 4 12 4 4 4 4 4 4 4 4 4 11 11 11 7 7 7 7 7 7 12 12 12 12 12 5 5 5 5 5 5 5 12 12 5 5 5 5 5 5 5 5 5 5 12 12 12 6 12 5 6 6 6 12 12 12 12 12 12 12 12 12 5 5 5 5 5 5 5 5 5 11 11 12 12 12 12 12 5 2 0 2 11 11 11 11 12 12 13 13 12 12 12 12 12 12 12 12 12 12 12 12 13 13 13 13 12 12 12 12 12 13 13 13 13 13 13 13 5 5 5 12 12 13 13 13 12 12 12 5 5 5 5 5 5 5 5 5 5 12 12 12 12 12 4 5 14 14 14 14 14 11 4 5 5
11 11 12 12 12 12 11 11 4 4 4 11 11 11 6 6 11 11 11 11 12 12 5 12 12 12 12 12 12 13 13 13 13 12 12 12 12 12 12 12 11 11 3 3 4 4 12 4 4 4 4 4 4 4 4 4 11 11 11 7 7 7 7 7 7 12 12 12 12 12 5 5 5 5 5 5 5 12 12 5 5 5 5 5 5 5 5 5 5 12 12 12 6 12 5 6 6 6 12 12 12 12 12 12 12 12 12 5 5 5 5 5 5 5 5 5 11 11 12 12 12 12 12 5 2 2 0 11 11 11 11 12 12 13 13 12 12 12 12 12 12 12 12 12 12 12 12 13 13 13 13 12 12 12 12 12 13 13 13 13 13 13 13 5 5 5 12 12 13 13 13 12 12 12 5 5 5 5 5 5 5 5 5 5 12 12 12 12 12 4 5 14 14 14 14 14 11 4 5 5
4 4 9 9 9 10 8 8 9 9 9 8 8 9 10 10 6 6 6 6 9 9 10 11 11 11 11 3 3 10 10 10 10 8 7 7 8 8 8 8 8 8 10 10 11 11 10 11 11 11 11 11 11 11 11 11 8 8 8 11 11 11 11 11 11 9 9 9 9 8 9 9 9 9 9 9 9 11 11 10 10 10 10 10 12 12 12 12 12 11 11 11 10 9 6 11 11 11 9 9 9 9 9 9 9 9 9 9 9 9 9 9 9 9 7 7 6 6 4 4 4 4 4 12 11 11 11 0 2 2 2 6 6 12 12 5 5 5 5 5 5 5 5 4 4 4 4 11 11 11 11 10 10 10 10 10 11 11 11 11 11 11 12 12 12 12 5 5 11 11 11 9 9 9 9 9 9 9 9 9 9 9 9 9 9 9 9 9 9 11 9 11 11 11 11 11 2 11 12 12
4 4 9 9 9 10 8 8 9 9 9 8 8 9 10 10 6 6 6 6 9 9 10 11 11 11 11 3 3 10 10 10 10 8 7 7 8 8 8 8 8 8 10 10 11 11 10 11 11 11 11 11 11 11 11 11 8 8 8 11 11 11 11 11 11 9 9 9 9 8 9 9 9 9 9 9 9 11 11 10 10 10 10 10 12 12 12 12 12 11 11 11 10 9 6 11 11 11 9 9 9 9 9 9 9 9 9 9 9 9 9 9 9 9 7 7 6 6 4 4 4 4 4 12 11 11 11 2 0 2 2 6 6 12 12 5 5 5 5 5 5 5 5 4 4 4 4 11 11 11 11 10 10 10 10 10 11 11 11 11 11 11 12 12 12 12 5 5 11 11 11 9 9 9 9 9 9 9 9 9 9 9 9 9 9 9 9 9 9 11 9 11 11 11 11 11 2 11 12 12
4 4 9 9 9 10 8 8 9 9 9 8 8 9 10 10 6 6 6 6 9 9 10 11 11 11 11 3 3 10 10 10 10 8 7 7 8 8 8 8 8 8 10 10 11 11 10 11 11 11 11 11 11 11 11 11 8 8 8 11 11 11 11 11 11 9 9 9 9 8 9 9 9 9 9 9 9 11 11 10 10 10 10 10 12 12 12 12 12 11 11 11 10 9 6 11 11 11 9 9 9 9 9 9 9 9 9 9 9 9 9 9 9 9 7 7 6 6 4 4 4 4 4 12 11 11 11 2 2 0 2 6 6 12 12 5 5 5 5 5 5 5 5 4 4 4 4 11 11 11 11 10 10 10 10 10 11 11 11 11 11 11 12 12 12 12 5 5 11 11 11 9 9 9 9 9 9 9 9 9 9 9 9 9 9 9 9 9 9 11 9 11 11 11 11 11 2 11 12 12
4 4 9 9 9 10 8 8 9 9 9 8 8 9 10 10 6 6 6 6 9 9 10 11 11 11 11 3 3 10 10 10 10 8 7 7 8 8 8 8 8 8 10 10 11 11 10 11 11 11 11 11 11 11 11 11 8 8 8 11 11 11 11 11 11 9 9 9 9 8 9 9 9 9 9 9 9 11 11 10 10 10 10 10 12 12 12 12 12 11 11 11 10 9 6 11 11 11 9 9 9 9 9 9 9 9 9 9 9 9 9 9 9 9 7 7 6 6 4 4 4 4 4 12 11 11 11 2 2 2 0 6 6 12 12 5 5 5 5 5 5 5 5 4 4 4 4 11 11 11 11 10 10 10 10 10 11 11 11 11 11 11 12 12 12 12 5 5 11 11 11 9 9 9 9 9 9 9 9 9 9 9 9 9 9 9 9 9 9 11 9 11 11 11 11 11 2 11 12 12
5 5 9 9 9 10 7 7 9 9 9 7 7 8 10 10 4 4 4 4 7 7 11 12 12 12 12 5 5 7 7 7 7 8 8 8 8 8 8 8 3 3 11 11 12 12 10 7 7 7 7 7 9 9 9 9 7 7 7 11 11 11 11 11 11 3 3 3 3 8 8 8 8 8 8 8 8 7 7 10 10 10 10 10 8 8 8 8 8 12 12 12 8 8 6 12 12 12 8 8 8 8 8 8 8 8 8 4 4 4 4 4 4 4 5 5 4 4 6 6 6 6 6 13 12 12 12 6 6 6 6 0 2 13 13 6 6 6 6 6 6 6 6 6 6 6 6 11 11 11 11 9 9 9 9 9 11 11 11 11 11 11 13 10 10 10 5 5 11 11 11 11 11 11 4 4 4 4 4 4 4 4 4 4 8 8 8 8 8 12 8 8 8 8 8 8 4 11 8 8
5 5 9 9 9 10 7 7 9 9 9 7 7 8 10 10 4 4 4 4 7 7 11 12 12 12 12 5 5 7 7 7 7 8 8 8 8 8 8 8 3 3 11 11 12 12 10 7 7 7 7 7 9 9 9 9 7 7 7 11 11 11 11 11 11 3 3 3 3 8 8 8 8 8 8 8 8 7 7 10 10 10 10 10 8 8 8 8 8 12 12 12 8 8 6 12 12 12 8 8 8 8 8 8 8 8 8 4 4 4 4 4 4 4 5 5 4 4 6 6 6 6 6 13 12 12 12 6 6 6 6 2 0 13 13 6 6 6 6 6 6 6 6 6 6 6 6 11 11 11 11 9 9 9 9 9 11 11 11 11 11 11 13 10 10 10 5 5 11 11 11 11 11 11 4 4 4 4 4 4 4 4 4 4 8 8 8 8 8 12 8 8 8 8 8 8 4 11 8 8
12 12 13 13 13 13 8 8 13 13 13 12 12 6 9 9 12 12 12 12 9 9 5 3 1 3 3 17 17 18 18 18 18 13 13 13 13 13 13 13 12 12 12 12 13 13 13 5 5 5 5 5 13 13 13 13 5 5 5 10 10 10 10 10 10 13 13 13 13 13 6 6 6 6 6 6 6 5 5 14 14 14 14 14 6 6 6 6 6 5 5 5 10 5 8 13 13 13 6 6 6 6 6 6 6 6 6 6 6 6 6 6 6 6 6 6 12 12 13 13 13 13 13 14 13 13 13 12 12 12 12 13 13 0 2 10 10 10 10 10 10 10 10 13 13 13 13 14 14 14 14 6 6 6 6 6 14 14 14 14 14 14 4 14 14 14 13 13 14 14 14 13 13 13 13 13 13 13 13 13 13 13 13 13 6 6 6 6 6 13 6 19 19 19 19 19 12 13 6 6
12 12 13 13 13 13 8 8 13 13 13 12 12 6 9 9 12 12 12 12 9 9 5 3 1 3 3 17 17 18 18 18 18 13 13 13 13 13 13 13 12 12 12 12 13 13 13 5 5 5 5 5 13 13 13 13 5 5 5 10 10 10 10 10 10 13 13 13 13 13 6 6 6 6 6 6 6 5 5 14 14 14 14 14 6 6 6 6 6 5 5 5 10 5 8 13 13 13 6 6 6 6 6 6 6 6 6 6 6 6 6 6 6 6 6 6 12 12 13 13 13 13 13 14 13 13 13 12 12 12 12 13 13 2 0 10 10 10 10 10 10 10 10 13 13 13 13 14 14 14 14 6 6 6 6 6 14 14 14 14 14 14 4 14 14 14 13 13 14 14 14 13 13 13 13 13 13 13 13 13 13 13 13 13 6 6 6 6 6 13 6 19 19 19 19 19 12 13 6 6
1 3 10 10 10 10 7 7 10 10 10 6 6 7 5 5 4 4 4 4 3 3 9 9 9 9 9 4 4 7 7 7 7 9 8 8 9 9 9 9 5 5 11 11 12 12 10 7 7 7 7 7 8 8 8 8 7 7 7 6 6 6 6 6 6 7 7 7 7 7 8 8 8 8 8 8 8 7 7 11 11 11 11 11 8 8 8 8 8 9 9 9 4 8 7 12 12 12 8 8 8 8 8 8 8 8 8 6 6 6 6 6 6 6 5 5 7 7 5 5 5 5 5 13 12 12 12 5 5 5 5 6 6 10 10 0 2 2 2 2 2 2 2 5 5 5 5 11 11 11 11 8 8 8 8 8 11 11 11 11 11 11 10 9 9 9 4 4 11 11 11 10 10 10 6 6 6 6 6 6 6 6 6 6 8 8 8 8 8 12 8 8 8 8 8 8 5 11 8 8
1 3 10 10 10 10 7 7 10 10 10 6 6 7 5 5 4 4 4 4 3 3 9 9 9 9 9 4 4 7 7 7 7 9 8 8 9 9 9 9 5 5 11 11 12 12 10 7 7 7 7 7 8 8 8 8 7 7 7 6 6 6 6 6 6 7 7 7 7 7 8 8 8 8 8 8 8 7 7 11 11 11 11 11 8 8 8 8 8 9 9 9 4 8 7 12 12 12 8 8 8 8 8 8 8 8 8 6 6 6 6 6 6 6 5 5 7 7 5 5 5 5 5 13 12 12 12 5 5 5 5 6 6 10 10 2 0 2 2 2 2 2 2 5 5 5 5 11 11 11 11 8 8 8 8 8 11 11 11 11 11 11 10 9 9 9 4 4 11 11 11 10 10 10 6 6 6 6 6 6 6 6 6 6 8 8 8 8 8 12 8 8 8 8 8 8 5 11 8 8
1 3 10 10 10 10 7 7 10 10 10 6 6 7 5 5 4 4 4 4 3 3 9 9 9 9 9 4 4 7 7 7 7 9 8 8 9 9 9 9 5 5 11 11 12 12 10 7 7 7 7 7 8 8 8 8 7 7 7 6 6 6 6 6 6 7 7 7 7 7 8 8 8 8 8 8 8 7 7 11 11 11 11 11 8 8 8 8 8 9 9 9 4 8 7 12 12 12 8 8 8 8 8 8 8 8 8 6 6 6 6 6 6 6 5 5 7 7 5 5 5 5 5 13 12 12 12 5 5 5 5 6 6 10 10 2 2 0 2 2 2 2 2 5 5 5 5 11 11 11 11 8 8 8 8 8 11 11 11 11 11 11 10 9 9 9 4 4 11 11 11 10 10 10 6 6 6 6 6 6 6 6 6 6 8 8 8 8 8 12 8 8 8 8 8 8 5 11 8 8
1 3 10 10 10 10 7 7 10 10 10 6 6 7 5 5 4 4 4 4 3 3 9 9 9 9 9 4 4 7 7 7 7 9 8 8 9 9 9 9 5 5 11 11 12 12 10 7 7 7 7 7 8 8 8 8 7 7 7 6 6 6 6 6 6 7 7 7 7 7 8 8 8 8 8 8 8 7 7 11 11 11 11 11 8 8 8 8 8 9 9 9 4 8 7 12 12 12 8 8 8 8 8 8 8 8 8 6 6 6 6 6 6 6 5 5 7 7 5 5 5 5 5 13 12 12 12 5 5 5 5 6 6 10 10 2 2 2 0 2 2 2 2 5 5 5 5 11 11 11 11 8 8 8 8 8 11 11 11 11 11 11 10 9 9 9 4 4 11 11 11 10 10 10 6 6 6 6 6 6 6 6 6 6 8 8 8 8 8 12 8 8 8 8 8 8 5 11 8 8
1 3 10 10 10 10 7 7 10 10 10 6 6 7 5 5 4 4 4 4 3 3 9 9 9 9 9 4 4 7 7 7 7 9 8 8 9 9 9 9 5 5 11 11 12 12 10 7 7 7 7 7 8 8 8 8 7 7 7 6 6 6 6 6 6 7 7 7 7 7 8 8 8 8 8 8 8 7 7 11 11 11 11 11 8 8 8 8 8 9 9 9 4 8 7 12 12 12 8 8 8 8 8 8 8 8 8 6 6 6 6 6 6 6 5 5 7 7 5 5 5 5 5 13 12 12 12 5 5 5 5 6 6 10 10 2 2 2 2 0 2 2 2 5 5 5 5 11 11 11 11 8 8 8 8 8 11 11 11 11 11 11 10 9 9 9 4 4 11 11 11 10 10 10 6 6 6 6 6 6 6 6 6 6 8 8 8 8 8 12 8 8 8 8 8 8 5 11 8 8
1 3 10 10 10 10 7 7 10 10 10 6 6 7 5 5 4 4 4 4 3 3 9 9 9 9 9 4 4 7 7 7 7 9 8 8 9 9 9 9 5 5 11 11 12 12 10 7 7 7 7 7 8 8 8 8 7 7 7 6 6 6 6 6 6 7 7 7 7 7 8 8 8 8 8 8 8 7 7 11 11 11 11 11 8 8 8 8 8 9 9 9 4 8 7 12 12 12 8 8 8 8 8 8 8 8 8 6 6 6 6 6 6 6 5 5 7 7 5 5 5 5 5 13 12 12 12 5 5 5 5 6 6 10 10 2 2 2 2 2 0 2 2 5 5 5 5 11 11 11 11 8 8 8 8 8 11 11 11 11 11 11 10 9 9 9 4 4 11 11 11 10 10 10 6 6 6 6 6 6 6 6 6 6 8 8 8 8 8 12 8 8 8 8 8 8 5 11 8 8
1 3 10 10 10 10 7 7 10 10 10 6 6 7 5 5 4 4 4 4 3 3 9 9 9 9 9 4 4 7 7 7 7 9 8 8 9 9 9 9 5 5 11 11 12 12 10 7 7 7 7 7 8 8 8 8 7 7 7 6 6 6 6 6 6 7 7 7 7 7 8 8 8 8 8 8 8 7 7 11 11 11 11 11 8 8 8 8 8 9 9 9 4 8 7 12 12 12 8 8 8 8 8 8 8 8 8 6 6 6 6 6 6 6 5 5 7 7 5 5 5 5 5 13 12 12 12 5 5 5 5 6 6 10 10 2 2 2 2 2 2 0 2 5 5 5 5 11 11 11 11 8 8 8 8 8 11 11 11 11 11 11 10 9 9 9 4 4 11 11 11 10 10 10 6 6 6 6 6 6 6 6 6 6 8 8 8 8 8 12 8 8 8 8 8 8 5 11 8 8
1 3 10 10 10 10 7 7 10 10 10 6 6 7 5 5 4 4 4 4 3 3 9 9 9 9 9 4 4 7 7 7 7 9 8 8 9 9 9 9 5 5 11 11 12 12 10 7 7 7 7 7 8 8 8 8 7 7 7 6 6 6 6 6 6 7 7 7 7 7 8 8 8 8 8 8 8 7 7 11 11 11 11 11 8 8 8 8 8 9 9 9 4 8 7 12 12 12 8 8 8 8 8 8 8 8 8 6 6 6 6 6 6 6 5 5 7 7 5 5 5 5 5 13 12 12 12 5 5 5 5 6 6 10 10 2 2 2 2 2 2 2 0 5 5 5 5 11 11 11 11 8 8 8 8 8 11 11 11 11 11 11 10 9 9 9 4 4 11 11 11 10 10 10 6 6 6 6 6 6 6 6 6 6 8 8 8 8 8 12 8 8 8 8 8 8 5 11 8 8
4 4 9 9 9 10 6 6 9 9 9 3 1 6 10 10 6 6 6 6 6 6 11 12 12 12 12 3 1 10 10 10 10 8 8 8 8 8 8 8 7 7 11 11 12 12 10 11 11 11 11 11 7 7 7 7 8 8 8 11 11 11 11 11 11 8 8 8 8 4 9 9 9 9 9 9 9 11 11 10 10 10 10 10 12 12 12 12 12 12 12 12 7 7 6 12 12 12 9 9 9 9 9 9 9 9 9 8 8 8 8 8 8 8 7 7 6 6 4 4 4 4 4 13 12 12 12 4 4 4 4 6 6 13 13 5 5 5 5 5 5 5 5 0 2 2 2 11 11 11 11 7 7 7 7 7 11 11 11 11 11 11 13 8 8 8 5 5 11 11 11 9 9 9 8 8 8 8 8 8 8 8 8 8 9 9 9 9 9 12 8 11 11 11 11 11 4 11 12 12
4 4 9 9 9 10 6 6 9 9 9 3 1 6 10 10 6 6 6 6 6 6 11 12 12 12 12 3 1 10 10 10 10 8 8 8 8 8 8 8 7 7 11 11 12 12 10 11 11 11 11 11 7 7 7 7 8 8 8 11 11 11 11 11 11 8 8 8 8 4 9 9 9 9 9 9 9 11 11 10 10 10 10 10 12 12 12 12 12 12 12 12 7 7 6 12 12 12 9 9 9 9 9 9 9 9 9 8 8 8 8 8 8 8 7 7 6 6 4 4 4 4 4 13 12 12 12 4 4 4 4 6 6 13 13 5 5 5 5 5 5 5 5 2 0 2 2 11 11 11 11 7 7 7 7 7 11 11 11 11 11 11 13 8 8 8 5 5 11 11 11 9 9 9 8 8 8 8 8 8 8 8 8 8 9 9 9 9 9 12 8 11 11 11 11 11 4 11 12 12
4 4 9 9 9 10 6 6 9 9 9 3 1 6 10 10 6 6 6 6 6 6 11 12 12 12 12 3 1 10 10 10 10 8 8 8 8 8 8 8 7 7 11 11 12 12 10 11 11 11 11 11 7 7 7 7 8 8 8 11 11 11 11 11 11 8 8 8 8 4 9 9 9 9 9 9 9 11 11 10 10 10 10 10 12 12 12 12 12 12 12 12 7 7 6 12 12 12 9 9 9 9 9 9 9 9 9 8 8 8 8 8 8 8 7 7 6 6 4 4 4 4 4 13 12 12 12 4 4 4 4 6 6 13 13 5 5 5 5 5 5 5 5 2 2 0 2 11 11 11 11 7 7 7 7 7 11 11 11 11 11 11 13 8 8 8 5 5 11 11 11 9 9 9 8 8 8 8 8 8 8 8 8 8 9 9 9 9 9 12 8 11 11 11 11 11 4 11 12 12
4 4 9 9 9 10 6 6 9 9 9 3 1 6 10 10 6 6 6 6 6 6 11 12 12 12 12 3 1 10 10 10 10 8 8 8 8 8 8 8 7 7 11 11 12 12 10 11 11 11 11 11 7 7 7 7 8 8 8 11 11 11 11 11 11 8 8 8 8 4 9 9 9 9 9 9 9 11 11 10 10 10 10 10 12 12 12 12 12 12 12 12 7 7 6 12 12 12 9 9 9 9 9 9 9 9 9 8 8 8 8 8 8 8 7 7 6 6 4 4 4 4 4 13 12 12 12 4 4 4 4 6 6 13 13 5 5 5 5 5 5 5 5 2 2 2 0 11 11 11 11 7 7 7 7 7 11 11 11 11 11 11 13 8 8 8 5 5 11 11 11 9 9 9 8 8 8 8 8 8 8 8 8 8 9 9 9 9 9 12 8 11 11 11 11 11 4 11 12 12
10 10 8 8 8 3 10 10 13 13 13 10 10 11 11 11 11 11 11 11 11 11 12 13 13 13 13 10 10 13 13 13 13 9 7 7 5 5 5 5 10 10 12 12 13 13 5 8 8 8 8 8 12 12 12 12 8 8 8 12 12 12 12 12 12 11 11 11 11 8 6 6 6 6 6 6 6 8 8 14 14 14 14 14 9 9 9 9 9 13 13 13 12 11 11 13 13 13 9 9 9 9 9 9 9 9 9 9 9 9 9 9 9 9 9 9 11 11 11 11 11 11 11 14 13 13 13 11 11 11 11 11 11 14 14 11 11 11 11 11 11 11 11 11 11 11 11 0 2 2 2 12 12 12 12 12 4 4 4 4 4 4 14 13 13 13 11 11 6 6 6 6 6 6 11 11 11 11 11 11 11 11 11 11 9 9 9 9 9 13 9 14 14 14 14 14 11 4 9 9
10 10 8 8 8 3 10 10 13 13 13 10 10 11 11 11 11 11 11 11 11 11 12 13 13 13 13 10 10 13 13 13 13 9 7 7 5 5 5 5 10 10 12 12 13 13 5 8 8 8 8 8 12 12 12 12 8 8 8 12 12 12 12 12 12 11 11 11 11 8 6 6 6 6 6 6 6 8 8 14 14 14 14 14 9 9 9 9 9 13 13 13 12 11 11 13 13 13 9 9 9 9 9 9 9 9 9 9 9 9 9 9 9 9 9 9 11 11 11 11 11 11 11 14 13 13 13 11 11 11 11 11 11 14 14 11 11 11 11 11 11 11 11 11 11 11 11 2 0 2 2 12 12 12 12 12 4 4 4 4 4 4 14 13 13 13 11 11 6 6 6 6 6 6 11 11 11 11 11 11 11 11 11 11 9 9 9 9 9 13 9 14 14 14 14 14 11 4 9 9
10 10 8 8 8 3 10 10 13 13 13 10 10 11 11 11 11 11 11 11 11 11 12 13 13 13 13 10 10 13 13 13 13 9 7 7 5 5 5 5 10 10 12 12 13 13 5 8 8 8 8 8 12 12 12 12 8 8 8 12 12 12 12 12 12 11 11 11 11 8 6 6 6 6 6 6 6 8 8 14 14 14 14 14 9 9 9 9 9 13 13 13 12 11 11 13 13 13 9 9 9 9 9 9 9 9 9 9 9 9 9 9 9 9 9 9 11 11 11 11 11 11 11 14 13 13 13 11 11 11 11 11 11 14 14 11 11 11 11 11 11 11 11 11 11 11 11 2 2 0 2 12 12 12 12 12 4 4 4 4 4 4 14 13 13 13 11 11 6 6 6 6 6 6 11 11 11 11 11 11 11 11 11 11 9 9 9 9 9 13 9 14 14 14 14 14 11 4 9 9
10 10 8 8 8 3 10 10 13 13 13 10 10 11 11 11 11 11 11 11 11 11 12 13 13 13 13 10 10 13 13 13 13 9 7 7 5 5 5 5 10 10 12 12 13 13 5 8 8 8 8 8 12 12 12 12 8 8 8 12 12 12 12 12 12 11 11 11 11 8 6 6 6 6 6 6 6 8 8 14 14 14 14 14 9 9 9 9 9 13 13 13 12 11 11 13 13 13 9 9 9 9 9 9 9 9 9 9 9 9 9 9 9 9 9 9 11 11 11 11 11 11 11 14 13 13 13 11 11 11 11 11 11 14 14 11 11 11 11 11 11 11 11 11 11 11 11 2 2 2 0 12 12 12 12 12 4 4 4 4 4 4 14 13 13 13 11 11 6 6 6 6 6 6 11 11 11 11 11 11 11 11 11 11 9 9 9 9 9 13 9 14 14 14 14 14 11 4 9 9
8 8 10 10 10 11 7 7 11 11 11 6 6 3 8 8 10 10 10 10 7 7 5 5 5 5 5 9 9 13 13 13 13 7 9 9 7 7 7 7 8 8 11 11 12 12 11 5 5 5 5 5 8 8 8 8 5 5 5 9 9 9 9 9 9 9 9 9 9 7 6 6 6 6 6 6 6 5 5 12 12 12 12 12 6 6 6 6 6 3 3 3 8 3 7 12 12 12 6 6 6 6 6 6 6 6 6 6 6 6 6 6 6 6 6 6 10 10 7 7 7 7 7 13 12 12 12 10 10 10 10 9 9 6 6 8 8 8 8 8 8 8 8 7 7 7 7 12 12 12 12 0 2 2 2 2 12 12 12 12 12 12 6 9 9 9 9 9 12 12 12 10 10 10 9 9 9 9 9 9 9 9 9 9 6 6 6 6 6 12 6 14 14 14 14 14 9 12 6 6
8 8 10 10 10 11 7 7 11 11 11 6 6 3 8 8 10 10 10 10 7 7 5 5 5 5 5 9 9 13 13 13 13 7 9 9 7 7 7 7 8 8 11 11 12 12 11 5 5 5 5 5 8 8 8 8 5 5 5 9 9 9 9 9 9 9 9 9 9 7 6 6 6 6 6 6 6 5 5 12 12 12 12 12 6 6 6 6 6 3 3 3 8 3 7 12 12 12 6 6 6 6 6 6 6 6 6 6 6 6 6 6 6 6 6 6 10 10 7 7 7 7 7 13 12 12 12 10 10 10 10 9 9 6 6 8 8 8 8 8 8 8 8 7 7 7 7 12 12 12 12 2 0 2 2 2 12 12 12 12 12 12 6 9 9 9 9 9 12 12 12 10 10 10 9 9 9 9 9 9 9 9 9 9 6 6 6 6 6 12 6 14 14 14 14 14 9 12 6 6
8 8 10 10 10 11 7 7 11 11 11 6 6 3 8 8 10 10 10 10 7 7 5 5 5 5 5 9 9 13 13 13 13 7 9 9 7 7 7 7 8 8 11 11 12 12 11 5 5 5 5 5 8 8 8 8 5 5 5 9 9 9 9 9 9 9 9 9 9 7 6 6 6 6 6 6 6 5 5 12 12 12 12 12 6 6 6 6 6 3 3 3 8 3 7 12 12 12 6 6 6 6 6 6 6 6 6 6 6 6 6 6 6 6 6 6 10 10 7 7 7 7 7 13 12 12 12 10 10 10 10 9 9 6 6 8 8 8 8 8 8 8 8 7 7 7 7 12 12 12 12 2 2 0 2 2 12 12 12 12 12 12 6 9 9 9 9 9 12 12 12 10 10 10 9 9 9 9 9 9 9 9 9 9 6 6 6 6 6 12 6 14 14 14 14 14 9 12 6 6
8 8 10 10 10 11 7 7 11 11 11 6 6 3 8 8 10 10 10 10 7 7 5 5 5 5 5 9 9 13 13 13 13 7 9 9 7 7 7 7 8 8 11 11 12 12 11 5 5 5 5 5 8 8 8 8 5 5 5 9 9 9 9 9 9 9 9 9 9 7 6 6 6 6 6 6 6 5 5 12 12 12 12 12 6 6 6 6 6 3 3 3 8 3 7 12 12 12 6 6 6 6 6 6 6 6 6 6 6 6 6 6 6 6 6 6 10 10 7 7 7 7 7 13 12 12 12 10 10 10 10 9 9 6 6 8 8 8 8 8 8 8 8 7 7 7 7 12 12 12 12 2 2 2 0 2 12 12 12 12 12 12 6 9 9 9 9 9 12 12 12 10 10 10 9 9 9 9 9 9 9 9 9 9 6 6 6 6 6 12 6 14 14 14 14 14 9 12 6 6
8 8 10 10 10 11 7 7 11 11 11 6 6 3 8 8 10 10 10 10 7 7 5 5 5 5 5 9 9 13 13 13 13 7 9 9 7 7 7 7 8 8 11 11 12 12 11 5 5 5 5 5 8 8 8 8 5 5 5 9 9 9 9 9 9 9 9 9 9 7 6 6 6 6 6 6 6 5 5 12 12 12 12 12 6 6 6 6 6 3 3 3 8 3 7 12 12 12 6 6 6 6 6 6 6 6 6 6 6 6 6 6 6 6 6 6 10 10 7 7 7 7 7 13 12 12 12 10 10 10 10 9 9 6 6 8 8 8 8 8 8 8 8 7 7 7 7 12 12 12 12 2 2 2 2 0 12 12 12 12 12 12 6 9 9 9 9 9 12 12 12 10 10 10 9 9 9 9 9 9 9 9 9 9 6 6 6 6 6 12 6 14 14 14 14 14 9 12 6 6
10 10 8 8 8 1 10 10 13 13 13 10 10 11 11 11 11 11 11 11 11 11 12 13 13 13 13 10 10 13 13 13 13 9 7 7 5 5 5 5 10 10 12 12 13 13 5 8 8 8 8 8 12 12 12 12 8 8 8 12 12 12 12 12 12 11 11 11 11 8 6 6 6 6 6 6 6 8 8 14 14 14 14 14 9 9 9 9 9 13 13 13 12 11 11 13 13 13 9 9 9 9 9 9 9 9 9 9 9 9 9 9 9 9 9 9 11 11 11 11 11 11 11 14 13 13 13 11 11 11 11 11 11 14 14 11 11 11 11 11 11 11 11 11 11 11 11 4 4 4 4 12 12 12 12 12 0 2 2 2 2 2 14 13 13 13 11 11 6 6 6 6 6 6 11 11 11 11 11 11 11 11 11 11 9 9 9 9 9 13 9 14 14 14 14 14 11 4 9 9
10 10 8 8 8 1 10 10 13 13 13 10 10 11 11 11 11 11 11 11 11 11 12 13 13 13 13 10 10 13 13 13 13 9 7 7 5 5 5 5 10 10 12 12 13 13 5 8 8 8 8 8 12 12 12 12 8 8 8 12 12 12 12 12 12 11 11 11 11 8 6 6 6 6 6 6 6 8 8 14 14 14 14 14 9 9 9 9 9 13 13 13 12 11 11 13 13 13 9 9 9 9 9 9 9 9 9 9 9 9 9 9 9 9 9 9 11 11 11 11 11 11 11 14 13 13 13 11 11 11 11 11 11 14 14 11 11 11 11 11 11 11 11 11 11 11 11 4 4 4 4 12 12 12 12 12 2 0 2 2 2 2 14 13 13 13 11 11 6 6 6 6 6 6 11 11 11 11 11 11 11 11 11 11 9 9 9 9 9 13 9 14 14 14 14 14 11 4 9 9
10 10 8 8 8 1 10 10 13 13 13 10 10 11 11 11 11 11 11 11 11 11 12 13 13 13 13 10 10 13 13 13 13 9 7 7 5 5 5 5 10 10 12 12 13 13 5 8 8 8 8 8 12 12 12 12 8 8 8 12 12 12 12 12 12 11 11 11 11 8 6 6 6 6 6 6 6 8 8 14 14 14 14 14 9 9 9 9 9 13 13 13 12 11 11 13 13 13 9 9 9 9 9 9 9 9 9 9 9 9 9 9 9 9 9 9 11 11 11 11 11 11 11 14 13 13 13 11 11 11 11 11 11 14 14 11 11 11 11 11 11 11 11 11 11 11 11 4 4 4 4 12 12 12 12 12 2 2 0 2 2 2 14 13 13 13 11 11 6 6 6 6 6 6 11 11 11 11 11 11 11 11 11 11 9 9 9 9 9 13 9 14 14 14 14 14 11 4 9 9
10 10 8 8 8 1 10 10 13 13 13 10 10 11 11 11 11 11 11 11 11 11 12 13 13 13 13 10 10 13 13 13 13 9 7 7 5 5 5 5 10 10 12 12 13 13 5 8 8 8 8 8 12 12 12 12 8 8 8 12 12 12 12 12 12 11 11 11 11 8 6 6 6 6 6 6 6 8 8 14 14 14 14 14 9 9 9 9 9 13 13 13 12 11 11 13 13 13 9 9 9 9 9 9 9 9 9 9 9 9 9 9 9 9 9 9 11 11 11 11 11 11 11 14 13 13 13 11 11 11 11 11 11 14 14 11 11 11 11 11 11 11 11 11 11 11 11 4 4 4 4 12 12 12 12 12 2 2 2 0 2 2 14 13 13 13 11 11 6 6 6 6 6 6 11 11 11 11 11 11 11 11 11 11 9 9 9 9 9 13 9 14 14 14 14 14 11 4 9 9
10 10 8 8 8 1 10 10 13 13 13 10 10 11 11 11 11 11 11 11 11 11 12 13 13 13 13 10 10 13 13 13 13 9 7 7 5 5 5 5 10 10 12 12 13 13 5 8 8 8 8 8 12 12 12 12 8 8 8 12 12 12 12 12 12 11 11 11 11 8 6 6 6 6 6 6 6 8 8 14 14 14 14 14 9 9 9 9 9 13 13 13 12 11 11 13 13 13 9 9 9 9 9 9 9 9 9 9 9 9 9 9 9 9 9 9 11 11 11 11 11 11 11 14 13 13 13 11 11 11 11 11 11 14 14 11 11 11 11 11 11 11 11 11 11 11 11 4 4 4 4 12 12 12 12 12 2 2 2 2 0 2 14 13 13 13 11 11 6 6 6 6 6 6 11 11 11 11 11 11 11 11 11 11 9 9 9 9 9 13 9 14 14 14 14 14 11 4 9 9
10 10 8 8 8 1 10 10 13 13 13 10 10 11 11 11 11 11 11 11 11 11 12 13 13 13 13 10 10 13 13 13 13 9 7 7 5 5 5 5 10 10 12 12 13 13 5 8 8 8 8 8 12 12 12 12 8 8 8 12 12 12 12 12 12 11 11 11 11 8 6 6 6 6 6 6 6 8 8 14 14 14 14 14 9 9 9 9 9 13 13 13 12 11 11 13 13 13 9 9 9 9 9 9 9 9 9 9 9 9 9 9 9 9 9 9 11 11 11 11 11 11 11 14 13 13 13 11 11 11 11 11 11 14 14 11 11 11 11 11 11 11 11 11 11 11 11 4 4 4 4 12 12 12 12 12 2 2 2 2 2 0 14 13 13 13 11 11 6 6 6 6 6 6 11 11 11 11 11 11 11 11 11 11 9 9 9 9 9 13 9 14 14 14 14 14 11 4 9 9
12 12 13 13 13 13 8 8 13 13 13 12 12 6 9 9 12 12 12 12 9 9 5 3 3 1 3 17 17 18 18 18 18 13 13 13 13 13 13 13 12 12 12 12 13 13 13 5 5 5 5 5 13 13 13 13 5 5 5 10 10 10 10 10 10 13 13 13 13 13 6 6 6 6 6 6 6 5 5 14 14 14 14 14 6 6 6 6 6 5 5 5 10 5 8 13 13 13 6 6 6 6 6 6 6 6 6 6 6 6 6 6 6 6 6 6 12 12 13 13 13 13 13 14 13 13 13 12 12 12 12 13 13 4 4 10 10 10 10 10 10 10 10 13 13 13 13 14 14 14 14 6 6 6 6 6 14 14 14 14 14 14 0 14 14 14 13 13 14 14 14 13 13 13 13 13 13 13 13 13 13 13 13 13 6 6 6 6 6 13 6 19 19 19 19 19 12 13 6 6
11 11 9 9 9 12 8 8 5 5 5 7 7 8 7 7 11 11 11 11 8 8 6 13 13 13 13 11 11 12 12 12 12 11 8 8 11 11 11 11 9 9 4 4 1 3 12 5 5 5 5 5 3 3 3 3 8 8 8 8 8 8 8 8 8 9 9 9 9 8 6 6 6 6 6 6 6 13 13 6 6 6 6 6 6 6 6 6 6 13 13 13 7 9 4 7 7 7 9 9 9 9 9 9 9 9 9 6 6 6 6 6 6 6 6 6 11 11 8 8 8 8 8 4 5 5 5 12 12 12 12 10 10 14 14 9 9 9 9 9 9 9 9 8 8 8 8 13 13 13 13 9 9 9 9 9 13 13 13 13 13 13 14 0 2 2 12 12 13 13 13 9 9 9 4 4 4 4 4 4 4 4 4 4 9 9 9 9 9 5 4 13 13 13 13 13 10 5 6 6
11 11 9 9 9 12 8 8 5 5 5 7 7 8 7 7 11 11 11 11 8 8 6 13 13 13 13 11 11 12 12 12 12 11 8 8 11 11 11 11 9 9 4 4 1 3 12 5 5 5 5 5 3 3 3 3 8 8 8 8 8 8 8 8 8 9 9 9 9 8 6 6 6 6 6 6 6 13 13 6 6 6 6 6 6 6 6 6 6 13 13 13 7 9 4 7 7 7 9 9 9 9 9 9 9 9 9 6 6 6 6 6 6 6 6 6 11 11 8 8 8 8 8 4 5 5 5 12 12 12 12 10 10 14 14 9 9 9 9 9 9 9 9 8 8 8 8 13 13 13 13 9 9 9 9 9 13 13 13 13 13 13 14 2 0 2 12 12 13 13 13 9 9 9 4 4 4 4 4 4 4 4 4 4 9 9 9 9 9 5 4 13 13 13 13 13 10 5 6 6
11 11 9 9 9 12 8 8 5 5 5 7 7 8 7 7 11 11 11 11 8 8 6 13 13 13 13 11 11 12 12 12 12 11 8 8 11 11 11 11 9 9 4 4 1 3 12 5 5 5 5 5 3 3 3 3 8 8 8 8 8 8 8 8 8 9 9 9 9 8 6 6 6 6 6 6 6 13 13 6 6 6 6 6 6 6 6 6 6 13 13 13 7 9 4 7 7 7 9 9 9 9 9 9 9 9 9 6 6 6 6 6 6 6 6 6 11 11 8 8 8 8 8 4 5 5 5 12 12 12 12 10 10 14 14 9 9 9 9 9 9 9 9 8 8 8 8 13 13 13 13 9 9 9 9 9 13 13 13 13 13 13 14 2 2 0 12 12 13 13 13 9 9 9 4 4 4 4 4 4 4 4 4 4 9 9 9 9 9 5 4 13 13 13 13 13 10 5 6 6
3 3 8 8 8 10 7 7 8 8 8 7 7 8 11 11 3 1 3 3 4 4 11 12 12 12 12 4 4 6 6 6 6 9 8 8 9 9 9 9 5 5 11 11 12 12 10 6 6 6 6 6 11 11 11 11 6 6 6 12 12 12 12 12 12 6 6 6 6 8 7 7 7 7 7 7 7 6 6 9 9 9 9 9 7 7 7 7 7 12 12 12 5 8 7 12 12 12 7 7 7 7 7 7 7 7 7 6 6 6 6 6 6 6 4 4 5 5 5 5 5 5 5 13 12 12 12 5 5 5 5 5 5 13 13 4 4 4 4 4 4 4 4 5 5 5 5 11 11 11 11 9 9 9 9 9 11 11 11 11 11 11 13 12 12 12 0 2 11 11 11 10 10 10 6 6 6 6 6 6 6 6 6 6 7 7 7 7 7 12 7 7 7 7 7 7 5 11 7 7
3 3 8 8 8 10 7 7 8 8 8 7 7 8 11 11 3 1 3 3 4 4 11 12 12 12 12 4 4 6 6 6 6 9 8 8 9 9 9 9 5 5 11 11 12 12 10 6 6 6 6 6 11 11 11 11 6 6 6 12 12 12 12 12 12 6 6 6 6 8 7 7 7 7 7 7 7 6 6 9 9 9 9 9 7 7 7 7 7 12 12 12 5 8 7 12 12 12 7 7 7 7 7 7 7 7 7 6 6 6 6 6 6 6 4 4 5 5 5 5 5 5 5 13 12 12 12 5 5 5 5 5 5 13 13 4 4 4 4 4 4 4 4 5 5 5 5 11 11 11 11 9 9 9 9 9 11 11 11 11 11 11 13 12 12 12 2 0 11 11 11 10 10 10 6 6 6 6 6 6 6 6 6 6 7 7 7 7 7 12 7 7 7 7 7 7 5 11 7 7
10 10 8 8 8 5 10 10 13 13 13 10 10 11 11 11 11 11 11 11 11 11 12 13 13 13 13 10 10 13 13 13 13 9 7 7 5 5 5 5 10 10 12 12 13 13 3 8 8 8 8 8 12 12 12 12 8 8 8 12 12 12 12 12 12 11 11 11 11 8 6 6 6 6 6 6 6 8 8 14 14 14 14 14 9 9 9 9 9 13 13 13 12 11 11 13 13 13 9 9 9 9 9 9 9 9 9 9 9 9 9 9 9 9 9 9 11 11 11 11 11 11 11 14 13 13 13 11 11 11 11 11 11 14 14 11 11 11 11 11 11 11 11 11 11 11 11 6 6 6 6 12 12 12 12 12 6 6 6 6 6 6 14 13 13 13 11 11 0 2 2 4 4 4 11 11 11 11 11 11 11 11 11 11 9 9 9 9 9 13 9 14 14 14 14 14 11 6 9 9
10 10 8 8 8 5 10 10 13 13 13 10 10 11 11 11 11 11 11 11 11 11 12 13 13 13 13 10 10 13 13 13 13 9 7 7 5 5 5 5 10 10 12 12 13 13 3 8 8 8 8 8 12 12 12 12 8 8 8 12 12 12 12 12 12 11 11 11 11 8 6 6 6 6 6 6 6 8 8 14 14 14 14 14 9 9 9 9 9 13 13 13 12 11 11 13 13 13 9 9 9 9 9 9 9 9 9 9 9 9 9 9 9 9 9 9 11 11 11 11 11 11 11 14 13 13 13 11 11 11 11 11 11 14 14 11 11 11 11 11 11 11 11 11 11 11 11 6 6 6 6 12 12 12 12 12 6 6 6 6 6 6 14 13 13 13 11 11 2 0 2 4 4 4 11 11 11 11 11 11 11 11 11 11 9 9 9 9 9 13 9 14 14 14 14 14 11 6 9 9
10 10 8 8 8 5 10 10 13 13 13 10 10 11 11 11 11 11 11 11 11 11 12 13 13 13 13 10 10 13 13 13 13 9 7 7 5 5 5 5 10 10 12 12 13 13 3 8 8 8 8 8 12 12 12 12 8 8 8 12 12 12 12 12 12 11 11 11 11 8 6 6 6 6 6 6 6 8 8 14 14 14 14 14 9 9 9 9 9 13 13 13 12 11 11 13 13 13 9 9 9 9 9 9 9 9 9 9 9 9 9 9 9 9 9 9 11 11 11 11 11 11 11 14 13 13 13 11 11 11 11 11 11 14 14 11 11 11 11 11 11 11 11 11 11 11 11 6 6 6 6 12 12 12 12 12 6 6 6 6 6 6 14 13 13 13 11 11 2 2 0 4 4 4 11 11 11 11 11 11 11 11 11 11 9 9 9 9 9 13 9 14 14 14 14 14 11 6 9 9
9 9 6 6 6 5 9 9 11 11 11 8 8 9 11 11 11 11 11 11 9 9 11 12 12 12 12 10 10 13 13 13 13 9 7 7 5 5 5 5 10 10 11 11 12 12 1 8 8 8 8 8 8 8 8 8 3 3 3 12 12 12 12 12 12 10 10 10 10 8 6 6 6 6 6 6 6 8 8 12 12 12 12 12 9 9 9 9 9 12 12 12 10 10 11 12 12 12 4 4 4 4 4 4 4 4 4 9 9 9 9 9 9 9 9 9 11 11 9 9 9 9 9 13 12 12 12 9 9 9 9 11 11 13 13 10 10 10 10 10 10 10 10 9 9 9 9 6 6 6 6 10 10 10 10 10 6 6 6 6 6 6 13 9 9 9 10 10 4 4 4 0 2 2 11 11 11 11 11 11 11 11 11 11 4 4 4 4 4 12 4 14 14 14 14 14 9 6 9 9
9 9 6 6 6 5 9 9 11 11 11 8 8 9 11 11 11 11 11 11 9 9 11 12 12 12 12 10 10 13 13 13 13 9 7 7 5 5 5 5 10 10 11 11 12 12 1 8 8 8 8 8 8 8 8 8 3 3 3 12 12 12 12 12 12 10 10 10 10 8 6 6 6 6 6 6 6 8 8 12 12 12 12 12 9 9 9 9 9 12 12 12 10 10 11 12 12 12 4 4 4 4 4 4 4 4 4 9 9 9 9 9 9 9 9 9 11 11 9 9 9 9 9 13 12 12 12 9 9 9 9 11 11 13 13 10 10 10 10 10 10 10 10 9 9 9 9 6 6 6 6 10 10 10 10 10 6 6 6 6 6 6 13 9 9 9 10 10 4 4 4 2 0 2 11 11 11 11 11 11 11 11 11 11 4 4 4 4 4 12 4 14 14 14 14 14 9 6 9 9
9 9 6 6 6 5 9 9 11 11 11 8 8 9 11 11 11 11 11 11 9 9 11 12 12 12 12 10 10 13 13 13 13 9 7 7 5 5 5 5 10 10 11 11 12 12 1 8 8 8 8 8 8 8 8 8 3 3 3 12 12 12 12 12 12 10 10 10 10 8 6 6 6 6 6 6 6 8 8 12 12 12 12 12 9 9 9 9 9 12 12 12 10 10 11 12 12 12 4 4 4 4 4 4 4 4 4 9 9 9 9 9 9 9 9 9 11 11 9 9 9 9 9 13 12 12 12 9 9 9 9 11 11 13 13 10 10 10 10 10 10 10 10 9 9 9 9 6 6 6 6 10 10 10 10 10 6 6 6 6 6 6 13 9 9 9 10 10 4 4 4 2 2 0 11 11 11 11 11 11 11 11 11 11 4 4 4 4 4 12 4 14 14 14 14 14 9 6 9 9
5 5 10 10 10 10 7 7 5 5 5 7 7 8 7 7 6 6 6 6 7 7 6 12 12 12 12 8 8 7 7 7 7 9 8 8 9 9 9 9 3 1 4 4 3 3 10 5 5 5 5 5 5 5 5 5 7 7 7 8 8 8 8 8 8 3 3 3 3 8 6 6 6 6 6 6 6 7 7 6 6 6 6 6 6 6 6 6 6 12 12 12 7 8 4 7 7 7 8 8 8 8 8 8 8 8 8 4 4 4 4 4 4 4 6 6 9 9 8 8 8 8 8 2 5 5 5 9 9 9 9 4 4 13 13 6 6 6 6 6 6 6 6 8 8 8 8 11 11 11 11 9 9 9 9 9 11 11 11 11 11 11 13 4 4 4 6 6 11 11 11 11 11 11 0 2 2 2 2 2 2 2 2 2 8 8 8 8 8 5 6 8 8 8 8 8 4 5 6 6
5 5 10 10 10 10 7 7 5 5 5 7 7 8 7 7 6 6 6 6 7 7 6 12 12 12 12 8 8 7 7 7 7 9 8 8 9 9 9 9 3 1 4 4 3 3 10 5 5 5 5 5 5 5 5 5 7 7 7 8 8 8 8 8 8 3 3 3 3 8 6 6 6 6 6 6 6 7 7 6 6 6 6 6 6 6 6 6 6 12 12 12 7 8 4 7 7 7 8 8 8 8 8 8 8 8 8 4 4 4 4 4 4 4 6 6 9 9 8 8 8 8 8 2 5 5 5 9 9 9 9 4 4 13 13 6 6 6 6 6 6 6 6 8 8 8 8 11 11 11 11 9 9 9 9 9 11 11 11 11 11 11 13 4 4 4 6 6 11 11 11 11 11 11 2 0 2 2 2 2 2 2 2 2 8 8 8 8 8 5 6 8 8 8 8 8 4 5 6 6
5 5 10 10 10 10 7 7 5 5 5 7 7 8 7 7 6 6 6 6 7 7 6 12 12 12 12 8 8 7 7 7 7 9 8 8 9 9 9 9 3 1 4 4 3 3 10 5 5 5 5 5 5 5 5 5 7 7 7 8 8 8 8 8 8 3 3 3 3 8 6 6 6 6 6 6 6 7 7 6 6 6 6 6 6 6 6 6 6 12 12 12 7 8 4 7 7 7 8 8 8 8 8 8 8 8 8 4 4 4 4 4 4 4 6 6 9 9 8 8 8 8 8 2 5 5 5 9 9 9 9 4 4 13 13 6 6 6 6 6 6 6 6 8 8 8 8 11 11 11 11 9 9 9 9 9 11 11 11 11 11 11 13 4 4 4 6 6 11 11 11 11 11 11 2 2 0 2 2 2 2 2 2 2 8 8 8 8 8 5 6 8 8 8 8 8 4 5 6 6
5 5 10 10 10 10 7 7 5 5 5 7 7 8 7 7 6 6 6 6 7 7 6 12 12 12 12 8 8 7 7 7 7 9 8 8 9 9 9 9 3 1 4 4 3 3 10 5 5 5 5 5 5 5 5 5 7 7 7 8 8 8 8 8 8 3 3 3 3 8 6 6 6 6 6 6 6 7 7 6 6 6 6 6 6 6 6 6 6 12 12 12 7 8 4 7 7 7 8 8 8 8 8 8 8 8 8 4 4 4 4 4 4 4 6 6 9 9 8 8 8 8 8 2 5 5 5 9 9 9 9 4 4 13 13 6 6 6 6 6 6 6 6 8 8 8 8 11 11 11 11 9 9 9 9 9 11 11 11 11 11 11 13 4 4 4 6 6 11 11 11 11 11 11 2 2 2 0 2 2 2 2 2 2 8 8 8 8 8 5 6 8 8 8 8 8 4 5 6 6
5 5 10 10 10 10 7 7 5 5 5 7 7 8 7 7 6 6 6 6 7 7 6 12 12 12 12 8 8 7 7 7 7 9 8 8 9 9 9 9 3 1 4 4 3 3 10 5 5 5 5 5 5 5 5 5 7 7 7 8 8 8 8 8 8 3 3 3 3 8 6 6 6 6 6 6 6 7 7 6 6 6 6 6 6 6 6 6 6 12 12 12 7 8 4 7 7 7 8 8 8 8 8 8 8 8 8 4 4 4 4 4 4 4 6 6 9 9 8 8 8 8 8 2 5 5 5 9 9 9 9 4 4 13 13 6 6 6 6 6 6 6 6 8 8 8 8 11 11 11 11 9 9 9 9 9 11 11 11 11 11 11 13 4 4 4 6 6 11 11 11 11 11 11 2 2 2 2 0 2 2 2 2 2 8 8 8 8 8 5 6 8 8 8 8 8 4 5 6 6
5 5 10 10 10 10 7 7 5 5 5 7 7 8 7 7 6 6 6 6 7 7 6 12 12 12 12 8 8 7 7 7 7 9 8 8 9 9 9 9 3 1 4 4 3 3 10 5 5 5 5 5 5 5 5 5 7 7 7 8 8 8 8 8 8 3 3 3 3 8 6 6 6 6 6 6 6 7 7 6 6 6 6 6 6 6 6 6 6 12 12 12 7 8 4 7 7 7 8 8 8 8 8 8 8 8 8 4 4 4 4 4 4 4 6 6 9 9 8 8 8 8 8 2 5 5 5 9 9 9 9 4 4 13 13 6 6 6 6 6 6 6 6 8 8 8 8 11 11 11 11 9 9 9 9 9 11 11 11 11 11 11 13 4 4 4 6 6 11 11 11 11 11 11 2 2 2 2 2 0 2 2 2 2 8 8 8 8 8 5 6 8 8 8 8 8 4 5 6 6
5 5 10 10 10 10 7 7 5 5 5 7 7 8 7 7 6 6 6 6 7 7 6 12 12 12 12 8 8 7 7 7 7 9 8 8 9 9 9 9 3 1 4 4 3 3 10 5 5 5 5 5 5 5 5 5 7 7 7 8 8 8 8 8 8 3 3 3 3 8 6 6 6 6 6 6 6 7 7 6 6 6 6 6 6 6 6 6 6 12 12 12 7 8 4 7 7 7 8 8 8 8 8 8 8 8 8 4 4 4 4 4 4 4 6 6 9 9 8 8 8 8 8 2 5 5 5 9 9 9 9 4 4 13 13 6 6 6 6 6 6 6 6 8 8 8 8 11 11 11 11 9 9 9 9 9 11 11 11 11 11 11 13 4 4 4 6 6 11 11 11 11 11 11 2 2 2 2 2 2 0 2 2 2 8 8 8 8 8 5 6 8 8 8 8 8 4 5 6 6
5 5 10 10 10 10 7 7 5 5 5 7 7 8 7 7 6 6 6 6 7 7 6 12 12 12 12 8 8 7 7 7 7 9 8 8 9 9 9 9 3 1 4 4 3 3 10 5 5 5 5 5 5 5 5 5 7 7 7 8 8 8 8 8 8 3 3 3 3 8 6 6 6 6 6 6 6 7 7 6 6 6 6 6 6 6 6 6 6 12 12 12 7 8 4 7 7 7 8 8 8 8 8 8 8 8 8 4 4 4 4 4 4 4 6 6 9 9 8 8 8 8 8 2 5 5 5 9 9 9 9 4 4 13 13 6 6 6 6 6 6 6 6 8 8 8 8 11 11 11 11 9 9 9 9 9 11 11 11 11 11 11 13 4 4 4 6 6 11 11 11 11 11 11 2 2 2 2 2 2 2 0 2 2 8 8 8 8 8 5 6 8 8 8 8 8 4 5 6 6
5 5 10 10 10 10 7 7 5 5 5 7 7 8 7 7 6 6 6 6 7 7 6 12 12 12 12 8 8 7 7 7 7 9 8 8 9 9 9 9 3 1 4 4 3 3 10 5 5 5 5 5 5 5 5 5 7 7 7 8 8 8 8 8 8 3 3 3 3 8 6 6 6 6 6 6 6 7 7 6 6 6 6 6 6 6 6 6 6 12 12 12 7 8 4 7 7 7 8 8 8 8 8 8 8 8 8 4 4 4 4 4 4 4 6 6 9 9 8 8 8 8 8 2 5 5 5 9 9 9 9 4 4 13 13 6 6 6 6 6 6 6 6 8 8 8 8 11 11 11 11 9 9 9 9 9 11 11 11 11 11 11 13 4 4 4 6 6 11 11 11 11 11 11 2 2 2 2 2 2 2 2 0 2 8 8 8 8 8 5 6 8 8 8 8 8 4 5 6 6
5 5 10 10 10 10 7 7 5 5 5 7 7 8 7 7 6 6 6 6 7 7 6 12 12 12 12 8 8 7 7 7 7 9 8 8 9 9 9 9 3 1 4 4 3 3 10 5 5 5 5 5 5 5 5 5 7 7 7 8 8 8 8 8 8 3 3 3 3 8 6 6 6 6 6 6 6 7 7 6 6 6 6 6 6 6 6 6 6 12 12 12 7 8 4 7 7 7 8 8 8 8 8 8 8 8 8 4 4 4 4 4 4 4 6 6 9 9 8 8 8 8 8 2 5 5 5 9 9 9 9 4 4 13 13 6 6 6 6 6 6 6 6 8 8 8 8 11 11 11 11 9 9 9 9 9 11 11 11 11 11 11 13 4 4 4 6 6 11 11 11 11 11 11 2 2 2 2 2 2 2 2 2 0 8 8 8 8 8 5 6 8 8 8 8 8 4 5 6 6
9 9 3 3 1 8 8 8 9 9 9 8 8 6 9 9 6 6 6 6 7 7 5 5 5 5 5 9 9 7 7 7 7 10 6 6 8 8 8 8 7 7 11 11 12 12 8 5 5 5 5 5 8 8 8 8 3 3 3 10 10 10 10 10 10 7 7 7 7 7 6 6 6 6 6 6 6 5 5 10 10 10 10 10 6 6 6 6 6 5 5 5 8 5 8 12 12 12 4 4 4 4 4 4 4 4 4 6 6 6 6 6 6 6 6 6 8 8 9 9 9 9 9 13 12 12 12 9 9 9 9 8 8 6 6 8 8 8 8 8 8 8 8 9 9 9 9 9 9 9 9 6 6 6 6 6 9 9 9 9 9 9 6 9 9 9 7 7 9 9 9 4 4 4 8 8 8 8 8 8 8 8 8 8 0 2 2 2 2 12 4 8 8 8 8 8 8 9 6 6
9 9 3 3 1 8 8 8 9 9 9 8 8 6 9 9 6 6 6 6 7 7 5 5 5 5 5 9 9 7 7 7 7 10 6 6 8 8 8 8 7 7 11 11 12 12 8 5 5 5 5 5 8 8 8 8 3 3 3 10 10 10 10 10 10 7 7 7 7 7 6 6 6 6 6 6 6 5 5 10 10 10 10 10 6 6 6 6 6 5 5 5 8 5 8 12 12 12 4 4 4 4 4 4 4 4 4 6 6 6 6 6 6 6 6 6 8 8 9 9 9 9 9 13 12 12 12 9 9 9 9 8 8 6 6 8 8 8 8 8 8 8 8 9 9 9 9 9 9 9 9 6 6 6 6 6 9 9 9 9 9 9 6 9 9 9 7 7 9 9 9 4 4 4 8 8 8 8 8 8 8 8 8 8 2 0 2 2 2 12 4 8 8 8 8 8 8 9 6 6
9 9 3 3 1 8 8 8 9 9 9 8 8 6 9 9 6 6 6 6 7 7 5 5 5 5 5 9 9 7 7 7 7 10 6 6 8 8 8 8 7 7 11 11 12 12 8 5 5 5 5 5 8 8 8 8 3 3 3 10 10 10 10 10 10 7 7 7 7 7 6 6 6 6 6 6 6 5 5 10 10 10 10 10 6 6 6 6 6 5 5 5 8 5 8 12 12 12 4 4 4 4 4 4 4 4 4 6 6 6 6 6 6 6 6 6 8 8 9 9 9 9 9 13 12 12 12 9 9 9 9 8 8 6 6 8 8 8 8 8 8 8 8 9 9 9 9 9 9 9 9 6 6 6 6 6 9 9 9 9 9 9 6 9 9 9 7 7 9 9 9 4 4 4 8 8 8 8 8 8 8 8 8 8 2 2 0 2 2 12 4 8 8 8 8 8 8 9 6 6
9 9 3 3 1 8 8 8 9 9 9 8 8 6 9 9 6 6 6 6 7 7 5 5 5 5 5 9 9 7 7 7 7 10 6 6 8 8 8 8 7 7 11 11 12 12 8 5 5 5 5 5 8 8 8 8 3 3 3 10 10 10 10 10 10 7 7 7 7 7 6 6 6 6 6 6 6 5 5 10 10 10 10 10 6 6 6 6 6 5 5 5 8 5 8 12 12 12 4 4 4 4 4 4 4 4 4 6 6 6 6 6 6 6 6 6 8 8 9 9 9 9 9 13 12 12 12 9 9 9 9 8 8 6 6 8 8 8 8 8 8 8 8 9 9 9 9 9 9 9 9 6 6 6 6 6 9 9 9 9 9 9 6 9 9 9 7 7 9 9 9 4 4 4 8 8 8 8 8 8 8 8 8 8 2 2 2 0 2 12 4 8 8 8 8 8 8 9 6 6
9 9 3 3 1 8 8 8 9 9 9 8 8 6 9 9 6 6 6 6 7 7 5 5 5 5 5 9 9 7 7 7 7 10 6 6 8 8 8 8 7 7 11 11 12 12 8 5 5 5 5 5 8 8 8 8 3 3 3 10 10 10 10 10 10 7 7 7 7 7 6 6 6 6 6 6 6 5 5 10 10 10 10 10 6 6 6 6 6 5 5 5 8 5 8 12 12 12 4 4 4 4 4 4 4 4 4 6 6 6 6 6 6 6 6 6 8 8 9 9 9 9 9 13 12 12 12 9 9 9 9 8 8 6 6 8 8 8 8 8 8 8 8 9 9 9 9 9 9 9 9 6 6 6 6 6 9 9 9 9 9 9 6 9 9 9 7 7 9 9 9 4 4 4 8 8 8 8 8 8 8 8 8 8 2 2 2 2 0 12 4 8 8 8 8 8 8 9 6 6
11 11 12 12 12 12 11 11 4 4 4 11 11 11 6 6 11 11 11 11 12 12 5 12 12 12 12 12 12 13 13 13 13 12 12 12 12 12 12 12 11 11 1 3 4 4 12 4 4 4 4 4 4 4 4 4 11 11 11 7 7 7 7 7 7 12 12 12 12 12 5 5 5 5 5 5 5 12 12 5 5 5 5 5 5 5 5 5 5 12 12 12 6 12 5 6 6 6 12 12 12 12 12 12 12 12 12 5 5 5 5 5 5 5 5 5 11 11 12 12 12 12 12 5 4 4 4 11 11 11 11 12 12 13 13 12 12 12 12 12 12 12 12 12 12 12 12 13 13 13 13 12 12 12 12 12 13 13 13 13 13 13 13 5 5 5 12 12 13 13 13 12 12 12 5 5 5 5 5 5 5 5 5 5 12 12 12 12 12 0 5 14 14 14 14 14 11 4 5 5
9 9 6 6 6 8 8 8 5 5 5 7 7 6 7 7 6 6 6 6 7 7 5 5 5 5 5 11 11 7 7 7 7 10 6 6 8 8 8 8 7 7 4 4 5 5 8 5 5 5 5 5 3 3 3 1 3 1 3 8 8 8 8 8 8 7 7 7 7 7 6 6 6 6 6 6 6 5 5 6 6 6 6 6 6 6 6 6 6 5 5 5 7 5 6 7 7 7 4 4 4 4 4 4 4 4 4 6 6 6 6 6 6 6 6 6 11 11 8 8 8 8 8 6 5 5 5 9 9 9 9 8 8 6 6 8 8 8 8 8 8 8 8 8 8 8 8 9 9 9 9 6 6 6 6 6 9 9 9 9 9 9 6 4 4 4 7 7 9 9 9 4 4 4 6 6 6 6 6 6 6 6 6 6 4 4 4 4 4 5 0 8 8 8 8 8 8 5 6 6
11 11 14 14 14 13 11 11 13 13 13 12 12 13 13 13 6 6 6 6 7 7 13 18 18 18 18 10 10 1 3 3 3 11 12 12 11 11 11 11 7 7 13 13 14 14 13 7 7 7 7 7 12 12 12 12 7 7 7 14 14 14 14 14 14 4 4 4 4 13 8 8 8 8 8 8 8 7 7 14 14 14 14 14 8 8 8 8 8 18 18 18 8 12 13 14 14 14 8 8 8 8 8 8 8 8 8 8 8 8 8 8 8 8 7 7 11 11 11 11 11 11 11 15 14 14 14 11 11 11 11 8 8 19 19 8 8 8 8 8 8 8 8 11 11 11 11 14 14 14 14 14 14 14 14 14 14 14 14 14 14 14 19 13 13 13 7 7 14 14 14 14 14 14 8 8 8 8 8 8 8 8 8 8 8 8 8 8 8 14 8 0 2 2 2 2 8 14 8 8
11 11 14 14 14 13 11 11 13 13 13 12 12 13 13 13 6 6 6 6 7 7 13 18 18 18 18 10 10 1 3 3 3 11 12 12 11 11 11 11 7 7 13 13 14 14 13 7 7 7 7 7 12 12 12 12 7 7 7 14 14 14 14 14 14 4 4 4 4 13 8 8 8 8 8 8 8 7 7 14 14 14 14 14 8 8 8 8 8 18 18 18 8 12 13 14 14 14 8 8 8 8 8 8 8 8 8 8 8 8 8 8 8 8 7 7 11 11 11 11 11 11 11 15 14 14 14 11 11 11 11 8 8 19 19 8 8 8 8 8 8 8 8 11 11 11 11 14 14 14 14 14 14 14 14 14 14 14 14 14 14 14 19 13 13 13 7 7 14 14 14 14 14 14 8 8 8 8 8 8 8 8 8 8 8 8 8 8 8 14 8 2 0 2 2 2 8 14 8 8
11 11 14 14 14 13 11 11 13 13 13 12 12 13 13 13 6 6 6 6 7 7 13 18 18 18 18 10 10 1 3 3 3 11 12 12 11 11 11 11 7 7 13 13 14 14 13 7 7 7 7 7 12 12 12 12 7 7 7 14 14 14 14 14 14 4 4 4 4 13 8 8 8 8 8 8 8 7 7 14 14 14 14 14 8 8 8 8 8 18 18 18 8 12 13 14 14 14 8 8 8 8 8 8 8 8 8 8 8 8 8 8 8 8 7 7 11 11 11 11 11 11 11 15 14 14 14 11 11 11 11 8 8 19 19 8 8 8 8 8 8 8 8 11 11 11 11 14 14 14 14 14 14 14 14 14 14 14 14 14 14 14 19 13 13 13 7 7 14 14 14 14 14 14 8 8 8 8 8 8 8 8 8 8 8 8 8 8 8 14 8 2 2 0 2 2 8 14 8 8
11 11 14 14 14 13 11 11 13 13 13 12 12 13 13 13 6 6 6 6 7 7 13 18 18 18 18 10 10 1 3 3 3 11 12 12 11 11 11 11 7 7 13 13 14 14 13 7 7 7 7 7 12 12 12 12 7 7 7 14 14 14 14 14 14 4 4 4 4 13 8 8 8 8 8 8 8 7 7 14 14 14 14 14 8 8 8 8 8 18 18 18 8 12 13 14 14 14 8 8 8 8 8 8 8 8 8 8 8 8 8 8 8 8 7 7 11 11 11 11 11 11 11 15 14 14 14 11 11 11 11 8 8 19 19 8 8 8 8 8 8 8 8 11 11 11 11 14 14 14 14 14 14 14 14 14 14 14 14 14 14 14 19 13 13 13 7 7 14 14 14 14 14 14 8 8 8 8 8 8 8 8 8 8 8 8 8 8 8 14 8 2 2 2 0 2 8 14 8 8
11 11 14 14 14 13 11 11 13 13 13 12 12 13 13 13 6 6 6 6 7 7 13 18 18 18 18 10 10 1 3 3 3 11 12 12 11 11 11 11 7 7 13 13 14 14 13 7 7 7 7 7 12 12 12 12 7 7 7 14 14 14 14 14 14 4 4 4 4 13 8 8 8 8 8 8 8 7 7 14 14 14 14 14 8 8 8 8 8 18 18 18 8 12 13 14 14 14 8 8 8 8 8 8 8 8 8 8 8 8 8 8 8 8 7 7 11 11 11 11 11 11 11 15 14 14 14 11 11 11 11 8 8 19 19 8 8 8 8 8 8 8 8 11 11 11 11 14 14 14 14 14 14 14 14 14 14 14 14 14 14 14 19 13 13 13 7 7 14 14 14 14 14 14 8 8 8 8 8 8 8 8 8 8 8 8 8 8 8 14 8 2 2 2 2 0 8 14 8 8
4 4 9 9 9 10 7 7 9 9 9 7 7 8 10 10 6 6 6 6 7 7 10 11 11 11 11 3 3 7 7 7 7 8 7 7 8 8 8 8 1 3 10 10 11 11 10 7 7 7 7 7 9 9 9 9 7 7 7 11 11 11 11 11 11 3 3 3 3 8 8 8 8 8 8 8 8 7 7 10 10 10 10 10 8 8 8 8 8 11 11 11 8 8 6 11 11 11 8 8 8 8 8 8 8 8 8 4 4 4 4 4 4 4 7 7 6 6 4 4 4 4 4 12 11 11 11 2 2 2 2 4 4 12 12 5 5 5 5 5 5 5 5 4 4 4 4 11 11 11 11 9 9 9 9 9 11 11 11 11 11 11 12 10 10 10 5 5 11 11 11 9 9 9 4 4 4 4 4 4 4 4 4 4 8 8 8 8 8 11 8 8 8 8 8 8 0 11 8 8
10 10 8 8 8 3 10 10 4 4 4 10 10 11 6 6 11 11 11 11 11 11 5 12 12 12 12 10 10 13 13 13 13 9 7 7 5 5 5 5 10 10 3 3 4 4 5 4 4 4 4 4 4 4 4 4 8 8 8 7 7 7 7 7 7 11 11 11 11 8 5 5 5 5 5 5 5 8 8 5 5 5 5 5 5 5 5 5 5 12 12 12 6 11 5 6 6 6 9 9 9 9 9 9 9 9 9 5 5 5 5 5 5 5 5 5 11 11 11 11 11 11 11 5 4 4 4 11 11 11 11 11 11 13 13 11 11 11 11 11 11 11 11 11 11 11 11 4 4 4 4 12 12 12 12 12 4 4 4 4 4 4 13 5 5 5 11 11 6 6 6 6 6 6 5 5 5 5 5 5 5 5 5 5 9 9 9 9 9 4 5 14 14 14 14 14 11 0 5 5
11 11 9 9 9 8 8 8 5 5 5 11 11 6 7 7 6 6 6 6 7 7 5 5 5 5 5 11 11 7 7 7 7 10 6 6 8 8 8 8 7 7 4 4 5 5 8 3 1 3 3 3 5 5 5 5 5 5 5 8 8 8 8 8 8 7 7 7 7 7 4 4 4 4 4 4 4 5 5 6 6 6 6 6 4 4 4 4 4 5 5 5 7 5 6 7 7 7 6 6 6 6 6 6 6 6 6 4 4 4 4 4 4 4 4 4 12 12 12 12 12 12 12 6 5 5 5 12 12 12 12 8 8 6 6 8 8 8 8 8 8 8 8 12 12 12 12 9 9 9 9 6 6 6 6 6 9 9 9 9 9 9 6 6 6 6 7 7 9 9 9 9 9 9 6 6 6 6 6 6 6 6 6 6 6 6 6 6 6 5 6 8 8 8 8 8 8 5 0 2
11 11 9 9 9 8 8 8 5 5 5 11 11 6 7 7 6 6 6 6 7 7 5 5 5 5 5 11 11 7 7 7 7 10 6 6 8 8 8 8 7 7 4 4 5 5 8 3 1 3 3 3 5 5 5 5 5 5 5 8 8 8 8 8 8 7 7 7 7 7 4 4 4 4 4 4 4 5 5 6 6 6 6 6 4 4 4 4 4 5 5 5 7 5 6 7 7 7 6 6 6 6 6 6 6 6 6 4 4 4 4 4 4 4 4 4 12 12 12 12 12 12 12 6 5 5 5 12 12 12 12 8 8 6 6 8 8 8 8 8 8 8 8 12 12 12 12 9 9 9 9 6 6 6 6 6 9 9 9 9 9 9 6 6 6 6 7 7 9 9 9 9 9 9 6 6 6 6 6 6 6 6 6 6 6 6 6 6 6 5 6 8 8 8 8 8 8 5 2 0
