0 2 2 5 9 2 2 2 2 10 10 10 3 3 3 3 3 3 3 3 3 3 3 3 4 4 4
2 0 2 5 9 2 2 2 2 10 10 10 3 3 3 3 3 3 3 3 3 3 3 3 4 4 4
2 2 0 5 9 2 2 2 2 10 10 10 3 3 3 3 3 3 3 3 3 3 3 3 4 4 4
5 5 5 0 6 -1 -1 -1 -1 6 6 6 3 3 -1 -1 -1 -1 -1 -1 -1 7 7 7 1 1 1
9 9 9 6 0 -1 -1 -1 -1 2 2 2 7 7 3 3 3 3 3 3 -1 3 3 3 7 7 7
2 2 2 -1 -1 0 2 2 2 -1 -1 -1 3 3 3 3 3 3 3 3 3 3 3 3 4 4 4
2 2 2 -1 -1 2 0 2 2 -1 -1 -1 3 3 1 1 1 1 1 1 3 3 3 3 4 4 4
2 2 2 -1 -1 2 2 0 2 -1 -1 -1 3 3 3 3 3 3 3 3 3 3 3 3 4 4 4
2 2 2 -1 -1 2 2 2 0 -1 -1 -1 1 1 3 3 3 3 3 3 1 3 3 3 4 4 4
10 10 10 6 2 -1 -1 -1 -1 0 2 2 7 7 4 4 4 4 4 4 -1 3 3 3 7 7 7
10 10 10 6 2 -1 -1 -1 -1 2 0 2 7 7 4 4 4 4 4 4 -1 3 3 3 7 7 7
10 10 10 6 2 -1 -1 -1 -1 2 2 0 7 7 4 4 4 4 4 4 -1 3 3 3 7 7 7
3 3 3 3 7 3 3 3 1 7 7 7 0 2 4 4 4 4 4 4 2 4 4 4 4 4 4
3 3 3 3 7 3 3 3 1 7 7 7 2 0 4 4 4 4 4 4 2 4 4 4 4 4 4
3 3 3 -1 3 3 1 3 3 4 4 4 4 4 0 2 2 2 2 2 4 4 4 4 5 5 5
3 3 3 -1 3 3 1 3 3 4 4 4 4 4 2 0 2 2 2 2 4 4 4 4 5 5 5
3 3 3 -1 3 3 1 3 3 4 4 4 4 4 2 2 0 2 2 2 4 4 4 4 5 5 5
3 3 3 -1 3 3 1 3 3 4 4 4 4 4 2 2 2 0 2 2 4 4 4 4 5 5 5
3 3 3 -1 3 3 1 3 3 4 4 4 4 4 2 2 2 2 0 2 4 4 4 4 5 5 5
3 3 3 -1 3 3 1 3 3 4 4 4 4 4 2 2 2 2 2 0 4 4 4 4 5 5 5
3 3 3 -1 -1 3 3 3 1 -1 -1 -1 2 2 4 4 4 4 4 4 0 4 4 4 4 4 4
3 3 3 7 3 3 3 3 3 3 3 3 4 4 4 4 4 4 4 4 4 0 2 2 5 5 5
3 3 3 7 3 3 3 3 3 3 3 3 4 4 4 4 4 4 4 4 4 2 0 2 5 5 5
3 3 3 7 3 3 3 3 3 3 3 3 4 4 4 4 4 4 4 4 4 2 2 0 5 5 5
4 4 4 1 7 4 4 4 4 7 7 7 4 4 5 5 5 5 5 5 4 5 5 5 0 2 2
4 4 4 1 7 4 4 4 4 7 7 7 4 4 5 5 5 5 5 5 4 5 5 5 2 0 2
4 4 4 1 7 4 4 4 4 7 7 7 4 4 5 5 5 5 5 5 4 5 5 5 2 2 0
