0 2 2 2 4 8 8 3 3 3 3 4 4 4 8 8 -1
2 0 2 2 4 8 8 3 3 3 3 4 4 4 8 8 -1
2 2 0 2 4 8 8 3 3 3 3 4 4 4 8 8 -1
2 2 2 0 4 8 8 3 3 3 3 4 4 4 8 8 -1
4 4 4 4 0 4 4 5 5 5 5 4 5 5 4 4 -1
8 8 8 8 4 0 2 9 9 9 9 4 9 9 4 4 -1
8 8 8 8 4 2 0 9 9 9 9 4 9 9 4 4 -1
3 3 3 3 5 9 9 0 2 2 2 5 4 4 4 4 -1
3 3 3 3 5 9 9 2 0 2 2 5 4 4 4 4 -1
3 3 3 3 5 9 9 2 2 0 2 5 4 4 4 4 -1
3 3 3 3 5 9 9 2 2 2 0 5 4 4 4 4 -1
4 4 4 4 4 4 4 5 5 5 5 0 5 5 4 4 -1
4 4 4 4 5 9 9 4 4 4 4 5 0 2 4 4 -1
4 4 4 4 5 9 9 4 4 4 4 5 2 0 4 4 -1
8 8 8 8 4 4 4 4 4 4 4 4 4 4 0 2 -1
8 8 8 8 4 4 4 4 4 4 4 4 4 4 2 0 -1
-1 -1 -1 -1 -1 -1 -1 -1 -1 -1 -1 -1 -1 -1 -1 -1 0
