0 2 6 5 -1 4 5 5 5 5 5 5 4 4 3 3
2 0 6 5 -1 4 5 5 5 5 5 5 4 4 1 1
6 6 0 5 5 5 3 3 3 3 3 3 6 6 1 1
5 5 5 0 2 5 6 6 6 6 6 6 5 5 6 6
-1 -1 5 2 0 4 6 6 6 6 6 6 -1 -1 6 6
4 4 5 5 4 0 6 6 6 6 6 6 4 4 5 5
5 5 3 6 6 6 0 2 2 2 2 2 7 7 4 4
5 5 3 6 6 6 2 0 2 2 2 2 7 7 4 4
5 5 3 6 6 6 2 2 0 2 2 2 7 7 4 4
5 5 3 6 6 6 2 2 2 0 2 2 7 7 4 4
5 5 3 6 6 6 2 2 2 2 0 2 7 7 4 4
5 5 3 6 6 6 2 2 2 2 2 0 7 7 4 4
4 4 6 5 -1 4 7 7 7 7 7 7 0 2 5 5
4 4 6 5 -1 4 7 7 7 7 7 7 2 0 5 5
3 1 1 6 6 5 4 4 4 4 4 4 5 5 0 2
3 1 1 6 6 5 4 4 4 4 4 4 5 5 2 0
