0 2 2 2 7 6 6 6 6 -1 -1 -1 7 7 3 3 3 3 3 3 3 3 1 1 7 7
2 0 2 2 7 6 6 6 6 -1 -1 -1 7 7 3 3 3 3 3 3 3 3 3 3 7 7
2 2 0 2 7 6 6 6 6 -1 -1 -1 7 7 3 1 1 1 1 1 1 1 3 3 7 7
2 2 2 0 7 6 6 6 6 -1 -1 -1 7 7 1 3 3 3 3 3 3 3 3 3 7 7
7 7 7 7 0 -1 -1 -1 -1 -1 -1 -1 -1 -1 1 2 2 2 2 2 2 2 8 8 -1 -1
6 6 6 6 -1 0 2 2 2 -1 -1 -1 1 1 7 7 7 7 7 7 7 7 7 7 -1 -1
6 6 6 6 -1 2 0 2 2 -1 -1 -1 3 3 7 7 7 7 7 7 7 7 7 7 -1 -1
6 6 6 6 -1 2 2 0 2 -1 -1 -1 3 3 7 7 7 7 7 7 7 7 7 7 -1 -1
6 6 6 6 -1 2 2 2 0 -1 -1 -1 3 3 7 7 7 7 7 7 7 7 7 7 -1 -1
-1 -1 -1 -1 -1 -1 -1 -1 -1 0 2 2 -1 -1 -1 -1 -1 -1 -1 -1 -1 -1 3 3 3 3
-1 -1 -1 -1 -1 -1 -1 -1 -1 2 0 2 -1 -1 -1 -1 -1 -1 -1 -1 -1 -1 3 3 3 3
-1 -1 -1 -1 -1 -1 -1 -1 -1 2 2 0 -1 -1 -1 -1 -1 -1 -1 -1 -1 -1 3 3 3 3
7 7 7 7 -1 1 3 3 3 -1 -1 -1 0 2 8 8 8 8 8 8 8 8 8 8 -1 -1
7 7 7 7 -1 1 3 3 3 -1 -1 -1 2 0 8 8 8 8 8 8 8 8 8 8 -1 -1
3 3 3 1 1 7 7 7 7 -1 -1 -1 8 8 0 3 3 3 3 3 3 3 4 4 8 8
3 3 1 3 2 7 7 7 7 -1 -1 -1 8 8 3 0 2 2 2 2 2 2 4 4 8 8
3 3 1 3 2 7 7 7 7 -1 -1 -1 8 8 3 2 0 2 2 2 2 2 4 4 8 8
3 3 1 3 2 7 7 7 7 -1 -1 -1 8 8 3 2 2 0 2 2 2 2 4 4 8 8
3 3 1 3 2 7 7 7 7 -1 -1 -1 8 8 3 2 2 2 0 2 2 2 4 4 8 8
3 3 1 3 2 7 7 7 7 -1 -1 -1 8 8 3 2 2 2 2 0 2 2 4 4 8 8
3 3 1 3 2 7 7 7 7 -1 -1 -1 8 8 3 2 2 2 2 2 0 2 4 4 8 8
3 3 1 3 2 7 7 7 7 -1 -1 -1 8 8 3 2 2 2 2 2 2 0 4 4 8 8
1 3 3 3 8 7 7 7 7 3 3 3 8 8 4 4 4 4 4 4 4 4 0 2 4 4
1 3 3 3 8 7 7 7 7 3 3 3 8 8 4 4 4 4 4 4 4 4 2 0 4 4
7 7 7 7 -1 -1 -1 -1 -1 3 3 3 -1 -1 8 8 8 8 8 8 8 8 4 4 0 2
7 7 7 7 -1 -1 -1 -1 -1 3 3 3 -1 -1 8 8 8 8 8 8 8 8 4 4 2 0
