0 2 2 6 6 4 4 9 3 3 3 3 3 5 5 5 5 5 5 5
2 0 2 6 6 4 4 9 3 3 3 3 3 5 5 5 5 5 5 5
2 2 0 6 6 4 4 9 3 3 3 3 3 5 5 5 5 5 5 5
6 6 6 0 8 9 9 9 7 7 7 7 7 10 10 10 10 10 10 10
6 6 6 8 0 6 6 6 7 7 7 7 7 7 7 7 7 7 7 7
4 4 4 9 6 0 2 6 5 5 5 5 5 3 3 3 3 3 3 3
4 4 4 9 6 2 0 6 5 5 5 5 5 3 3 3 3 3 3 3
9 9 9 9 6 6 6 0 10 10 10 10 10 1 1 1 1 1 1 1
3 3 3 7 7 5 5 10 0 2 2 2 2 6 6 6 6 6 6 6
3 3 3 7 7 5 5 10 2 0 2 2 2 6 6 6 6 6 6 6
3 3 3 7 7 5 5 10 2 2 0 2 2 6 6 6 6 6 6 6
3 3 3 7 7 5 5 10 2 2 2 0 2 6 6 6 6 6 6 6
3 3 3 7 7 5 5 10 2 2 2 2 0 6 6 6 6 6 6 6
5 5 5 10 7 3 3 1 6 6 6 6 6 0 2 2 2 2 2 2
5 5 5 10 7 3 3 1 6 6 6 6 6 2 0 2 2 2 2 2
5 5 5 10 7 3 3 1 6 6 6 6 6 2 2 0 2 2 2 2
5 5 5 10 7 3 3 1 6 6 6 6 6 2 2 2 0 2 2 2
5 5 5 10 7 3 3 1 6 6 6 6 6 2 2 2 2 0 2 2
5 5 5 10 7 3 3 1 6 6 6 6 6 2 2 2 2 2 0 2
5 5 5 10 7 3 3 1 6 6 6 6 6 2 2 2 2 2 2 0
