0 4 5 5 5 5 5 2 2 5 2 2 2 6 6 6 6 3 3 3 3 2 6 6 6 6
4 0 5 5 5 5 5 6 6 5 4 4 4 6 6 6 6 6 6 6 6 6 6 6 6 6
5 5 0 2 2 2 2 5 5 4 3 3 3 1 1 1 1 3 3 3 3 3 5 5 5 5
5 5 2 0 2 2 2 5 5 4 1 1 1 3 3 3 3 3 3 3 3 3 5 5 5 5
5 5 2 2 0 2 2 5 5 4 3 3 3 3 3 3 3 3 3 3 3 1 5 5 5 5
5 5 2 2 2 0 2 5 5 4 3 3 3 3 3 3 3 3 3 3 3 3 5 5 5 5
5 5 2 2 2 2 0 5 5 4 3 3 3 3 3 3 3 1 1 1 1 3 5 5 5 5
2 6 5 5 5 5 5 0 2 5 6 6 6 6 6 6 6 1 1 1 1 2 6 6 6 6
2 6 5 5 5 5 5 2 0 5 6 6 6 6 6 6 6 3 3 3 3 2 6 6 6 6
5 5 4 4 4 4 4 5 5 0 5 5 5 5 5 5 5 5 5 5 5 5 3 3 3 3
2 4 3 1 3 3 3 6 6 5 0 2 2 4 4 4 4 4 4 4 4 4 6 6 6 6
2 4 3 1 3 3 3 6 6 5 2 0 2 4 4 4 4 4 4 4 4 4 6 6 6 6
2 4 3 1 3 3 3 6 6 5 2 2 0 4 4 4 4 4 4 4 4 4 6 6 6 6
6 6 1 3 3 3 3 6 6 5 4 4 4 0 2 2 2 4 4 4 4 4 6 6 6 6
6 6 1 3 3 3 3 6 6 5 4 4 4 2 0 2 2 4 4 4 4 4 6 6 6 6
6 6 1 3 3 3 3 6 6 5 4 4 4 2 2 0 2 4 4 4 4 4 6 6 6 6
6 6 1 3 3 3 3 6 6 5 4 4 4 2 2 2 0 4 4 4 4 4 6 6 6 6
3 6 3 3 3 3 1 1 3 5 4 4 4 4 4 4 4 0 2 2 2 3 6 6 6 6
3 6 3 3 3 3 1 1 3 5 4 4 4 4 4 4 4 2 0 2 2 3 6 6 6 6
3 6 3 3 3 3 1 1 3 5 4 4 4 4 4 4 4 2 2 0 2 3 6 6 6 6
3 6 3 3 3 3 1 1 3 5 4 4 4 4 4 4 4 2 2 2 0 3 6 6 6 6
2 6 3 3 1 3 3 2 2 5 4 4 4 4 4 4 4 3 3 3 3 0 6 6 6 6
6 6 5 5 5 5 5 6 6 3 6 6 6 6 6 6 6 6 6 6 6 6 0 2 2 2
6 6 5 5 5 5 5 6 6 3 6 6 6 6 6 6 6 6 6 6 6 6 2 0 2 2
6 6 5 5 5 5 5 6 6 3 6 6 6 6 6 6 6 6 6 6 6 6 2 2 0 2
6 6 5 5 5 5 5 6 6 3 6 6 6 6 6 6 6 6 6 6 6 6 2 2 2 0
