0 -1 -1 -1 -1 -1 -1 4 -1 -1 -1 -1 -1 -1 -1 -1 -1 -1 -1 -1 -1 -1 -1 -1 -1 -1 -1 -1
-1 0 2 2 2 2 6 -1 3 3 3 3 3 7 7 7 3 3 3 3 3 3 3 3 3 3 3 3
-1 2 0 2 2 2 6 -1 3 3 3 3 3 7 7 7 3 3 3 3 3 1 1 1 1 1 1 1
-1 2 2 0 2 2 6 -1 3 3 3 3 1 7 7 7 3 3 3 3 3 3 3 3 3 3 3 3
-1 2 2 2 0 2 6 -1 3 3 3 3 3 7 7 7 1 1 1 1 1 3 3 3 3 3 3 3
-1 2 2 2 2 0 6 -1 3 3 3 3 3 7 7 7 3 3 3 3 3 3 3 3 3 3 3 3
-1 6 6 6 6 6 0 -1 7 7 7 7 7 -1 -1 -1 7 7 7 7 7 6 6 6 6 6 6 6
4 -1 -1 -1 -1 -1 -1 0 -1 -1 -1 -1 -1 -1 -1 -1 -1 -1 -1 -1 -1 5 5 5 5 5 5 5
-1 3 3 3 3 3 7 -1 0 2 2 2 4 2 2 2 4 4 4 4 4 4 4 4 4 4 4 4
-1 3 3 3 3 3 7 -1 2 0 2 2 4 2 2 2 4 4 4 4 4 4 4 4 4 4 4 4
-1 3 3 3 3 3 7 -1 2 2 0 2 4 2 2 2 4 4 4 4 4 4 4 4 4 4 4 4
-1 3 3 3 3 3 7 -1 2 2 2 0 4 2 2 2 4 4 4 4 4 4 4 4 4 4 4 4
-1 3 3 1 3 3 7 -1 4 4 4 4 0 4 4 4 4 4 4 4 4 4 4 4 4 4 4 4
-1 7 7 7 7 7 -1 -1 2 2 2 2 4 0 2 2 7 7 7 7 7 8 8 8 8 8 8 8
-1 7 7 7 7 7 -1 -1 2 2 2 2 4 2 0 2 7 7 7 7 7 8 8 8 8 8 8 8
-1 7 7 7 7 7 -1 -1 2 2 2 2 4 2 2 0 7 7 7 7 7 8 8 8 8 8 8 8
-1 3 3 3 1 3 7 -1 4 4 4 4 4 7 7 7 0 2 2 2 2 4 4 4 4 4 4 4
-1 3 3 3 1 3 7 -1 4 4 4 4 4 7 7 7 2 0 2 2 2 4 4 4 4 4 4 4
-1 3 3 3 1 3 7 -1 4 4 4 4 4 7 7 7 2 2 0 2 2 4 4 4 4 4 4 4
-1 3 3 3 1 3 7 -1 4 4 4 4 4 7 7 7 2 2 2 0 2 4 4 4 4 4 4 4
-1 3 3 3 1 3 7 -1 4 4 4 4 4 7 7 7 2 2 2 2 0 4 4 4 4 4 4 4
-1 3 1 3 3 3 6 5 4 4 4 4 4 8 8 8 4 4 4 4 4 0 2 2 2 2 2 2
-1 3 1 3 3 3 6 5 4 4 4 4 4 8 8 8 4 4 4 4 4 2 0 2 2 2 2 2
-1 3 1 3 3 3 6 5 4 4 4 4 4 8 8 8 4 4 4 4 4 2 2 0 2 2 2 2
-1 3 1 3 3 3 6 5 4 4 4 4 4 8 8 8 4 4 4 4 4 2 2 2 0 2 2 2
-1 3 1 3 3 3 6 5 4 4 4 4 4 8 8 8 4 4 4 4 4 2 2 2 2 0 2 2
-1 3 1 3 3 3 6 5 4 4 4 4 4 8 8 8 4 4 4 4 4 2 2 2 2 2 0 2
-1 3 1 3 3 3 6 5 4 4 4 4 4 8 8 8 4 4 4 4 4 2 2 2 2 2 2 0
