0 2 2 2 4 5 5 5 5 3 6 6 3 3 3 3 3 3
2 0 2 2 4 5 5 5 5 3 6 6 1 3 3 3 3 3
2 2 0 2 4 5 5 5 5 3 6 6 3 3 3 3 3 3
2 2 2 0 4 5 5 5 5 3 6 6 3 3 3 1 1 3
4 4 4 4 0 5 5 5 5 4 6 6 5 5 5 5 5 5
5 5 5 5 5 0 2 2 2 5 1 1 6 5 5 3 3 3
5 5 5 5 5 2 0 2 2 5 3 3 6 5 5 1 1 3
5 5 5 5 5 2 2 0 2 5 3 3 6 5 5 3 3 3
5 5 5 5 5 2 2 2 0 5 3 3 6 5 5 3 3 1
3 3 3 3 4 5 5 5 5 0 6 6 4 4 4 4 4 4
6 6 6 6 6 1 3 3 3 6 0 2 4 6 6 4 4 4
6 6 6 6 6 1 3 3 3 6 2 0 4 6 6 4 4 4
3 1 3 3 5 6 6 6 6 4 4 4 0 4 4 4 4 4
3 3 3 3 5 5 5 5 5 4 6 6 4 0 2 4 4 4
3 3 3 3 5 5 5 5 5 4 6 6 4 2 0 4 4 4
3 3 3 1 5 3 1 3 3 4 4 4 4 4 4 0 2 4
3 3 3 1 5 3 1 3 3 4 4 4 4 4 4 2 0 4
3 3 3 3 5 3 3 3 1 4 4 4 4 4 4 4 4 0
